x	y
30	1.6636
29.99	1.66361
29.98	1.66362
29.97	1.66362
29.96	1.66363
29.95	1.66364
29.94	1.66364
29.93	1.66365
29.92	1.66366
29.91	1.66366
29.9	1.66367
29.89	1.66368
29.88	1.66368
29.87	1.66369
29.86	1.6637
29.85	1.6637
29.84	1.66371
29.83	1.66371
29.82	1.66372
29.81	1.66373
29.8	1.66373
29.79	1.66374
29.78	1.66375
29.77	1.66375
29.76	1.66376
29.75	1.66377
29.74	1.66377
29.73	1.66378
29.72	1.66379
29.71	1.66379
29.7	1.6638
29.69	1.66381
29.68	1.66381
29.67	1.66382
29.66	1.66383
29.65	1.66383
29.64	1.66384
29.63	1.66385
29.62	1.66385
29.61	1.66386
29.6	1.66387
29.59	1.66387
29.58	1.66388
29.57	1.66389
29.56	1.66389
29.55	1.6639
29.54	1.66391
29.53	1.66392
29.52	1.66392
29.51	1.66393
29.5	1.66394
29.49	1.66394
29.48	1.66395
29.47	1.66396
29.46	1.66396
29.45	1.66397
29.44	1.66398
29.43	1.66398
29.42	1.66399
29.41	1.664
29.4	1.664
29.39	1.66401
29.38	1.66402
29.37	1.66402
29.36	1.66403
29.35	1.66404
29.34	1.66404
29.33	1.66405
29.32	1.66406
29.31	1.66406
29.3	1.66407
29.29	1.66408
29.28	1.66408
29.27	1.66409
29.26	1.6641
29.25	1.66411
29.24	1.66411
29.23	1.66412
29.22	1.66413
29.21	1.66413
29.2	1.66414
29.19	1.66415
29.18	1.66415
29.17	1.66416
29.16	1.66417
29.15	1.66417
29.14	1.66418
29.13	1.66419
29.12	1.6642
29.11	1.6642
29.1	1.66421
29.09	1.66422
29.08	1.66422
29.07	1.66423
29.06	1.66424
29.05	1.66424
29.04	1.66425
29.03	1.66426
29.02	1.66426
29.01	1.66427
29	1.66428
28.99	1.66429
28.98	1.66429
28.97	1.6643
28.96	1.66431
28.95	1.66431
28.94	1.66432
28.93	1.66433
28.92	1.66433
28.91	1.66434
28.9	1.66435
28.89	1.66436
28.88	1.66436
28.87	1.66437
28.86	1.66438
28.85	1.66438
28.84	1.66439
28.83	1.6644
28.82	1.66441
28.81	1.66441
28.8	1.66442
28.79	1.66443
28.78	1.66443
28.77	1.66444
28.76	1.66445
28.75	1.66446
28.74	1.66446
28.73	1.66447
28.72	1.66448
28.71	1.66448
28.7	1.66449
28.69	1.6645
28.68	1.6645
28.67	1.66451
28.66	1.66452
28.65	1.66453
28.64	1.66453
28.63	1.66454
28.62	1.66455
28.61	1.66456
28.6	1.66456
28.59	1.66457
28.58	1.66458
28.57	1.66458
28.56	1.66459
28.55	1.6646
28.54	1.66461
28.53	1.66461
28.52	1.66462
28.51	1.66463
28.5	1.66463
28.49	1.66464
28.48	1.66465
28.47	1.66466
28.46	1.66466
28.45	1.66467
28.44	1.66468
28.43	1.66469
28.42	1.66469
28.41	1.6647
28.4	1.66471
28.39	1.66471
28.38	1.66472
28.37	1.66473
28.36	1.66474
28.35	1.66474
28.34	1.66475
28.33	1.66476
28.32	1.66477
28.31	1.66477
28.3	1.66478
28.29	1.66479
28.28	1.66479
28.27	1.6648
28.26	1.66481
28.25	1.66482
28.24	1.66482
28.23	1.66483
28.22	1.66484
28.21	1.66485
28.2	1.66485
28.19	1.66486
28.18	1.66487
28.17	1.66488
28.16	1.66488
28.15	1.66489
28.14	1.6649
28.13	1.66491
28.12	1.66491
28.11	1.66492
28.1	1.66493
28.09	1.66494
28.08	1.66494
28.07	1.66495
28.06	1.66496
28.05	1.66497
28.04	1.66497
28.03	1.66498
28.02	1.66499
28.01	1.665
28	1.665
27.99	1.66501
27.98	1.66502
27.97	1.66503
27.96	1.66503
27.95	1.66504
27.94	1.66505
27.93	1.66506
27.92	1.66506
27.91	1.66507
27.9	1.66508
27.89	1.66509
27.88	1.66509
27.87	1.6651
27.86	1.66511
27.85	1.66512
27.84	1.66512
27.83	1.66513
27.82	1.66514
27.81	1.66515
27.8	1.66515
27.79	1.66516
27.78	1.66517
27.77	1.66518
27.76	1.66518
27.75	1.66519
27.74	1.6652
27.73	1.66521
27.72	1.66522
27.71	1.66522
27.7	1.66523
27.69	1.66524
27.68	1.66525
27.67	1.66525
27.66	1.66526
27.65	1.66527
27.64	1.66528
27.63	1.66528
27.62	1.66529
27.61	1.6653
27.6	1.66531
27.59	1.66532
27.58	1.66532
27.57	1.66533
27.56	1.66534
27.55	1.66535
27.54	1.66535
27.53	1.66536
27.52	1.66537
27.51	1.66538
27.5	1.66539
27.49	1.66539
27.48	1.6654
27.47	1.66541
27.46	1.66542
27.45	1.66542
27.44	1.66543
27.43	1.66544
27.42	1.66545
27.41	1.66546
27.4	1.66546
27.39	1.66547
27.38	1.66548
27.37	1.66549
27.36	1.66549
27.35	1.6655
27.34	1.66551
27.33	1.66552
27.32	1.66553
27.31	1.66553
27.3	1.66554
27.29	1.66555
27.28	1.66556
27.27	1.66557
27.26	1.66557
27.25	1.66558
27.24	1.66559
27.23	1.6656
27.22	1.66561
27.21	1.66561
27.2	1.66562
27.19	1.66563
27.18	1.66564
27.17	1.66565
27.16	1.66565
27.15	1.66566
27.14	1.66567
27.13	1.66568
27.12	1.66568
27.11	1.66569
27.1	1.6657
27.09	1.66571
27.08	1.66572
27.07	1.66572
27.06	1.66573
27.05	1.66574
27.04	1.66575
27.03	1.66576
27.02	1.66577
27.01	1.66577
27	1.66578
26.99	1.66579
26.98	1.6658
26.97	1.66581
26.96	1.66581
26.95	1.66582
26.94	1.66583
26.93	1.66584
26.92	1.66585
26.91	1.66585
26.9	1.66586
26.89	1.66587
26.88	1.66588
26.87	1.66589
26.86	1.6659
26.85	1.6659
26.84	1.66591
26.83	1.66592
26.82	1.66593
26.81	1.66594
26.8	1.66594
26.79	1.66595
26.78	1.66596
26.77	1.66597
26.76	1.66598
26.75	1.66599
26.74	1.66599
26.73	1.666
26.72	1.66601
26.71	1.66602
26.7	1.66603
26.69	1.66603
26.68	1.66604
26.67	1.66605
26.66	1.66606
26.65	1.66607
26.64	1.66608
26.63	1.66608
26.62	1.66609
26.61	1.6661
26.6	1.66611
26.59	1.66612
26.58	1.66613
26.57	1.66613
26.56	1.66614
26.55	1.66615
26.54	1.66616
26.53	1.66617
26.52	1.66618
26.51	1.66618
26.5	1.66619
26.49	1.6662
26.48	1.66621
26.47	1.66622
26.46	1.66623
26.45	1.66623
26.44	1.66624
26.43	1.66625
26.42	1.66626
26.41	1.66627
26.4	1.66628
26.39	1.66629
26.38	1.66629
26.37	1.6663
26.36	1.66631
26.35	1.66632
26.34	1.66633
26.33	1.66634
26.32	1.66634
26.31	1.66635
26.3	1.66636
26.29	1.66637
26.28	1.66638
26.27	1.66639
26.26	1.6664
26.25	1.6664
26.24	1.66641
26.23	1.66642
26.22	1.66643
26.21	1.66644
26.2	1.66645
26.19	1.66646
26.18	1.66646
26.17	1.66647
26.16	1.66648
26.15	1.66649
26.14	1.6665
26.13	1.66651
26.12	1.66652
26.11	1.66653
26.1	1.66653
26.09	1.66654
26.08	1.66655
26.07	1.66656
26.06	1.66657
26.05	1.66658
26.04	1.66659
26.03	1.66659
26.02	1.6666
26.01	1.66661
26	1.66662
25.99	1.66663
25.98	1.66664
25.97	1.66665
25.96	1.66666
25.95	1.66666
25.94	1.66667
25.93	1.66668
25.92	1.66669
25.91	1.6667
25.9	1.66671
25.89	1.66672
25.88	1.66673
25.87	1.66673
25.86	1.66674
25.85	1.66675
25.84	1.66676
25.83	1.66677
25.82	1.66678
25.81	1.66679
25.8	1.6668
25.79	1.66681
25.78	1.66681
25.77	1.66682
25.76	1.66683
25.75	1.66684
25.74	1.66685
25.73	1.66686
25.72	1.66687
25.71	1.66688
25.7	1.66689
25.69	1.66689
25.68	1.6669
25.67	1.66691
25.66	1.66692
25.65	1.66693
25.64	1.66694
25.63	1.66695
25.62	1.66696
25.61	1.66697
25.6	1.66697
25.59	1.66698
25.58	1.66699
25.57	1.667
25.56	1.66701
25.55	1.66702
25.54	1.66703
25.53	1.66704
25.52	1.66705
25.51	1.66706
25.5	1.66706
25.49	1.66707
25.48	1.66708
25.47	1.66709
25.46	1.6671
25.45	1.66711
25.44	1.66712
25.43	1.66713
25.42	1.66714
25.41	1.66715
25.4	1.66716
25.39	1.66717
25.38	1.66717
25.37	1.66718
25.36	1.66719
25.35	1.6672
25.34	1.66721
25.33	1.66722
25.32	1.66723
25.31	1.66724
25.3	1.66725
25.29	1.66726
25.28	1.66727
25.27	1.66728
25.26	1.66728
25.25	1.66729
25.24	1.6673
25.23	1.66731
25.22	1.66732
25.21	1.66733
25.2	1.66734
25.19	1.66735
25.18	1.66736
25.17	1.66737
25.16	1.66738
25.15	1.66739
25.14	1.6674
25.13	1.66741
25.12	1.66741
25.11	1.66742
25.1	1.66743
25.09	1.66744
25.08	1.66745
25.07	1.66746
25.06	1.66747
25.05	1.66748
25.04	1.66749
25.03	1.6675
25.02	1.66751
25.01	1.66752
25	1.66753
24.99	1.66754
24.98	1.66755
24.97	1.66756
24.96	1.66757
24.95	1.66757
24.94	1.66758
24.93	1.66759
24.92	1.6676
24.91	1.66761
24.9	1.66762
24.89	1.66763
24.88	1.66764
24.87	1.66765
24.86	1.66766
24.85	1.66767
24.84	1.66768
24.83	1.66769
24.82	1.6677
24.81	1.66771
24.8	1.66772
24.79	1.66773
24.78	1.66774
24.77	1.66775
24.76	1.66776
24.75	1.66777
24.74	1.66778
24.73	1.66779
24.72	1.66779
24.71	1.6678
24.7	1.66781
24.69	1.66782
24.68	1.66783
24.67	1.66784
24.66	1.66785
24.65	1.66786
24.64	1.66787
24.63	1.66788
24.62	1.66789
24.61	1.6679
24.6	1.66791
24.59	1.66792
24.58	1.66793
24.57	1.66794
24.56	1.66795
24.55	1.66796
24.54	1.66797
24.53	1.66798
24.52	1.66799
24.51	1.668
24.5	1.66801
24.49	1.66802
24.48	1.66803
24.47	1.66804
24.46	1.66805
24.45	1.66806
24.44	1.66807
24.43	1.66808
24.42	1.66809
24.41	1.6681
24.4	1.66811
24.39	1.66812
24.38	1.66813
24.37	1.66814
24.36	1.66815
24.35	1.66816
24.34	1.66817
24.33	1.66818
24.32	1.66819
24.31	1.6682
24.3	1.66821
24.29	1.66822
24.28	1.66823
24.27	1.66824
24.26	1.66825
24.25	1.66826
24.24	1.66827
24.23	1.66828
24.22	1.66829
24.21	1.6683
24.2	1.66831
24.19	1.66832
24.18	1.66833
24.17	1.66834
24.16	1.66835
24.15	1.66836
24.14	1.66837
24.13	1.66838
24.12	1.66839
24.11	1.6684
24.1	1.66841
24.09	1.66842
24.08	1.66843
24.07	1.66844
24.06	1.66845
24.05	1.66846
24.04	1.66847
24.03	1.66848
24.02	1.66849
24.01	1.6685
24	1.66851
23.99	1.66852
23.98	1.66853
23.97	1.66854
23.96	1.66855
23.95	1.66856
23.94	1.66857
23.93	1.66858
23.92	1.66859
23.91	1.6686
23.9	1.66861
23.89	1.66862
23.88	1.66863
23.87	1.66864
23.86	1.66866
23.85	1.66867
23.84	1.66868
23.83	1.66869
23.82	1.6687
23.81	1.66871
23.8	1.66872
23.79	1.66873
23.78	1.66874
23.77	1.66875
23.76	1.66876
23.75	1.66877
23.74	1.66878
23.73	1.66879
23.72	1.6688
23.71	1.66881
23.7	1.66882
23.69	1.66883
23.68	1.66884
23.67	1.66885
23.66	1.66886
23.65	1.66888
23.64	1.66889
23.63	1.6689
23.62	1.66891
23.61	1.66892
23.6	1.66893
23.59	1.66894
23.58	1.66895
23.57	1.66896
23.56	1.66897
23.55	1.66898
23.54	1.66899
23.53	1.669
23.52	1.66901
23.51	1.66902
23.5	1.66903
23.49	1.66905
23.48	1.66906
23.47	1.66907
23.46	1.66908
23.45	1.66909
23.44	1.6691
23.43	1.66911
23.42	1.66912
23.41	1.66913
23.4	1.66914
23.39	1.66915
23.38	1.66916
23.37	1.66917
23.36	1.66919
23.35	1.6692
23.34	1.66921
23.33	1.66922
23.32	1.66923
23.31	1.66924
23.3	1.66925
23.29	1.66926
23.28	1.66927
23.27	1.66928
23.26	1.66929
23.25	1.6693
23.24	1.66932
23.23	1.66933
23.22	1.66934
23.21	1.66935
23.2	1.66936
23.19	1.66937
23.18	1.66938
23.17	1.66939
23.16	1.6694
23.15	1.66941
23.14	1.66943
23.13	1.66944
23.12	1.66945
23.11	1.66946
23.1	1.66947
23.09	1.66948
23.08	1.66949
23.07	1.6695
23.06	1.66951
23.05	1.66953
23.04	1.66954
23.03	1.66955
23.02	1.66956
23.01	1.66957
23	1.66958
22.99	1.66959
22.98	1.6696
22.97	1.66961
22.96	1.66963
22.95	1.66964
22.94	1.66965
22.93	1.66966
22.92	1.66967
22.91	1.66968
22.9	1.66969
22.89	1.6697
22.88	1.66972
22.87	1.66973
22.86	1.66974
22.85	1.66975
22.84	1.66976
22.83	1.66977
22.82	1.66978
22.81	1.6698
22.8	1.66981
22.79	1.66982
22.78	1.66983
22.77	1.66984
22.76	1.66985
22.75	1.66986
22.74	1.66988
22.73	1.66989
22.72	1.6699
22.71	1.66991
22.7	1.66992
22.69	1.66993
22.68	1.66994
22.67	1.66996
22.66	1.66997
22.65	1.66998
22.64	1.66999
22.63	1.67
22.62	1.67001
22.61	1.67002
22.6	1.67004
22.59	1.67005
22.58	1.67006
22.57	1.67007
22.56	1.67008
22.55	1.67009
22.54	1.67011
22.53	1.67012
22.52	1.67013
22.51	1.67014
22.5	1.67015
22.49	1.67016
22.48	1.67018
22.47	1.67019
22.46	1.6702
22.45	1.67021
22.44	1.67022
22.43	1.67023
22.42	1.67025
22.41	1.67026
22.4	1.67027
22.39	1.67028
22.38	1.67029
22.37	1.67031
22.36	1.67032
22.35	1.67033
22.34	1.67034
22.33	1.67035
22.32	1.67036
22.31	1.67038
22.3	1.67039
22.29	1.6704
22.28	1.67041
22.27	1.67042
22.26	1.67044
22.25	1.67045
22.24	1.67046
22.23	1.67047
22.22	1.67048
22.21	1.6705
22.2	1.67051
22.19	1.67052
22.18	1.67053
22.17	1.67054
22.16	1.67056
22.15	1.67057
22.14	1.67058
22.13	1.67059
22.12	1.6706
22.11	1.67062
22.1	1.67063
22.09	1.67064
22.08	1.67065
22.07	1.67066
22.06	1.67068
22.05	1.67069
22.04	1.6707
22.03	1.67071
22.02	1.67073
22.01	1.67074
22	1.67075
21.99	1.67076
21.98	1.67077
21.97	1.67079
21.96	1.6708
21.95	1.67081
21.94	1.67082
21.93	1.67084
21.92	1.67085
21.91	1.67086
21.9	1.67087
21.89	1.67089
21.88	1.6709
21.87	1.67091
21.86	1.67092
21.85	1.67093
21.84	1.67095
21.83	1.67096
21.82	1.67097
21.81	1.67098
21.8	1.671
21.79	1.67101
21.78	1.67102
21.77	1.67103
21.76	1.67105
21.75	1.67106
21.74	1.67107
21.73	1.67108
21.72	1.6711
21.71	1.67111
21.7	1.67112
21.69	1.67113
21.68	1.67115
21.67	1.67116
21.66	1.67117
21.65	1.67118
21.64	1.6712
21.63	1.67121
21.62	1.67122
21.61	1.67124
21.6	1.67125
21.59	1.67126
21.58	1.67127
21.57	1.67129
21.56	1.6713
21.55	1.67131
21.54	1.67132
21.53	1.67134
21.52	1.67135
21.51	1.67136
21.5	1.67138
21.49	1.67139
21.48	1.6714
21.47	1.67141
21.46	1.67143
21.45	1.67144
21.44	1.67145
21.43	1.67147
21.42	1.67148
21.41	1.67149
21.4	1.6715
21.39	1.67152
21.38	1.67153
21.37	1.67154
21.36	1.67156
21.35	1.67157
21.34	1.67158
21.33	1.6716
21.32	1.67161
21.31	1.67162
21.3	1.67163
21.29	1.67165
21.28	1.67166
21.27	1.67167
21.26	1.67169
21.25	1.6717
21.24	1.67171
21.23	1.67173
21.22	1.67174
21.21	1.67175
21.2	1.67177
21.19	1.67178
21.18	1.67179
21.17	1.67181
21.16	1.67182
21.15	1.67183
21.14	1.67184
21.13	1.67186
21.12	1.67187
21.11	1.67188
21.1	1.6719
21.09	1.67191
21.08	1.67192
21.07	1.67194
21.06	1.67195
21.05	1.67196
21.04	1.67198
21.03	1.67199
21.02	1.672
21.01	1.67202
21	1.67203
20.99	1.67205
20.98	1.67206
20.97	1.67207
20.96	1.67209
20.95	1.6721
20.94	1.67211
20.93	1.67213
20.92	1.67214
20.91	1.67215
20.9	1.67217
20.89	1.67218
20.88	1.67219
20.87	1.67221
20.86	1.67222
20.85	1.67223
20.84	1.67225
20.83	1.67226
20.82	1.67228
20.81	1.67229
20.8	1.6723
20.79	1.67232
20.78	1.67233
20.77	1.67234
20.76	1.67236
20.75	1.67237
20.74	1.67239
20.73	1.6724
20.72	1.67241
20.71	1.67243
20.7	1.67244
20.69	1.67245
20.68	1.67247
20.67	1.67248
20.66	1.6725
20.65	1.67251
20.64	1.67252
20.63	1.67254
20.62	1.67255
20.61	1.67257
20.6	1.67258
20.59	1.67259
20.58	1.67261
20.57	1.67262
20.56	1.67264
20.55	1.67265
20.54	1.67266
20.53	1.67268
20.52	1.67269
20.51	1.67271
20.5	1.67272
20.49	1.67273
20.48	1.67275
20.47	1.67276
20.46	1.67278
20.45	1.67279
20.44	1.67281
20.43	1.67282
20.42	1.67283
20.41	1.67285
20.4	1.67286
20.39	1.67288
20.38	1.67289
20.37	1.6729
20.36	1.67292
20.35	1.67293
20.34	1.67295
20.33	1.67296
20.32	1.67298
20.31	1.67299
20.3	1.67301
20.29	1.67302
20.28	1.67303
20.27	1.67305
20.26	1.67306
20.25	1.67308
20.24	1.67309
20.23	1.67311
20.22	1.67312
20.21	1.67314
20.2	1.67315
20.19	1.67316
20.18	1.67318
20.17	1.67319
20.16	1.67321
20.15	1.67322
20.14	1.67324
20.13	1.67325
20.12	1.67327
20.11	1.67328
20.1	1.6733
20.09	1.67331
20.08	1.67333
20.07	1.67334
20.06	1.67335
20.05	1.67337
20.04	1.67338
20.03	1.6734
20.02	1.67341
20.01	1.67343
20	1.67344
19.99	1.67346
19.98	1.67347
19.97	1.67349
19.96	1.6735
19.95	1.67352
19.94	1.67353
19.93	1.67355
19.92	1.67356
19.91	1.67358
19.9	1.67359
19.89	1.67361
19.88	1.67362
19.87	1.67364
19.86	1.67365
19.85	1.67367
19.84	1.67368
19.83	1.6737
19.82	1.67371
19.81	1.67373
19.8	1.67374
19.79	1.67376
19.78	1.67377
19.77	1.67379
19.76	1.6738
19.75	1.67382
19.74	1.67383
19.73	1.67385
19.72	1.67386
19.71	1.67388
19.7	1.6739
19.69	1.67391
19.68	1.67393
19.67	1.67394
19.66	1.67396
19.65	1.67397
19.64	1.67399
19.63	1.674
19.62	1.67402
19.61	1.67403
19.6	1.67405
19.59	1.67406
19.58	1.67408
19.57	1.6741
19.56	1.67411
19.55	1.67413
19.54	1.67414
19.53	1.67416
19.52	1.67417
19.51	1.67419
19.5	1.6742
19.49	1.67422
19.48	1.67424
19.47	1.67425
19.46	1.67427
19.45	1.67428
19.44	1.6743
19.43	1.67431
19.42	1.67433
19.41	1.67435
19.4	1.67436
19.39	1.67438
19.38	1.67439
19.37	1.67441
19.36	1.67442
19.35	1.67444
19.34	1.67446
19.33	1.67447
19.32	1.67449
19.31	1.6745
19.3	1.67452
19.29	1.67454
19.28	1.67455
19.27	1.67457
19.26	1.67458
19.25	1.6746
19.24	1.67462
19.23	1.67463
19.22	1.67465
19.21	1.67466
19.2	1.67468
19.19	1.6747
19.18	1.67471
19.17	1.67473
19.16	1.67475
19.15	1.67476
19.14	1.67478
19.13	1.67479
19.12	1.67481
19.11	1.67483
19.1	1.67484
19.09	1.67486
19.08	1.67488
19.07	1.67489
19.06	1.67491
19.05	1.67492
19.04	1.67494
19.03	1.67496
19.02	1.67497
19.01	1.67499
19	1.67501
18.99	1.67502
18.98	1.67504
18.97	1.67506
18.96	1.67507
18.95	1.67509
18.94	1.67511
18.93	1.67512
18.92	1.67514
18.91	1.67516
18.9	1.67517
18.89	1.67519
18.88	1.67521
18.87	1.67522
18.86	1.67524
18.85	1.67526
18.84	1.67527
18.83	1.67529
18.82	1.67531
18.81	1.67532
18.8	1.67534
18.79	1.67536
18.78	1.67537
18.77	1.67539
18.76	1.67541
18.75	1.67542
18.74	1.67544
18.73	1.67546
18.72	1.67547
18.71	1.67549
18.7	1.67551
18.69	1.67553
18.68	1.67554
18.67	1.67556
18.66	1.67558
18.65	1.67559
18.64	1.67561
18.63	1.67563
18.62	1.67564
18.61	1.67566
18.6	1.67568
18.59	1.6757
18.58	1.67571
18.57	1.67573
18.56	1.67575
18.55	1.67577
18.54	1.67578
18.53	1.6758
18.52	1.67582
18.51	1.67583
18.5	1.67585
18.49	1.67587
18.48	1.67589
18.47	1.6759
18.46	1.67592
18.45	1.67594
18.44	1.67596
18.43	1.67597
18.42	1.67599
18.41	1.67601
18.4	1.67603
18.39	1.67604
18.38	1.67606
18.37	1.67608
18.36	1.6761
18.35	1.67612
18.34	1.67613
18.33	1.67615
18.32	1.67617
18.31	1.67619
18.3	1.6762
18.29	1.67622
18.28	1.67624
18.27	1.67626
18.26	1.67628
18.25	1.67629
18.24	1.67631
18.23	1.67633
18.22	1.67635
18.21	1.67636
18.2	1.67638
18.19	1.6764
18.18	1.67642
18.17	1.67644
18.16	1.67645
18.15	1.67647
18.14	1.67649
18.13	1.67651
18.12	1.67653
18.11	1.67655
18.1	1.67656
18.09	1.67658
18.08	1.6766
18.07	1.67662
18.06	1.67664
18.05	1.67665
18.04	1.67667
18.03	1.67669
18.02	1.67671
18.01	1.67673
18	1.67675
17.99	1.67676
17.98	1.67678
17.97	1.6768
17.96	1.67682
17.95	1.67684
17.94	1.67686
17.93	1.67687
17.92	1.67689
17.91	1.67691
17.9	1.67693
17.89	1.67695
17.88	1.67697
17.87	1.67699
17.86	1.67701
17.85	1.67702
17.84	1.67704
17.83	1.67706
17.82	1.67708
17.81	1.6771
17.8	1.67712
17.79	1.67714
17.78	1.67716
17.77	1.67717
17.76	1.67719
17.75	1.67721
17.74	1.67723
17.73	1.67725
17.72	1.67727
17.71	1.67729
17.7	1.67731
17.69	1.67733
17.68	1.67734
17.67	1.67736
17.66	1.67738
17.65	1.6774
17.64	1.67742
17.63	1.67744
17.62	1.67746
17.61	1.67748
17.6	1.6775
17.59	1.67752
17.58	1.67754
17.57	1.67756
17.56	1.67758
17.55	1.67759
17.54	1.67761
17.53	1.67763
17.52	1.67765
17.51	1.67767
17.5	1.67769
17.49	1.67771
17.48	1.67773
17.47	1.67775
17.46	1.67777
17.45	1.67779
17.44	1.67781
17.43	1.67783
17.42	1.67785
17.41	1.67787
17.4	1.67789
17.39	1.67791
17.38	1.67793
17.37	1.67795
17.36	1.67797
17.35	1.67799
17.34	1.67801
17.33	1.67803
17.32	1.67805
17.31	1.67807
17.3	1.67809
17.29	1.67811
17.28	1.67813
17.27	1.67815
17.26	1.67817
17.25	1.67819
17.24	1.67821
17.23	1.67823
17.22	1.67825
17.21	1.67827
17.2	1.67829
17.19	1.67831
17.18	1.67833
17.17	1.67835
17.16	1.67837
17.15	1.67839
17.14	1.67841
17.13	1.67843
17.12	1.67845
17.11	1.67847
17.1	1.67849
17.09	1.67851
17.08	1.67853
17.07	1.67855
17.06	1.67857
17.05	1.67859
17.04	1.67861
17.03	1.67863
17.02	1.67865
17.01	1.67867
17	1.67869
16.99	1.67871
16.98	1.67874
16.97	1.67876
16.96	1.67878
16.95	1.6788
16.94	1.67882
16.93	1.67884
16.92	1.67886
16.91	1.67888
16.9	1.6789
16.89	1.67892
16.88	1.67894
16.87	1.67896
16.86	1.67899
16.85	1.67901
16.84	1.67903
16.83	1.67905
16.82	1.67907
16.81	1.67909
16.8	1.67911
16.79	1.67913
16.78	1.67915
16.77	1.67918
16.76	1.6792
16.75	1.67922
16.74	1.67924
16.73	1.67926
16.72	1.67928
16.71	1.6793
16.7	1.67932
16.69	1.67935
16.68	1.67937
16.67	1.67939
16.66	1.67941
16.65	1.67943
16.64	1.67945
16.63	1.67947
16.62	1.6795
16.61	1.67952
16.6	1.67954
16.59	1.67956
16.58	1.67958
16.57	1.6796
16.56	1.67963
16.55	1.67965
16.54	1.67967
16.53	1.67969
16.52	1.67971
16.51	1.67974
16.5	1.67976
16.49	1.67978
16.48	1.6798
16.47	1.67982
16.46	1.67985
16.45	1.67987
16.44	1.67989
16.43	1.67991
16.42	1.67993
16.41	1.67996
16.4	1.67998
16.39	1.68
16.38	1.68002
16.37	1.68005
16.36	1.68007
16.35	1.68009
16.34	1.68011
16.33	1.68013
16.32	1.68016
16.31	1.68018
16.3	1.6802
16.29	1.68022
16.28	1.68025
16.27	1.68027
16.26	1.68029
16.25	1.68031
16.24	1.68034
16.23	1.68036
16.22	1.68038
16.21	1.68041
16.2	1.68043
16.19	1.68045
16.18	1.68047
16.17	1.6805
16.16	1.68052
16.15	1.68054
16.14	1.68057
16.13	1.68059
16.12	1.68061
16.11	1.68063
16.1	1.68066
16.09	1.68068
16.08	1.6807
16.07	1.68073
16.06	1.68075
16.05	1.68077
16.04	1.6808
16.03	1.68082
16.02	1.68084
16.01	1.68087
16	1.68089
15.99	1.68091
15.98	1.68094
15.97	1.68096
15.96	1.68098
15.95	1.68101
15.94	1.68103
15.93	1.68105
15.92	1.68108
15.91	1.6811
15.9	1.68112
15.89	1.68115
15.88	1.68117
15.87	1.6812
15.86	1.68122
15.85	1.68124
15.84	1.68127
15.83	1.68129
15.82	1.68131
15.81	1.68134
15.8	1.68136
15.79	1.68139
15.78	1.68141
15.77	1.68143
15.76	1.68146
15.75	1.68148
15.74	1.68151
15.73	1.68153
15.72	1.68156
15.71	1.68158
15.7	1.6816
15.69	1.68163
15.68	1.68165
15.67	1.68168
15.66	1.6817
15.65	1.68173
15.64	1.68175
15.63	1.68177
15.62	1.6818
15.61	1.68182
15.6	1.68185
15.59	1.68187
15.58	1.6819
15.57	1.68192
15.56	1.68195
15.55	1.68197
15.54	1.682
15.53	1.68202
15.52	1.68205
15.51	1.68207
15.5	1.6821
15.49	1.68212
15.48	1.68215
15.47	1.68217
15.46	1.6822
15.45	1.68222
15.44	1.68225
15.43	1.68227
15.42	1.6823
15.41	1.68232
15.4	1.68235
15.39	1.68237
15.38	1.6824
15.37	1.68242
15.36	1.68245
15.35	1.68247
15.34	1.6825
15.33	1.68252
15.32	1.68255
15.31	1.68258
15.3	1.6826
15.29	1.68263
15.28	1.68265
15.27	1.68268
15.26	1.6827
15.25	1.68273
15.24	1.68276
15.23	1.68278
15.22	1.68281
15.21	1.68283
15.2	1.68286
15.19	1.68288
15.18	1.68291
15.17	1.68294
15.16	1.68296
15.15	1.68299
15.14	1.68301
15.13	1.68304
15.12	1.68307
15.11	1.68309
15.1	1.68312
15.09	1.68315
15.08	1.68317
15.07	1.6832
15.06	1.68323
15.05	1.68325
15.04	1.68328
15.03	1.6833
15.02	1.68333
15.01	1.68336
15	1.68338
14.99	1.68341
14.98	1.68344
14.97	1.68346
14.96	1.68349
14.95	1.68352
14.94	1.68354
14.93	1.68357
14.92	1.6836
14.91	1.68363
14.9	1.68365
14.89	1.68368
14.88	1.68371
14.87	1.68373
14.86	1.68376
14.85	1.68379
14.84	1.68382
14.83	1.68384
14.82	1.68387
14.81	1.6839
14.8	1.68392
14.79	1.68395
14.78	1.68398
14.77	1.68401
14.76	1.68403
14.75	1.68406
14.74	1.68409
14.73	1.68412
14.72	1.68414
14.71	1.68417
14.7	1.6842
14.69	1.68423
14.68	1.68426
14.67	1.68428
14.66	1.68431
14.65	1.68434
14.64	1.68437
14.63	1.6844
14.62	1.68442
14.61	1.68445
14.6	1.68448
14.59	1.68451
14.58	1.68454
14.57	1.68456
14.56	1.68459
14.55	1.68462
14.54	1.68465
14.53	1.68468
14.52	1.68471
14.51	1.68473
14.5	1.68476
14.49	1.68479
14.48	1.68482
14.47	1.68485
14.46	1.68488
14.45	1.68491
14.44	1.68494
14.43	1.68496
14.42	1.68499
14.41	1.68502
14.4	1.68505
14.39	1.68508
14.38	1.68511
14.37	1.68514
14.36	1.68517
14.35	1.6852
14.34	1.68523
14.33	1.68525
14.32	1.68528
14.31	1.68531
14.3	1.68534
14.29	1.68537
14.28	1.6854
14.27	1.68543
14.26	1.68546
14.25	1.68549
14.24	1.68552
14.23	1.68555
14.22	1.68558
14.21	1.68561
14.2	1.68564
14.19	1.68567
14.18	1.6857
14.17	1.68573
14.16	1.68576
14.15	1.68579
14.14	1.68582
14.13	1.68585
14.12	1.68588
14.11	1.68591
14.1	1.68594
14.09	1.68597
14.08	1.686
14.07	1.68603
14.06	1.68606
14.05	1.68609
14.04	1.68612
14.03	1.68615
14.02	1.68618
14.01	1.68621
14	1.68624
13.99	1.68627
13.98	1.6863
13.97	1.68634
13.96	1.68637
13.95	1.6864
13.94	1.68643
13.93	1.68646
13.92	1.68649
13.91	1.68652
13.9	1.68655
13.89	1.68658
13.88	1.68661
13.87	1.68665
13.86	1.68668
13.85	1.68671
13.84	1.68674
13.83	1.68677
13.82	1.6868
13.81	1.68683
13.8	1.68687
13.79	1.6869
13.78	1.68693
13.77	1.68696
13.76	1.68699
13.75	1.68702
13.74	1.68706
13.73	1.68709
13.72	1.68712
13.71	1.68715
13.7	1.68718
13.69	1.68722
13.68	1.68725
13.67	1.68728
13.66	1.68731
13.65	1.68734
13.64	1.68738
13.63	1.68741
13.62	1.68744
13.61	1.68747
13.6	1.68751
13.59	1.68754
13.58	1.68757
13.57	1.6876
13.56	1.68764
13.55	1.68767
13.54	1.6877
13.53	1.68774
13.52	1.68777
13.51	1.6878
13.5	1.68783
13.49	1.68787
13.48	1.6879
13.47	1.68793
13.46	1.68797
13.45	1.688
13.44	1.68803
13.43	1.68807
13.42	1.6881
13.41	1.68813
13.4	1.68817
13.39	1.6882
13.38	1.68824
13.37	1.68827
13.36	1.6883
13.35	1.68834
13.34	1.68837
13.33	1.6884
13.32	1.68844
13.31	1.68847
13.3	1.68851
13.29	1.68854
13.28	1.68857
13.27	1.68861
13.26	1.68864
13.25	1.68868
13.24	1.68871
13.23	1.68875
13.22	1.68878
13.21	1.68881
13.2	1.68885
13.19	1.68888
13.18	1.68892
13.17	1.68895
13.16	1.68899
13.15	1.68902
13.14	1.68906
13.13	1.68909
13.12	1.68913
13.11	1.68916
13.1	1.6892
13.09	1.68923
13.08	1.68927
13.07	1.6893
13.06	1.68934
13.05	1.68937
13.04	1.68941
13.03	1.68945
13.02	1.68948
13.01	1.68952
13	1.68955
12.99	1.68959
12.98	1.68962
12.97	1.68966
12.96	1.6897
12.95	1.68973
12.94	1.68977
12.93	1.6898
12.92	1.68984
12.91	1.68988
12.9	1.68991
12.89	1.68995
12.88	1.68998
12.87	1.69002
12.86	1.69006
12.85	1.69009
12.84	1.69013
12.83	1.69017
12.82	1.6902
12.81	1.69024
12.8	1.69028
12.79	1.69031
12.78	1.69035
12.77	1.69039
12.76	1.69043
12.75	1.69046
12.74	1.6905
12.73	1.69054
12.72	1.69057
12.71	1.69061
12.7	1.69065
12.69	1.69069
12.68	1.69072
12.67	1.69076
12.66	1.6908
12.65	1.69084
12.64	1.69087
12.63	1.69091
12.62	1.69095
12.61	1.69099
12.6	1.69103
12.59	1.69106
12.58	1.6911
12.57	1.69114
12.56	1.69118
12.55	1.69122
12.54	1.69126
12.53	1.69129
12.52	1.69133
12.51	1.69137
12.5	1.69141
12.49	1.69145
12.48	1.69149
12.47	1.69153
12.46	1.69157
12.45	1.6916
12.44	1.69164
12.43	1.69168
12.42	1.69172
12.41	1.69176
12.4	1.6918
12.39	1.69184
12.38	1.69188
12.37	1.69192
12.36	1.69196
12.35	1.692
12.34	1.69204
12.33	1.69208
12.32	1.69212
12.31	1.69216
12.3	1.6922
12.29	1.69224
12.28	1.69228
12.27	1.69232
12.26	1.69236
12.25	1.6924
12.24	1.69244
12.23	1.69248
12.22	1.69252
12.21	1.69256
12.2	1.6926
12.19	1.69264
12.18	1.69268
12.17	1.69272
12.16	1.69276
12.15	1.6928
12.14	1.69285
12.13	1.69289
12.12	1.69293
12.11	1.69297
12.1	1.69301
12.09	1.69305
12.08	1.69309
12.07	1.69313
12.06	1.69318
12.05	1.69322
12.04	1.69326
12.03	1.6933
12.02	1.69334
12.01	1.69338
12	1.69343
11.99	1.69347
11.98	1.69351
11.97	1.69355
11.96	1.6936
11.95	1.69364
11.94	1.69368
11.93	1.69372
11.92	1.69377
11.91	1.69381
11.9	1.69385
11.89	1.69389
11.88	1.69394
11.87	1.69398
11.86	1.69402
11.85	1.69407
11.84	1.69411
11.83	1.69415
11.82	1.6942
11.81	1.69424
11.8	1.69428
11.79	1.69433
11.78	1.69437
11.77	1.69441
11.76	1.69446
11.75	1.6945
11.74	1.69455
11.73	1.69459
11.72	1.69463
11.71	1.69468
11.7	1.69472
11.69	1.69477
11.68	1.69481
11.67	1.69486
11.66	1.6949
11.65	1.69494
11.64	1.69499
11.63	1.69503
11.62	1.69508
11.61	1.69512
11.6	1.69517
11.59	1.69521
11.58	1.69526
11.57	1.6953
11.56	1.69535
11.55	1.6954
11.54	1.69544
11.53	1.69549
11.52	1.69553
11.51	1.69558
11.5	1.69562
11.49	1.69567
11.48	1.69572
11.47	1.69576
11.46	1.69581
11.45	1.69585
11.44	1.6959
11.43	1.69595
11.42	1.69599
11.41	1.69604
11.4	1.69609
11.39	1.69613
11.38	1.69618
11.37	1.69623
11.36	1.69627
11.35	1.69632
11.34	1.69637
11.33	1.69642
11.32	1.69646
11.31	1.69651
11.3	1.69656
11.29	1.69661
11.28	1.69665
11.27	1.6967
11.26	1.69675
11.25	1.6968
11.24	1.69685
11.23	1.69689
11.22	1.69694
11.21	1.69699
11.2	1.69704
11.19	1.69709
11.18	1.69714
11.17	1.69718
11.16	1.69723
11.15	1.69728
11.14	1.69733
11.13	1.69738
11.12	1.69743
11.11	1.69748
11.1	1.69753
11.09	1.69758
11.08	1.69763
11.07	1.69768
11.06	1.69773
11.05	1.69778
11.04	1.69783
11.03	1.69788
11.02	1.69793
11.01	1.69798
11	1.69803
10.99	1.69808
10.98	1.69813
10.97	1.69818
10.96	1.69823
10.95	1.69828
10.94	1.69833
10.93	1.69838
10.92	1.69843
10.91	1.69848
10.9	1.69853
10.89	1.69858
10.88	1.69864
10.87	1.69869
10.86	1.69874
10.85	1.69879
10.84	1.69884
10.83	1.69889
10.82	1.69895
10.81	1.699
10.8	1.69905
10.79	1.6991
10.78	1.69916
10.77	1.69921
10.76	1.69926
10.75	1.69931
10.74	1.69937
10.73	1.69942
10.72	1.69947
10.71	1.69952
10.7	1.69958
10.69	1.69963
10.68	1.69968
10.67	1.69974
10.66	1.69979
10.65	1.69985
10.64	1.6999
10.63	1.69995
10.62	1.70001
10.61	1.70006
10.6	1.70012
10.59	1.70017
10.58	1.70022
10.57	1.70028
10.56	1.70033
10.55	1.70039
10.54	1.70044
10.53	1.7005
10.52	1.70055
10.51	1.70061
10.5	1.70066
10.49	1.70072
10.48	1.70077
10.47	1.70083
10.46	1.70089
10.45	1.70094
10.44	1.701
10.43	1.70105
10.42	1.70111
10.41	1.70117
10.4	1.70122
10.39	1.70128
10.38	1.70134
10.37	1.70139
10.36	1.70145
10.35	1.70151
10.34	1.70156
10.33	1.70162
10.32	1.70168
10.31	1.70173
10.3	1.70179
10.29	1.70185
10.28	1.70191
10.27	1.70197
10.26	1.70202
10.25	1.70208
10.24	1.70214
10.23	1.7022
10.22	1.70226
10.21	1.70232
10.2	1.70237
10.19	1.70243
10.18	1.70249
10.17	1.70255
10.16	1.70261
10.15	1.70267
10.14	1.70273
10.13	1.70279
10.12	1.70285
10.11	1.70291
10.1	1.70297
10.09	1.70303
10.08	1.70309
10.07	1.70315
10.06	1.70321
10.05	1.70327
10.04	1.70333
10.03	1.70339
10.02	1.70345
10.01	1.70351
10	1.70357
9.99	1.70363
9.98	1.7037
9.97	1.70376
9.96	1.70382
9.95	1.70388
9.94	1.70394
9.93	1.704
9.92	1.70407
9.91	1.70413
9.9	1.70419
9.89	1.70425
9.88	1.70432
9.87	1.70438
9.86	1.70444
9.85	1.70451
9.84	1.70457
9.83	1.70463
9.82	1.7047
9.81	1.70476
9.8	1.70482
9.79	1.70489
9.78	1.70495
9.77	1.70501
9.76	1.70508
9.75	1.70514
9.74	1.70521
9.73	1.70527
9.72	1.70534
9.71	1.7054
9.7	1.70547
9.69	1.70553
9.68	1.7056
9.67	1.70566
9.66	1.70573
9.65	1.70579
9.64	1.70586
9.63	1.70593
9.62	1.70599
9.61	1.70606
9.6	1.70613
9.59	1.70619
9.58	1.70626
9.57	1.70633
9.56	1.70639
9.55	1.70646
9.54	1.70653
9.53	1.7066
9.52	1.70666
9.51	1.70673
9.5	1.7068
9.49	1.70687
9.48	1.70694
9.47	1.707
9.46	1.70707
9.45	1.70714
9.44	1.70721
9.43	1.70728
9.42	1.70735
9.41	1.70742
9.4	1.70749
9.39	1.70756
9.38	1.70763
9.37	1.7077
9.36	1.70777
9.35	1.70784
9.34	1.70791
9.33	1.70798
9.32	1.70805
9.31	1.70812
9.3	1.70819
9.29	1.70826
9.28	1.70833
9.27	1.7084
9.26	1.70847
9.25	1.70855
9.24	1.70862
9.23	1.70869
9.22	1.70876
9.21	1.70884
9.2	1.70891
9.19	1.70898
9.18	1.70905
9.17	1.70913
9.16	1.7092
9.15	1.70927
9.14	1.70935
9.13	1.70942
9.12	1.70949
9.11	1.70957
9.1	1.70964
9.09	1.70972
9.08	1.70979
9.07	1.70987
9.06	1.70994
9.05	1.71002
9.04	1.71009
9.03	1.71017
9.02	1.71024
9.01	1.71032
9	1.7104
8.99	1.71047
8.98	1.71055
8.97	1.71062
8.96	1.7107
8.95	1.71078
8.94	1.71085
8.93	1.71093
8.92	1.71101
8.91	1.71109
8.9	1.71116
8.89	1.71124
8.88	1.71132
8.87	1.7114
8.86	1.71148
8.85	1.71156
8.84	1.71163
8.83	1.71171
8.82	1.71179
8.81	1.71187
8.8	1.71195
8.79	1.71203
8.78	1.71211
8.77	1.71219
8.76	1.71227
8.75	1.71235
8.74	1.71243
8.73	1.71251
8.72	1.7126
8.71	1.71268
8.7	1.71276
8.69	1.71284
8.68	1.71292
8.67	1.713
8.66	1.71309
8.65	1.71317
8.64	1.71325
8.63	1.71333
8.62	1.71342
8.61	1.7135
8.6	1.71358
8.59	1.71367
8.58	1.71375
8.57	1.71384
8.56	1.71392
8.55	1.714
8.54	1.71409
8.53	1.71417
8.52	1.71426
8.51	1.71434
8.5	1.71443
8.49	1.71452
8.48	1.7146
8.47	1.71469
8.46	1.71477
8.45	1.71486
8.44	1.71495
8.43	1.71503
8.42	1.71512
8.41	1.71521
8.4	1.7153
8.39	1.71538
8.38	1.71547
8.37	1.71556
8.36	1.71565
8.35	1.71574
8.34	1.71583
8.33	1.71592
8.32	1.71601
8.31	1.7161
8.3	1.71619
8.29	1.71628
8.28	1.71637
8.27	1.71646
8.26	1.71655
8.25	1.71664
8.24	1.71673
8.23	1.71682
8.22	1.71691
8.21	1.717
8.2	1.7171
8.19	1.71719
8.18	1.71728
8.17	1.71737
8.16	1.71747
8.15	1.71756
8.14	1.71765
8.13	1.71775
8.12	1.71784
8.11	1.71794
8.1	1.71803
8.09	1.71813
8.08	1.71822
8.07	1.71832
8.06	1.71841
8.05	1.71851
8.04	1.7186
8.03	1.7187
8.02	1.7188
8.01	1.71889
8	1.71899
7.99	1.71909
7.98	1.71918
7.97	1.71928
7.96	1.71938
7.95	1.71948
7.94	1.71958
7.93	1.71967
7.92	1.71977
7.91	1.71987
7.9	1.71997
7.89	1.72007
7.88	1.72017
7.87	1.72027
7.86	1.72037
7.85	1.72047
7.84	1.72058
7.83	1.72068
7.82	1.72078
7.81	1.72088
7.8	1.72098
7.79	1.72109
7.78	1.72119
7.77	1.72129
7.76	1.72139
7.75	1.7215
7.74	1.7216
7.73	1.72171
7.72	1.72181
7.71	1.72192
7.7	1.72202
7.69	1.72213
7.68	1.72223
7.67	1.72234
7.66	1.72244
7.65	1.72255
7.64	1.72266
7.63	1.72276
7.62	1.72287
7.61	1.72298
7.6	1.72309
7.59	1.72319
7.58	1.7233
7.57	1.72341
7.56	1.72352
7.55	1.72363
7.54	1.72374
7.53	1.72385
7.52	1.72396
7.51	1.72407
7.5	1.72418
7.49	1.72429
7.48	1.7244
7.47	1.72452
7.46	1.72463
7.45	1.72474
7.44	1.72485
7.43	1.72497
7.42	1.72508
7.41	1.72519
7.4	1.72531
7.39	1.72542
7.38	1.72554
7.37	1.72565
7.36	1.72577
7.35	1.72588
7.34	1.726
7.33	1.72611
7.32	1.72623
7.31	1.72635
7.3	1.72647
7.29	1.72658
7.28	1.7267
7.27	1.72682
7.26	1.72694
7.25	1.72706
7.24	1.72718
7.23	1.7273
7.22	1.72742
7.21	1.72754
7.2	1.72766
7.19	1.72778
7.18	1.7279
7.17	1.72802
7.16	1.72814
7.15	1.72827
7.14	1.72839
7.13	1.72851
7.12	1.72864
7.11	1.72876
7.1	1.72888
7.09	1.72901
7.08	1.72913
7.07	1.72926
7.06	1.72939
7.05	1.72951
7.04	1.72964
7.03	1.72976
7.02	1.72989
7.01	1.73002
7	1.73015
6.99	1.73028
6.98	1.7304
6.97	1.73053
6.96	1.73066
6.95	1.73079
6.94	1.73092
6.93	1.73105
6.92	1.73119
6.91	1.73132
6.9	1.73145
6.89	1.73158
6.88	1.73171
6.87	1.73185
6.86	1.73198
6.85	1.73212
6.84	1.73225
6.83	1.73238
6.82	1.73252
6.81	1.73266
6.8	1.73279
6.79	1.73293
6.78	1.73306
6.77	1.7332
6.76	1.73334
6.75	1.73348
6.74	1.73362
6.73	1.73376
6.72	1.73389
6.71	1.73403
6.7	1.73417
6.69	1.73432
6.68	1.73446
6.67	1.7346
6.66	1.73474
6.65	1.73488
6.64	1.73503
6.63	1.73517
6.62	1.73531
6.61	1.73546
6.6	1.7356
6.59	1.73575
6.58	1.73589
6.57	1.73604
6.56	1.73619
6.55	1.73633
6.54	1.73648
6.53	1.73663
6.52	1.73678
6.51	1.73693
6.5	1.73708
6.49	1.73723
6.48	1.73738
6.47	1.73753
6.46	1.73768
6.45	1.73783
6.44	1.73798
6.43	1.73814
6.42	1.73829
6.41	1.73844
6.4	1.7386
6.39	1.73875
6.38	1.73891
6.37	1.73906
6.36	1.73922
6.35	1.73938
6.34	1.73954
6.33	1.73969
6.32	1.73985
6.31	1.74001
6.3	1.74017
6.29	1.74033
6.28	1.74049
6.27	1.74065
6.26	1.74081
6.25	1.74098
6.24	1.74114
6.23	1.7413
6.22	1.74147
6.21	1.74163
6.2	1.7418
6.19	1.74196
6.18	1.74213
6.17	1.7423
6.16	1.74246
6.15	1.74263
6.14	1.7428
6.13	1.74297
6.12	1.74314
6.11	1.74331
6.1	1.74348
6.09	1.74365
6.08	1.74382
6.07	1.744
6.06	1.74417
6.05	1.74434
6.04	1.74452
6.03	1.74469
6.02	1.74487
6.01	1.74504
6	1.74522
5.99	1.7454
5.98	1.74558
5.97	1.74575
5.96	1.74593
5.95	1.74611
5.94	1.74629
5.93	1.74648
5.92	1.74666
5.91	1.74684
5.9	1.74702
5.89	1.74721
5.88	1.74739
5.87	1.74758
5.86	1.74776
5.85	1.74795
5.84	1.74814
5.83	1.74832
5.82	1.74851
5.81	1.7487
5.8	1.74889
5.79	1.74908
5.78	1.74927
5.77	1.74947
5.76	1.74966
5.75	1.74985
5.74	1.75005
5.73	1.75024
5.72	1.75044
5.71	1.75063
5.7	1.75083
5.69	1.75103
5.68	1.75123
5.67	1.75143
5.66	1.75163
5.65	1.75183
5.64	1.75203
5.63	1.75223
5.62	1.75243
5.61	1.75264
5.6	1.75284
5.59	1.75305
5.58	1.75325
5.57	1.75346
5.56	1.75367
5.55	1.75388
5.54	1.75408
5.53	1.75429
5.52	1.75451
5.51	1.75472
5.5	1.75493
5.49	1.75514
5.48	1.75536
5.47	1.75557
5.46	1.75579
5.45	1.756
5.44	1.75622
5.43	1.75644
5.42	1.75666
5.41	1.75688
5.4	1.7571
5.39	1.75732
5.38	1.75754
5.37	1.75777
5.36	1.75799
5.35	1.75822
5.34	1.75844
5.33	1.75867
5.32	1.7589
5.31	1.75913
5.3	1.75936
5.29	1.75959
5.28	1.75982
5.27	1.76005
5.26	1.76028
5.25	1.76052
5.24	1.76075
5.23	1.76099
5.22	1.76123
5.21	1.76147
5.2	1.76171
5.19	1.76195
5.18	1.76219
5.17	1.76243
5.16	1.76267
5.15	1.76292
5.14	1.76316
5.13	1.76341
5.12	1.76365
5.11	1.7639
5.1	1.76415
5.09	1.7644
5.08	1.76465
5.07	1.76491
5.06	1.76516
5.05	1.76541
5.04	1.76567
5.03	1.76593
5.02	1.76618
5.01	1.76644
5	1.7667
4.99	1.76696
4.98	1.76723
4.97	1.76749
4.96	1.76775
4.95	1.76802
4.94	1.76829
4.93	1.76855
4.92	1.76882
4.91	1.76909
4.9	1.76936
4.89	1.76964
4.88	1.76991
4.87	1.77019
4.86	1.77046
4.85	1.77074
4.84	1.77102
4.83	1.7713
4.82	1.77158
4.81	1.77186
4.8	1.77214
4.79	1.77243
4.78	1.77272
4.77	1.773
4.76	1.77329
4.75	1.77358
4.74	1.77387
4.73	1.77416
4.72	1.77446
4.71	1.77475
4.7	1.77505
4.69	1.77535
4.68	1.77565
4.67	1.77595
4.66	1.77625
4.65	1.77655
4.64	1.77686
4.63	1.77716
4.62	1.77747
4.61	1.77778
4.6	1.77809
4.59	1.7784
4.58	1.77872
4.57	1.77903
4.56	1.77935
4.55	1.77967
4.54	1.77999
4.53	1.78031
4.52	1.78063
4.51	1.78095
4.5	1.78128
4.49	1.7816
4.48	1.78193
4.47	1.78226
4.46	1.78259
4.45	1.78293
4.44	1.78326
4.43	1.7836
4.42	1.78394
4.41	1.78428
4.4	1.78462
4.39	1.78496
4.38	1.78531
4.37	1.78565
4.36	1.786
4.35	1.78635
4.34	1.7867
4.33	1.78706
4.32	1.78741
4.31	1.78777
4.3	1.78813
4.29	1.78849
4.28	1.78885
4.27	1.78921
4.26	1.78958
4.25	1.78995
4.24	1.79032
4.23	1.79069
4.22	1.79106
4.21	1.79144
4.2	1.79181
4.19	1.79219
4.18	1.79257
4.17	1.79296
4.16	1.79334
4.15	1.79373
4.14	1.79412
4.13	1.79451
4.12	1.7949
4.11	1.7953
4.1	1.7957
4.09	1.7961
4.08	1.7965
4.07	1.7969
4.06	1.79731
4.05	1.79771
4.04	1.79812
4.03	1.79854
4.02	1.79895
4.01	1.79937
4	1.79979
3.99	1.80021
3.98	1.80063
3.97	1.80106
3.96	1.80149
3.95	1.80192
3.94	1.80235
3.93	1.80278
3.92	1.80322
3.91	1.80366
3.9	1.8041
3.89	1.80455
3.88	1.805
3.87	1.80545
3.86	1.8059
3.85	1.80636
3.84	1.80681
3.83	1.80727
3.82	1.80774
3.81	1.8082
3.8	1.80867
3.79	1.80914
3.78	1.80961
3.77	1.81009
3.76	1.81057
3.75	1.81105
3.74	1.81154
3.73	1.81202
3.72	1.81251
3.71	1.81301
3.7	1.8135
3.69	1.814
3.68	1.8145
3.67	1.81501
3.66	1.81552
3.65	1.81603
3.64	1.81654
3.63	1.81706
3.62	1.81758
3.61	1.8181
3.6	1.81863
3.59	1.81916
3.58	1.81969
3.57	1.82023
3.56	1.82077
3.55	1.82131
3.54	1.82185
3.53	1.8224
3.52	1.82296
3.51	1.82351
3.5	1.82407
3.49	1.82464
3.48	1.8252
3.47	1.82577
3.46	1.82635
3.45	1.82692
3.44	1.8275
3.43	1.82809
3.42	1.82868
3.41	1.82927
3.4	1.82987
3.39	1.83047
3.38	1.83107
3.37	1.83168
3.36	1.83229
3.35	1.83291
3.34	1.83353
3.33	1.83415
3.32	1.83478
3.31	1.83541
3.3	1.83605
3.29	1.83669
3.28	1.83733
3.27	1.83798
3.26	1.83864
3.25	1.8393
3.24	1.83996
3.23	1.84063
3.22	1.8413
3.21	1.84197
3.2	1.84266
3.19	1.84334
3.18	1.84403
3.17	1.84473
3.16	1.84543
3.15	1.84613
3.14	1.84684
3.13	1.84756
3.12	1.84828
3.11	1.849
3.1	1.84973
3.09	1.85047
3.08	1.85121
3.07	1.85196
3.06	1.85271
3.05	1.85346
3.04	1.85423
3.03	1.85499
3.02	1.85577
3.01	1.85655
3	1.85733
2.99	1.85812
2.98	1.85892
2.97	1.85972
2.96	1.86053
2.95	1.86135
2.94	1.86217
2.93	1.863
2.92	1.86383
2.91	1.86467
2.9	1.86552
2.89	1.86637
2.88	1.86723
2.87	1.8681
2.86	1.86897
2.85	1.86985
2.84	1.87073
2.83	1.87163
2.82	1.87253
2.81	1.87344
2.8	1.87435
2.79	1.87528
2.78	1.87621
2.77	1.87714
2.76	1.87809
2.75	1.87904
2.74	1.88
2.73	1.88097
2.72	1.88195
2.71	1.88293
2.7	1.88392
2.69	1.88492
2.68	1.88593
2.67	1.88695
2.66	1.88798
2.65	1.88901
2.64	1.89006
2.63	1.89111
2.62	1.89217
2.61	1.89324
2.6	1.89432
2.59	1.89541
2.58	1.89651
2.57	1.89762
2.56	1.89874
2.55	1.89987
2.54	1.90101
2.53	1.90216
2.52	1.90332
2.51	1.90448
2.5	1.90567
2.49	1.90686
2.48	1.90806
2.47	1.90927
2.46	1.91049
2.45	1.91173
2.44	1.91298
2.43	1.91424
2.42	1.91551
2.41	1.91679
2.4	1.91808
2.39	1.91939
2.38	1.92071
2.37	1.92204
2.36	1.92339
2.35	1.92474
2.34	1.92612
2.33	1.9275
2.32	1.9289
2.31	1.93031
2.3	1.93174
2.29	1.93318
2.28	1.93463
2.27	1.9361
2.26	1.93759
2.25	1.93909
2.24	1.9406
2.23	1.94213
2.22	1.94368
2.21	1.94524
2.2	1.94682
2.19	1.94842
2.18	1.95003
2.17	1.95166
2.16	1.95331
2.15	1.95497
2.14	1.95666
2.13	1.95836
2.12	1.96008
2.11	1.96182
2.1	1.96357
2.09	1.96535
2.08	1.96715
2.07	1.96897
2.06	1.9708
2.05	1.97266
2.04	1.97454
2.03	1.97645
2.02	1.97837
2.01	1.98031
2	1.98228
1.99	1.98428
1.98	1.98629
1.97	1.98833
1.96	1.9904
1.95	1.99248
1.94	1.9946
1.93	1.99674
1.92	1.9989
1.91	2.0011
1.9	2.00332
1.89	2.00557
1.88	2.00784
1.87	2.01015
1.86	2.01248
1.85	2.01484
1.84	2.01724
1.83	2.01966
1.82	2.02212
1.81	2.02461
1.8	2.02713
1.79	2.02969
1.78	2.03228
1.77	2.03491
1.76	2.03757
1.75	2.04026
1.74	2.043
1.73	2.04577
1.72	2.04858
1.71	2.05143
1.7	2.05432
1.69	2.05726
1.68	2.06023
1.67	2.06325
1.66	2.06631
1.65	2.06941
1.64	2.07257
1.63	2.07577
1.62	2.07901
1.61	2.08231
1.6	2.08565
1.59	2.08905
1.58	2.0925
1.57	2.096
1.56	2.09956
1.55	2.10318
1.54	2.10685
1.53	2.11058
1.52	2.11437
1.51	2.11823
1.5	2.12215
1.49	2.12613
1.48	2.13018
1.47	2.13429
1.46	2.13848
1.45	2.14274
1.44	2.14707
1.43	2.15148
1.42	2.15597
1.41	2.16054
1.4	2.16518
1.39	2.16991
1.38	2.17473
1.37	2.17964
1.36	2.18464
1.35	2.18973
1.34	2.19492
1.33	2.2002
1.32	2.20559
1.31	2.21109
1.3	2.21669
1.29	2.2224
1.28	2.22823
1.27	2.23418
1.26	2.24024
1.25	2.24644
1.24	2.25276
1.23	2.25921
1.22	2.2658
1.21	2.27254
1.2	2.27942
1.19	2.28645
1.18	2.29364
1.17	2.30099
1.16	2.30851
1.15	2.3162
1.14	2.32407
1.13	2.33212
1.12	2.34037
1.11	2.34881
1.1	2.35746
1.09	2.36633
1.08	2.37541
1.07	2.38473
1.06	2.39428
1.05	2.40408
1.04	2.41413
1.03	2.42446
1.02	2.43506
1.01	2.44595
1	2.45715
0.99	2.46865
0.98	2.48049
0.97	2.49266
0.96	2.50519
0.95	2.51809
0.94	2.53138
0.93	2.54508
0.92	2.5592
0.91	2.57376
0.9	2.58879
0.89	2.60431
0.88	2.62034
0.87	2.63691
0.86	2.65404
0.85	2.67176
0.84	2.69011
0.83	2.70911
0.82	2.72881
0.81	2.74924
0.8	2.77044
0.79	2.79246
0.78	2.81533
0.77	2.83913
0.76	2.86389
0.75	2.88968
0.74	2.91656
0.73	2.94461
0.72	2.97389
0.71	3.0045
0.7	3.03651
0.69	3.07003
0.68	3.10517
0.67	3.14205
0.66	3.18078
0.65	3.22152
0.64	3.26442
0.63	3.30965
0.62	3.3574
0.61	3.40788
0.6	3.46134
0.59	3.51803
0.58	3.57825
0.57	3.64233
0.56	3.71064
0.55	3.7836
0.54	3.86169
0.53	3.94545
0.52	4.0355
0.51	4.13255
0.5	4.23742
0.49	4.35105
0.48	4.47454
0.47	4.60919
0.46	4.75649
0.45	4.91825
0.44	5.09659
0.43	5.29405
0.42	5.51373
0.41	5.75935
0.4	6.03553
0.39	6.34795
0.38	6.70377
0.37	7.11202
0.36	7.5843
0.35	8.13572
0.34	8.78625
0.33	9.56286
0.32	10.5027
0.31	11.6584
0.3	13.1073
0.29	14.9678
0.28	17.4335
0.27	20.852
0.26	25.95
0.25	34.7555
-0.25	34.7555
-0.26	25.95
-0.27	20.852
-0.28	17.4335
-0.29	14.9678
-0.3	13.1073
-0.31	11.6584
-0.32	10.5027
-0.33	9.56286
-0.34	8.78625
-0.35	8.13572
-0.36	7.5843
-0.37	7.11202
-0.38	6.70377
-0.39	6.34795
-0.4	6.03553
-0.41	5.75935
-0.42	5.51373
-0.43	5.29405
-0.44	5.09659
-0.45	4.91825
-0.46	4.75649
-0.47	4.60919
-0.48	4.47454
-0.49	4.35105
-0.5	4.23742
-0.51	4.13255
-0.52	4.0355
-0.53	3.94545
-0.54	3.86169
-0.55	3.7836
-0.56	3.71064
-0.57	3.64233
-0.58	3.57825
-0.59	3.51803
-0.6	3.46134
-0.61	3.40788
-0.62	3.3574
-0.63	3.30965
-0.64	3.26442
-0.65	3.22152
-0.66	3.18078
-0.67	3.14205
-0.68	3.10517
-0.69	3.07003
-0.7	3.03651
-0.71	3.0045
-0.72	2.97389
-0.73	2.94461
-0.74	2.91656
-0.75	2.88968
-0.76	2.86389
-0.77	2.83913
-0.78	2.81533
-0.79	2.79246
-0.8	2.77044
-0.81	2.74924
-0.82	2.72881
-0.83	2.70911
-0.84	2.69011
-0.85	2.67176
-0.86	2.65404
-0.87	2.63691
-0.88	2.62034
-0.89	2.60431
-0.9	2.58879
-0.91	2.57376
-0.92	2.5592
-0.93	2.54508
-0.94	2.53138
-0.95	2.51809
-0.96	2.50519
-0.97	2.49266
-0.98	2.48049
-0.99	2.46865
-1	2.45715
-1.01	2.44595
-1.02	2.43506
-1.03	2.42446
-1.04	2.41413
-1.05	2.40408
-1.06	2.39428
-1.07	2.38473
-1.08	2.37541
-1.09	2.36633
-1.1	2.35746
-1.11	2.34881
-1.12	2.34037
-1.13	2.33212
-1.14	2.32407
-1.15	2.3162
-1.16	2.30851
-1.17	2.30099
-1.18	2.29364
-1.19	2.28645
-1.2	2.27942
-1.21	2.27254
-1.22	2.2658
-1.23	2.25921
-1.24	2.25276
-1.25	2.24644
-1.26	2.24024
-1.27	2.23418
-1.28	2.22823
-1.29	2.2224
-1.3	2.21669
-1.31	2.21109
-1.32	2.20559
-1.33	2.2002
-1.34	2.19492
-1.35	2.18973
-1.36	2.18464
-1.37	2.17964
-1.38	2.17473
-1.39	2.16991
-1.4	2.16518
-1.41	2.16054
-1.42	2.15597
-1.43	2.15148
-1.44	2.14707
-1.45	2.14274
-1.46	2.13848
-1.47	2.13429
-1.48	2.13018
-1.49	2.12613
-1.5	2.12215
-1.51	2.11823
-1.52	2.11437
-1.53	2.11058
-1.54	2.10685
-1.55	2.10318
-1.56	2.09956
-1.57	2.096
-1.58	2.0925
-1.59	2.08905
-1.6	2.08565
-1.61	2.08231
-1.62	2.07901
-1.63	2.07577
-1.64	2.07257
-1.65	2.06941
-1.66	2.06631
-1.67	2.06325
-1.68	2.06023
-1.69	2.05726
-1.7	2.05432
-1.71	2.05143
-1.72	2.04858
-1.73	2.04577
-1.74	2.043
-1.75	2.04026
-1.76	2.03757
-1.77	2.03491
-1.78	2.03228
-1.79	2.02969
-1.8	2.02713
-1.81	2.02461
-1.82	2.02212
-1.83	2.01966
-1.84	2.01724
-1.85	2.01484
-1.86	2.01248
-1.87	2.01015
-1.88	2.00784
-1.89	2.00557
-1.9	2.00332
-1.91	2.0011
-1.92	1.9989
-1.93	1.99674
-1.94	1.9946
-1.95	1.99248
-1.96	1.9904
-1.97	1.98833
-1.98	1.98629
-1.99	1.98428
-2	1.98228
-2.01	1.98031
-2.02	1.97837
-2.03	1.97645
-2.04	1.97454
-2.05	1.97266
-2.06	1.9708
-2.07	1.96897
-2.08	1.96715
-2.09	1.96535
-2.1	1.96357
-2.11	1.96182
-2.12	1.96008
-2.13	1.95836
-2.14	1.95666
-2.15	1.95497
-2.16	1.95331
-2.17	1.95166
-2.18	1.95003
-2.19	1.94842
-2.2	1.94682
-2.21	1.94524
-2.22	1.94368
-2.23	1.94213
-2.24	1.9406
-2.25	1.93909
-2.26	1.93759
-2.27	1.9361
-2.28	1.93463
-2.29	1.93318
-2.3	1.93174
-2.31	1.93031
-2.32	1.9289
-2.33	1.9275
-2.34	1.92612
-2.35	1.92474
-2.36	1.92339
-2.37	1.92204
-2.38	1.92071
-2.39	1.91939
-2.4	1.91808
-2.41	1.91679
-2.42	1.91551
-2.43	1.91424
-2.44	1.91298
-2.45	1.91173
-2.46	1.91049
-2.47	1.90927
-2.48	1.90806
-2.49	1.90686
-2.5	1.90567
-2.51	1.90448
-2.52	1.90332
-2.53	1.90216
-2.54	1.90101
-2.55	1.89987
-2.56	1.89874
-2.57	1.89762
-2.58	1.89651
-2.59	1.89541
-2.6	1.89432
-2.61	1.89324
-2.62	1.89217
-2.63	1.89111
-2.64	1.89006
-2.65	1.88901
-2.66	1.88798
-2.67	1.88695
-2.68	1.88593
-2.69	1.88492
-2.7	1.88392
-2.71	1.88293
-2.72	1.88195
-2.73	1.88097
-2.74	1.88
-2.75	1.87904
-2.76	1.87809
-2.77	1.87714
-2.78	1.87621
-2.79	1.87528
-2.8	1.87435
-2.81	1.87344
-2.82	1.87253
-2.83	1.87163
-2.84	1.87073
-2.85	1.86985
-2.86	1.86897
-2.87	1.8681
-2.88	1.86723
-2.89	1.86637
-2.9	1.86552
-2.91	1.86467
-2.92	1.86383
-2.93	1.863
-2.94	1.86217
-2.95	1.86135
-2.96	1.86053
-2.97	1.85972
-2.98	1.85892
-2.99	1.85812
-3	1.85733
-3.01	1.85655
-3.02	1.85577
-3.03	1.85499
-3.04	1.85423
-3.05	1.85346
-3.06	1.85271
-3.07	1.85196
-3.08	1.85121
-3.09	1.85047
-3.1	1.84973
-3.11	1.849
-3.12	1.84828
-3.13	1.84756
-3.14	1.84684
-3.15	1.84613
-3.16	1.84543
-3.17	1.84473
-3.18	1.84403
-3.19	1.84334
-3.2	1.84266
-3.21	1.84197
-3.22	1.8413
-3.23	1.84063
-3.24	1.83996
-3.25	1.8393
-3.26	1.83864
-3.27	1.83798
-3.28	1.83733
-3.29	1.83669
-3.3	1.83605
-3.31	1.83541
-3.32	1.83478
-3.33	1.83415
-3.34	1.83353
-3.35	1.83291
-3.36	1.83229
-3.37	1.83168
-3.38	1.83107
-3.39	1.83047
-3.4	1.82987
-3.41	1.82927
-3.42	1.82868
-3.43	1.82809
-3.44	1.8275
-3.45	1.82692
-3.46	1.82635
-3.47	1.82577
-3.48	1.8252
-3.49	1.82464
-3.5	1.82407
-3.51	1.82351
-3.52	1.82296
-3.53	1.8224
-3.54	1.82185
-3.55	1.82131
-3.56	1.82077
-3.57	1.82023
-3.58	1.81969
-3.59	1.81916
-3.6	1.81863
-3.61	1.8181
-3.62	1.81758
-3.63	1.81706
-3.64	1.81654
-3.65	1.81603
-3.66	1.81552
-3.67	1.81501
-3.68	1.8145
-3.69	1.814
-3.7	1.8135
-3.71	1.81301
-3.72	1.81251
-3.73	1.81202
-3.74	1.81154
-3.75	1.81105
-3.76	1.81057
-3.77	1.81009
-3.78	1.80961
-3.79	1.80914
-3.8	1.80867
-3.81	1.8082
-3.82	1.80774
-3.83	1.80727
-3.84	1.80681
-3.85	1.80636
-3.86	1.8059
-3.87	1.80545
-3.88	1.805
-3.89	1.80455
-3.9	1.8041
-3.91	1.80366
-3.92	1.80322
-3.93	1.80278
-3.94	1.80235
-3.95	1.80192
-3.96	1.80149
-3.97	1.80106
-3.98	1.80063
-3.99	1.80021
-4	1.79979
-4.01	1.79937
-4.02	1.79895
-4.03	1.79854
-4.04	1.79812
-4.05	1.79771
-4.06	1.79731
-4.07	1.7969
-4.08	1.7965
-4.09	1.7961
-4.1	1.7957
-4.11	1.7953
-4.12	1.7949
-4.13	1.79451
-4.14	1.79412
-4.15	1.79373
-4.16	1.79334
-4.17	1.79296
-4.18	1.79257
-4.19	1.79219
-4.2	1.79181
-4.21	1.79144
-4.22	1.79106
-4.23	1.79069
-4.24	1.79032
-4.25	1.78995
-4.26	1.78958
-4.27	1.78921
-4.28	1.78885
-4.29	1.78849
-4.3	1.78813
-4.31	1.78777
-4.32	1.78741
-4.33	1.78706
-4.34	1.7867
-4.35	1.78635
-4.36	1.786
-4.37	1.78565
-4.38	1.78531
-4.39	1.78496
-4.4	1.78462
-4.41	1.78428
-4.42	1.78394
-4.43	1.7836
-4.44	1.78326
-4.45	1.78293
-4.46	1.78259
-4.47	1.78226
-4.48	1.78193
-4.49	1.7816
-4.5	1.78128
-4.51	1.78095
-4.52	1.78063
-4.53	1.78031
-4.54	1.77999
-4.55	1.77967
-4.56	1.77935
-4.57	1.77903
-4.58	1.77872
-4.59	1.7784
-4.6	1.77809
-4.61	1.77778
-4.62	1.77747
-4.63	1.77716
-4.64	1.77686
-4.65	1.77655
-4.66	1.77625
-4.67	1.77595
-4.68	1.77565
-4.69	1.77535
-4.7	1.77505
-4.71	1.77475
-4.72	1.77446
-4.73	1.77416
-4.74	1.77387
-4.75	1.77358
-4.76	1.77329
-4.77	1.773
-4.78	1.77272
-4.79	1.77243
-4.8	1.77214
-4.81	1.77186
-4.82	1.77158
-4.83	1.7713
-4.84	1.77102
-4.85	1.77074
-4.86	1.77046
-4.87	1.77019
-4.88	1.76991
-4.89	1.76964
-4.9	1.76936
-4.91	1.76909
-4.92	1.76882
-4.93	1.76855
-4.94	1.76829
-4.95	1.76802
-4.96	1.76775
-4.97	1.76749
-4.98	1.76723
-4.99	1.76696
-5	1.7667
-5.01	1.76644
-5.02	1.76618
-5.03	1.76593
-5.04	1.76567
-5.05	1.76541
-5.06	1.76516
-5.07	1.76491
-5.08	1.76465
-5.09	1.7644
-5.1	1.76415
-5.11	1.7639
-5.12	1.76365
-5.13	1.76341
-5.14	1.76316
-5.15	1.76292
-5.16	1.76267
-5.17	1.76243
-5.18	1.76219
-5.19	1.76195
-5.2	1.76171
-5.21	1.76147
-5.22	1.76123
-5.23	1.76099
-5.24	1.76075
-5.25	1.76052
-5.26	1.76028
-5.27	1.76005
-5.28	1.75982
-5.29	1.75959
-5.3	1.75936
-5.31	1.75913
-5.32	1.7589
-5.33	1.75867
-5.34	1.75844
-5.35	1.75822
-5.36	1.75799
-5.37	1.75777
-5.38	1.75754
-5.39	1.75732
-5.4	1.7571
-5.41	1.75688
-5.42	1.75666
-5.43	1.75644
-5.44	1.75622
-5.45	1.756
-5.46	1.75579
-5.47	1.75557
-5.48	1.75536
-5.49	1.75514
-5.5	1.75493
-5.51	1.75472
-5.52	1.75451
-5.53	1.75429
-5.54	1.75408
-5.55	1.75388
-5.56	1.75367
-5.57	1.75346
-5.58	1.75325
-5.59	1.75305
-5.6	1.75284
-5.61	1.75264
-5.62	1.75243
-5.63	1.75223
-5.64	1.75203
-5.65	1.75183
-5.66	1.75163
-5.67	1.75143
-5.68	1.75123
-5.69	1.75103
-5.7	1.75083
-5.71	1.75063
-5.72	1.75044
-5.73	1.75024
-5.74	1.75005
-5.75	1.74985
-5.76	1.74966
-5.77	1.74947
-5.78	1.74927
-5.79	1.74908
-5.8	1.74889
-5.81	1.7487
-5.82	1.74851
-5.83	1.74832
-5.84	1.74814
-5.85	1.74795
-5.86	1.74776
-5.87	1.74758
-5.88	1.74739
-5.89	1.74721
-5.9	1.74702
-5.91	1.74684
-5.92	1.74666
-5.93	1.74648
-5.94	1.74629
-5.95	1.74611
-5.96	1.74593
-5.97	1.74575
-5.98	1.74558
-5.99	1.7454
-6	1.74522
-6.01	1.74504
-6.02	1.74487
-6.03	1.74469
-6.04	1.74452
-6.05	1.74434
-6.06	1.74417
-6.07	1.744
-6.08	1.74382
-6.09	1.74365
-6.1	1.74348
-6.11	1.74331
-6.12	1.74314
-6.13	1.74297
-6.14	1.7428
-6.15	1.74263
-6.16	1.74246
-6.17	1.7423
-6.18	1.74213
-6.19	1.74196
-6.2	1.7418
-6.21	1.74163
-6.22	1.74147
-6.23	1.7413
-6.24	1.74114
-6.25	1.74098
-6.26	1.74081
-6.27	1.74065
-6.28	1.74049
-6.29	1.74033
-6.3	1.74017
-6.31	1.74001
-6.32	1.73985
-6.33	1.73969
-6.34	1.73954
-6.35	1.73938
-6.36	1.73922
-6.37	1.73906
-6.38	1.73891
-6.39	1.73875
-6.4	1.7386
-6.41	1.73844
-6.42	1.73829
-6.43	1.73814
-6.44	1.73798
-6.45	1.73783
-6.46	1.73768
-6.47	1.73753
-6.48	1.73738
-6.49	1.73723
-6.5	1.73708
-6.51	1.73693
-6.52	1.73678
-6.53	1.73663
-6.54	1.73648
-6.55	1.73633
-6.56	1.73619
-6.57	1.73604
-6.58	1.73589
-6.59	1.73575
-6.6	1.7356
-6.61	1.73546
-6.62	1.73531
-6.63	1.73517
-6.64	1.73503
-6.65	1.73488
-6.66	1.73474
-6.67	1.7346
-6.68	1.73446
-6.69	1.73432
-6.7	1.73417
-6.71	1.73403
-6.72	1.73389
-6.73	1.73376
-6.74	1.73362
-6.75	1.73348
-6.76	1.73334
-6.77	1.7332
-6.78	1.73306
-6.79	1.73293
-6.8	1.73279
-6.81	1.73266
-6.82	1.73252
-6.83	1.73238
-6.84	1.73225
-6.85	1.73212
-6.86	1.73198
-6.87	1.73185
-6.88	1.73171
-6.89	1.73158
-6.9	1.73145
-6.91	1.73132
-6.92	1.73119
-6.93	1.73105
-6.94	1.73092
-6.95	1.73079
-6.96	1.73066
-6.97	1.73053
-6.98	1.7304
-6.99	1.73028
-7	1.73015
-7.01	1.73002
-7.02	1.72989
-7.03	1.72976
-7.04	1.72964
-7.05	1.72951
-7.06	1.72939
-7.07	1.72926
-7.08	1.72913
-7.09	1.72901
-7.1	1.72888
-7.11	1.72876
-7.12	1.72864
-7.13	1.72851
-7.14	1.72839
-7.15	1.72827
-7.16	1.72814
-7.17	1.72802
-7.18	1.7279
-7.19	1.72778
-7.2	1.72766
-7.21	1.72754
-7.22	1.72742
-7.23	1.7273
-7.24	1.72718
-7.25	1.72706
-7.26	1.72694
-7.27	1.72682
-7.28	1.7267
-7.29	1.72658
-7.3	1.72647
-7.31	1.72635
-7.32	1.72623
-7.33	1.72611
-7.34	1.726
-7.35	1.72588
-7.36	1.72577
-7.37	1.72565
-7.38	1.72554
-7.39	1.72542
-7.4	1.72531
-7.41	1.72519
-7.42	1.72508
-7.43	1.72497
-7.44	1.72485
-7.45	1.72474
-7.46	1.72463
-7.47	1.72452
-7.48	1.7244
-7.49	1.72429
-7.5	1.72418
-7.51	1.72407
-7.52	1.72396
-7.53	1.72385
-7.54	1.72374
-7.55	1.72363
-7.56	1.72352
-7.57	1.72341
-7.58	1.7233
-7.59	1.72319
-7.6	1.72309
-7.61	1.72298
-7.62	1.72287
-7.63	1.72276
-7.64	1.72266
-7.65	1.72255
-7.66	1.72244
-7.67	1.72234
-7.68	1.72223
-7.69	1.72213
-7.7	1.72202
-7.71	1.72192
-7.72	1.72181
-7.73	1.72171
-7.74	1.7216
-7.75	1.7215
-7.76	1.72139
-7.77	1.72129
-7.78	1.72119
-7.79	1.72109
-7.8	1.72098
-7.81	1.72088
-7.82	1.72078
-7.83	1.72068
-7.84	1.72058
-7.85	1.72047
-7.86	1.72037
-7.87	1.72027
-7.88	1.72017
-7.89	1.72007
-7.9	1.71997
-7.91	1.71987
-7.92	1.71977
-7.93	1.71967
-7.94	1.71958
-7.95	1.71948
-7.96	1.71938
-7.97	1.71928
-7.98	1.71918
-7.99	1.71909
-8	1.71899
-8.01	1.71889
-8.02	1.7188
-8.03	1.7187
-8.04	1.7186
-8.05	1.71851
-8.06	1.71841
-8.07	1.71832
-8.08	1.71822
-8.09	1.71813
-8.1	1.71803
-8.11	1.71794
-8.12	1.71784
-8.13	1.71775
-8.14	1.71765
-8.15	1.71756
-8.16	1.71747
-8.17	1.71737
-8.18	1.71728
-8.19	1.71719
-8.2	1.7171
-8.21	1.717
-8.22	1.71691
-8.23	1.71682
-8.24	1.71673
-8.25	1.71664
-8.26	1.71655
-8.27	1.71646
-8.28	1.71637
-8.29	1.71628
-8.3	1.71619
-8.31	1.7161
-8.32	1.71601
-8.33	1.71592
-8.34	1.71583
-8.35	1.71574
-8.36	1.71565
-8.37	1.71556
-8.38	1.71547
-8.39	1.71538
-8.4	1.7153
-8.41	1.71521
-8.42	1.71512
-8.43	1.71503
-8.44	1.71495
-8.45	1.71486
-8.46	1.71477
-8.47	1.71469
-8.48	1.7146
-8.49	1.71452
-8.5	1.71443
-8.51	1.71434
-8.52	1.71426
-8.53	1.71417
-8.54	1.71409
-8.55	1.714
-8.56	1.71392
-8.57	1.71384
-8.58	1.71375
-8.59	1.71367
-8.6	1.71358
-8.61	1.7135
-8.62	1.71342
-8.63	1.71333
-8.64	1.71325
-8.65	1.71317
-8.66	1.71309
-8.67	1.713
-8.68	1.71292
-8.69	1.71284
-8.7	1.71276
-8.71	1.71268
-8.72	1.7126
-8.73	1.71251
-8.74	1.71243
-8.75	1.71235
-8.76	1.71227
-8.77	1.71219
-8.78	1.71211
-8.79	1.71203
-8.8	1.71195
-8.81	1.71187
-8.82	1.71179
-8.83	1.71171
-8.84	1.71163
-8.85	1.71156
-8.86	1.71148
-8.87	1.7114
-8.88	1.71132
-8.89	1.71124
-8.9	1.71116
-8.91	1.71109
-8.92	1.71101
-8.93	1.71093
-8.94	1.71085
-8.95	1.71078
-8.96	1.7107
-8.97	1.71062
-8.98	1.71055
-8.99	1.71047
-9	1.7104
-9.01	1.71032
-9.02	1.71024
-9.03	1.71017
-9.04	1.71009
-9.05	1.71002
-9.06	1.70994
-9.07	1.70987
-9.08	1.70979
-9.09	1.70972
-9.1	1.70964
-9.11	1.70957
-9.12	1.70949
-9.13	1.70942
-9.14	1.70935
-9.15	1.70927
-9.16	1.7092
-9.17	1.70913
-9.18	1.70905
-9.19	1.70898
-9.2	1.70891
-9.21	1.70884
-9.22	1.70876
-9.23	1.70869
-9.24	1.70862
-9.25	1.70855
-9.26	1.70847
-9.27	1.7084
-9.28	1.70833
-9.29	1.70826
-9.3	1.70819
-9.31	1.70812
-9.32	1.70805
-9.33	1.70798
-9.34	1.70791
-9.35	1.70784
-9.36	1.70777
-9.37	1.7077
-9.38	1.70763
-9.39	1.70756
-9.4	1.70749
-9.41	1.70742
-9.42	1.70735
-9.43	1.70728
-9.44	1.70721
-9.45	1.70714
-9.46	1.70707
-9.47	1.707
-9.48	1.70694
-9.49	1.70687
-9.5	1.7068
-9.51	1.70673
-9.52	1.70666
-9.53	1.7066
-9.54	1.70653
-9.55	1.70646
-9.56	1.70639
-9.57	1.70633
-9.58	1.70626
-9.59	1.70619
-9.6	1.70613
-9.61	1.70606
-9.62	1.70599
-9.63	1.70593
-9.64	1.70586
-9.65	1.70579
-9.66	1.70573
-9.67	1.70566
-9.68	1.7056
-9.69	1.70553
-9.7	1.70547
-9.71	1.7054
-9.72	1.70534
-9.73	1.70527
-9.74	1.70521
-9.75	1.70514
-9.76	1.70508
-9.77	1.70501
-9.78	1.70495
-9.79	1.70489
-9.8	1.70482
-9.81	1.70476
-9.82	1.7047
-9.83	1.70463
-9.84	1.70457
-9.85	1.70451
-9.86	1.70444
-9.87	1.70438
-9.88	1.70432
-9.89	1.70425
-9.9	1.70419
-9.91	1.70413
-9.92	1.70407
-9.93	1.704
-9.94	1.70394
-9.95	1.70388
-9.96	1.70382
-9.97	1.70376
-9.98	1.7037
-9.99	1.70363
-10	1.70357
-10.01	1.70351
-10.02	1.70345
-10.03	1.70339
-10.04	1.70333
-10.05	1.70327
-10.06	1.70321
-10.07	1.70315
-10.08	1.70309
-10.09	1.70303
-10.1	1.70297
-10.11	1.70291
-10.12	1.70285
-10.13	1.70279
-10.14	1.70273
-10.15	1.70267
-10.16	1.70261
-10.17	1.70255
-10.18	1.70249
-10.19	1.70243
-10.2	1.70237
-10.21	1.70232
-10.22	1.70226
-10.23	1.7022
-10.24	1.70214
-10.25	1.70208
-10.26	1.70202
-10.27	1.70197
-10.28	1.70191
-10.29	1.70185
-10.3	1.70179
-10.31	1.70173
-10.32	1.70168
-10.33	1.70162
-10.34	1.70156
-10.35	1.70151
-10.36	1.70145
-10.37	1.70139
-10.38	1.70134
-10.39	1.70128
-10.4	1.70122
-10.41	1.70117
-10.42	1.70111
-10.43	1.70105
-10.44	1.701
-10.45	1.70094
-10.46	1.70089
-10.47	1.70083
-10.48	1.70077
-10.49	1.70072
-10.5	1.70066
-10.51	1.70061
-10.52	1.70055
-10.53	1.7005
-10.54	1.70044
-10.55	1.70039
-10.56	1.70033
-10.57	1.70028
-10.58	1.70022
-10.59	1.70017
-10.6	1.70012
-10.61	1.70006
-10.62	1.70001
-10.63	1.69995
-10.64	1.6999
-10.65	1.69985
-10.66	1.69979
-10.67	1.69974
-10.68	1.69968
-10.69	1.69963
-10.7	1.69958
-10.71	1.69952
-10.72	1.69947
-10.73	1.69942
-10.74	1.69937
-10.75	1.69931
-10.76	1.69926
-10.77	1.69921
-10.78	1.69916
-10.79	1.6991
-10.8	1.69905
-10.81	1.699
-10.82	1.69895
-10.83	1.69889
-10.84	1.69884
-10.85	1.69879
-10.86	1.69874
-10.87	1.69869
-10.88	1.69864
-10.89	1.69858
-10.9	1.69853
-10.91	1.69848
-10.92	1.69843
-10.93	1.69838
-10.94	1.69833
-10.95	1.69828
-10.96	1.69823
-10.97	1.69818
-10.98	1.69813
-10.99	1.69808
-11	1.69803
-11.01	1.69798
-11.02	1.69793
-11.03	1.69788
-11.04	1.69783
-11.05	1.69778
-11.06	1.69773
-11.07	1.69768
-11.08	1.69763
-11.09	1.69758
-11.1	1.69753
-11.11	1.69748
-11.12	1.69743
-11.13	1.69738
-11.14	1.69733
-11.15	1.69728
-11.16	1.69723
-11.17	1.69718
-11.18	1.69714
-11.19	1.69709
-11.2	1.69704
-11.21	1.69699
-11.22	1.69694
-11.23	1.69689
-11.24	1.69685
-11.25	1.6968
-11.26	1.69675
-11.27	1.6967
-11.28	1.69665
-11.29	1.69661
-11.3	1.69656
-11.31	1.69651
-11.32	1.69646
-11.33	1.69642
-11.34	1.69637
-11.35	1.69632
-11.36	1.69627
-11.37	1.69623
-11.38	1.69618
-11.39	1.69613
-11.4	1.69609
-11.41	1.69604
-11.42	1.69599
-11.43	1.69595
-11.44	1.6959
-11.45	1.69585
-11.46	1.69581
-11.47	1.69576
-11.48	1.69572
-11.49	1.69567
-11.5	1.69562
-11.51	1.69558
-11.52	1.69553
-11.53	1.69549
-11.54	1.69544
-11.55	1.6954
-11.56	1.69535
-11.57	1.6953
-11.58	1.69526
-11.59	1.69521
-11.6	1.69517
-11.61	1.69512
-11.62	1.69508
-11.63	1.69503
-11.64	1.69499
-11.65	1.69494
-11.66	1.6949
-11.67	1.69486
-11.68	1.69481
-11.69	1.69477
-11.7	1.69472
-11.71	1.69468
-11.72	1.69463
-11.73	1.69459
-11.74	1.69455
-11.75	1.6945
-11.76	1.69446
-11.77	1.69441
-11.78	1.69437
-11.79	1.69433
-11.8	1.69428
-11.81	1.69424
-11.82	1.6942
-11.83	1.69415
-11.84	1.69411
-11.85	1.69407
-11.86	1.69402
-11.87	1.69398
-11.88	1.69394
-11.89	1.69389
-11.9	1.69385
-11.91	1.69381
-11.92	1.69377
-11.93	1.69372
-11.94	1.69368
-11.95	1.69364
-11.96	1.6936
-11.97	1.69355
-11.98	1.69351
-11.99	1.69347
-12	1.69343
-12.01	1.69338
-12.02	1.69334
-12.03	1.6933
-12.04	1.69326
-12.05	1.69322
-12.06	1.69318
-12.07	1.69313
-12.08	1.69309
-12.09	1.69305
-12.1	1.69301
-12.11	1.69297
-12.12	1.69293
-12.13	1.69289
-12.14	1.69285
-12.15	1.6928
-12.16	1.69276
-12.17	1.69272
-12.18	1.69268
-12.19	1.69264
-12.2	1.6926
-12.21	1.69256
-12.22	1.69252
-12.23	1.69248
-12.24	1.69244
-12.25	1.6924
-12.26	1.69236
-12.27	1.69232
-12.28	1.69228
-12.29	1.69224
-12.3	1.6922
-12.31	1.69216
-12.32	1.69212
-12.33	1.69208
-12.34	1.69204
-12.35	1.692
-12.36	1.69196
-12.37	1.69192
-12.38	1.69188
-12.39	1.69184
-12.4	1.6918
-12.41	1.69176
-12.42	1.69172
-12.43	1.69168
-12.44	1.69164
-12.45	1.6916
-12.46	1.69157
-12.47	1.69153
-12.48	1.69149
-12.49	1.69145
-12.5	1.69141
-12.51	1.69137
-12.52	1.69133
-12.53	1.69129
-12.54	1.69126
-12.55	1.69122
-12.56	1.69118
-12.57	1.69114
-12.58	1.6911
-12.59	1.69106
-12.6	1.69103
-12.61	1.69099
-12.62	1.69095
-12.63	1.69091
-12.64	1.69087
-12.65	1.69084
-12.66	1.6908
-12.67	1.69076
-12.68	1.69072
-12.69	1.69069
-12.7	1.69065
-12.71	1.69061
-12.72	1.69057
-12.73	1.69054
-12.74	1.6905
-12.75	1.69046
-12.76	1.69043
-12.77	1.69039
-12.78	1.69035
-12.79	1.69031
-12.8	1.69028
-12.81	1.69024
-12.82	1.6902
-12.83	1.69017
-12.84	1.69013
-12.85	1.69009
-12.86	1.69006
-12.87	1.69002
-12.88	1.68998
-12.89	1.68995
-12.9	1.68991
-12.91	1.68988
-12.92	1.68984
-12.93	1.6898
-12.94	1.68977
-12.95	1.68973
-12.96	1.6897
-12.97	1.68966
-12.98	1.68962
-12.99	1.68959
-13	1.68955
-13.01	1.68952
-13.02	1.68948
-13.03	1.68945
-13.04	1.68941
-13.05	1.68937
-13.06	1.68934
-13.07	1.6893
-13.08	1.68927
-13.09	1.68923
-13.1	1.6892
-13.11	1.68916
-13.12	1.68913
-13.13	1.68909
-13.14	1.68906
-13.15	1.68902
-13.16	1.68899
-13.17	1.68895
-13.18	1.68892
-13.19	1.68888
-13.2	1.68885
-13.21	1.68881
-13.22	1.68878
-13.23	1.68875
-13.24	1.68871
-13.25	1.68868
-13.26	1.68864
-13.27	1.68861
-13.28	1.68857
-13.29	1.68854
-13.3	1.68851
-13.31	1.68847
-13.32	1.68844
-13.33	1.6884
-13.34	1.68837
-13.35	1.68834
-13.36	1.6883
-13.37	1.68827
-13.38	1.68824
-13.39	1.6882
-13.4	1.68817
-13.41	1.68813
-13.42	1.6881
-13.43	1.68807
-13.44	1.68803
-13.45	1.688
-13.46	1.68797
-13.47	1.68793
-13.48	1.6879
-13.49	1.68787
-13.5	1.68783
-13.51	1.6878
-13.52	1.68777
-13.53	1.68774
-13.54	1.6877
-13.55	1.68767
-13.56	1.68764
-13.57	1.6876
-13.58	1.68757
-13.59	1.68754
-13.6	1.68751
-13.61	1.68747
-13.62	1.68744
-13.63	1.68741
-13.64	1.68738
-13.65	1.68734
-13.66	1.68731
-13.67	1.68728
-13.68	1.68725
-13.69	1.68722
-13.7	1.68718
-13.71	1.68715
-13.72	1.68712
-13.73	1.68709
-13.74	1.68706
-13.75	1.68702
-13.76	1.68699
-13.77	1.68696
-13.78	1.68693
-13.79	1.6869
-13.8	1.68687
-13.81	1.68683
-13.82	1.6868
-13.83	1.68677
-13.84	1.68674
-13.85	1.68671
-13.86	1.68668
-13.87	1.68665
-13.88	1.68661
-13.89	1.68658
-13.9	1.68655
-13.91	1.68652
-13.92	1.68649
-13.93	1.68646
-13.94	1.68643
-13.95	1.6864
-13.96	1.68637
-13.97	1.68634
-13.98	1.6863
-13.99	1.68627
-14	1.68624
-14.01	1.68621
-14.02	1.68618
-14.03	1.68615
-14.04	1.68612
-14.05	1.68609
-14.06	1.68606
-14.07	1.68603
-14.08	1.686
-14.09	1.68597
-14.1	1.68594
-14.11	1.68591
-14.12	1.68588
-14.13	1.68585
-14.14	1.68582
-14.15	1.68579
-14.16	1.68576
-14.17	1.68573
-14.18	1.6857
-14.19	1.68567
-14.2	1.68564
-14.21	1.68561
-14.22	1.68558
-14.23	1.68555
-14.24	1.68552
-14.25	1.68549
-14.26	1.68546
-14.27	1.68543
-14.28	1.6854
-14.29	1.68537
-14.3	1.68534
-14.31	1.68531
-14.32	1.68528
-14.33	1.68525
-14.34	1.68523
-14.35	1.6852
-14.36	1.68517
-14.37	1.68514
-14.38	1.68511
-14.39	1.68508
-14.4	1.68505
-14.41	1.68502
-14.42	1.68499
-14.43	1.68496
-14.44	1.68494
-14.45	1.68491
-14.46	1.68488
-14.47	1.68485
-14.48	1.68482
-14.49	1.68479
-14.5	1.68476
-14.51	1.68473
-14.52	1.68471
-14.53	1.68468
-14.54	1.68465
-14.55	1.68462
-14.56	1.68459
-14.57	1.68456
-14.58	1.68454
-14.59	1.68451
-14.6	1.68448
-14.61	1.68445
-14.62	1.68442
-14.63	1.6844
-14.64	1.68437
-14.65	1.68434
-14.66	1.68431
-14.67	1.68428
-14.68	1.68426
-14.69	1.68423
-14.7	1.6842
-14.71	1.68417
-14.72	1.68414
-14.73	1.68412
-14.74	1.68409
-14.75	1.68406
-14.76	1.68403
-14.77	1.68401
-14.78	1.68398
-14.79	1.68395
-14.8	1.68392
-14.81	1.6839
-14.82	1.68387
-14.83	1.68384
-14.84	1.68382
-14.85	1.68379
-14.86	1.68376
-14.87	1.68373
-14.88	1.68371
-14.89	1.68368
-14.9	1.68365
-14.91	1.68363
-14.92	1.6836
-14.93	1.68357
-14.94	1.68354
-14.95	1.68352
-14.96	1.68349
-14.97	1.68346
-14.98	1.68344
-14.99	1.68341
-15	1.68338
-15.01	1.68336
-15.02	1.68333
-15.03	1.6833
-15.04	1.68328
-15.05	1.68325
-15.06	1.68323
-15.07	1.6832
-15.08	1.68317
-15.09	1.68315
-15.1	1.68312
-15.11	1.68309
-15.12	1.68307
-15.13	1.68304
-15.14	1.68301
-15.15	1.68299
-15.16	1.68296
-15.17	1.68294
-15.18	1.68291
-15.19	1.68288
-15.2	1.68286
-15.21	1.68283
-15.22	1.68281
-15.23	1.68278
-15.24	1.68276
-15.25	1.68273
-15.26	1.6827
-15.27	1.68268
-15.28	1.68265
-15.29	1.68263
-15.3	1.6826
-15.31	1.68258
-15.32	1.68255
-15.33	1.68252
-15.34	1.6825
-15.35	1.68247
-15.36	1.68245
-15.37	1.68242
-15.38	1.6824
-15.39	1.68237
-15.4	1.68235
-15.41	1.68232
-15.42	1.6823
-15.43	1.68227
-15.44	1.68225
-15.45	1.68222
-15.46	1.6822
-15.47	1.68217
-15.48	1.68215
-15.49	1.68212
-15.5	1.6821
-15.51	1.68207
-15.52	1.68205
-15.53	1.68202
-15.54	1.682
-15.55	1.68197
-15.56	1.68195
-15.57	1.68192
-15.58	1.6819
-15.59	1.68187
-15.6	1.68185
-15.61	1.68182
-15.62	1.6818
-15.63	1.68177
-15.64	1.68175
-15.65	1.68173
-15.66	1.6817
-15.67	1.68168
-15.68	1.68165
-15.69	1.68163
-15.7	1.6816
-15.71	1.68158
-15.72	1.68156
-15.73	1.68153
-15.74	1.68151
-15.75	1.68148
-15.76	1.68146
-15.77	1.68143
-15.78	1.68141
-15.79	1.68139
-15.8	1.68136
-15.81	1.68134
-15.82	1.68131
-15.83	1.68129
-15.84	1.68127
-15.85	1.68124
-15.86	1.68122
-15.87	1.6812
-15.88	1.68117
-15.89	1.68115
-15.9	1.68112
-15.91	1.6811
-15.92	1.68108
-15.93	1.68105
-15.94	1.68103
-15.95	1.68101
-15.96	1.68098
-15.97	1.68096
-15.98	1.68094
-15.99	1.68091
-16	1.68089
-16.01	1.68087
-16.02	1.68084
-16.03	1.68082
-16.04	1.6808
-16.05	1.68077
-16.06	1.68075
-16.07	1.68073
-16.08	1.6807
-16.09	1.68068
-16.1	1.68066
-16.11	1.68063
-16.12	1.68061
-16.13	1.68059
-16.14	1.68057
-16.15	1.68054
-16.16	1.68052
-16.17	1.6805
-16.18	1.68047
-16.19	1.68045
-16.2	1.68043
-16.21	1.68041
-16.22	1.68038
-16.23	1.68036
-16.24	1.68034
-16.25	1.68031
-16.26	1.68029
-16.27	1.68027
-16.28	1.68025
-16.29	1.68022
-16.3	1.6802
-16.31	1.68018
-16.32	1.68016
-16.33	1.68013
-16.34	1.68011
-16.35	1.68009
-16.36	1.68007
-16.37	1.68005
-16.38	1.68002
-16.39	1.68
-16.4	1.67998
-16.41	1.67996
-16.42	1.67993
-16.43	1.67991
-16.44	1.67989
-16.45	1.67987
-16.46	1.67985
-16.47	1.67982
-16.48	1.6798
-16.49	1.67978
-16.5	1.67976
-16.51	1.67974
-16.52	1.67971
-16.53	1.67969
-16.54	1.67967
-16.55	1.67965
-16.56	1.67963
-16.57	1.6796
-16.58	1.67958
-16.59	1.67956
-16.6	1.67954
-16.61	1.67952
-16.62	1.6795
-16.63	1.67947
-16.64	1.67945
-16.65	1.67943
-16.66	1.67941
-16.67	1.67939
-16.68	1.67937
-16.69	1.67935
-16.7	1.67932
-16.71	1.6793
-16.72	1.67928
-16.73	1.67926
-16.74	1.67924
-16.75	1.67922
-16.76	1.6792
-16.77	1.67918
-16.78	1.67915
-16.79	1.67913
-16.8	1.67911
-16.81	1.67909
-16.82	1.67907
-16.83	1.67905
-16.84	1.67903
-16.85	1.67901
-16.86	1.67899
-16.87	1.67896
-16.88	1.67894
-16.89	1.67892
-16.9	1.6789
-16.91	1.67888
-16.92	1.67886
-16.93	1.67884
-16.94	1.67882
-16.95	1.6788
-16.96	1.67878
-16.97	1.67876
-16.98	1.67874
-16.99	1.67871
-17	1.67869
-17.01	1.67867
-17.02	1.67865
-17.03	1.67863
-17.04	1.67861
-17.05	1.67859
-17.06	1.67857
-17.07	1.67855
-17.08	1.67853
-17.09	1.67851
-17.1	1.67849
-17.11	1.67847
-17.12	1.67845
-17.13	1.67843
-17.14	1.67841
-17.15	1.67839
-17.16	1.67837
-17.17	1.67835
-17.18	1.67833
-17.19	1.67831
-17.2	1.67829
-17.21	1.67827
-17.22	1.67825
-17.23	1.67823
-17.24	1.67821
-17.25	1.67819
-17.26	1.67817
-17.27	1.67815
-17.28	1.67813
-17.29	1.67811
-17.3	1.67809
-17.31	1.67807
-17.32	1.67805
-17.33	1.67803
-17.34	1.67801
-17.35	1.67799
-17.36	1.67797
-17.37	1.67795
-17.38	1.67793
-17.39	1.67791
-17.4	1.67789
-17.41	1.67787
-17.42	1.67785
-17.43	1.67783
-17.44	1.67781
-17.45	1.67779
-17.46	1.67777
-17.47	1.67775
-17.48	1.67773
-17.49	1.67771
-17.5	1.67769
-17.51	1.67767
-17.52	1.67765
-17.53	1.67763
-17.54	1.67761
-17.55	1.67759
-17.56	1.67758
-17.57	1.67756
-17.58	1.67754
-17.59	1.67752
-17.6	1.6775
-17.61	1.67748
-17.62	1.67746
-17.63	1.67744
-17.64	1.67742
-17.65	1.6774
-17.66	1.67738
-17.67	1.67736
-17.68	1.67734
-17.69	1.67733
-17.7	1.67731
-17.71	1.67729
-17.72	1.67727
-17.73	1.67725
-17.74	1.67723
-17.75	1.67721
-17.76	1.67719
-17.77	1.67717
-17.78	1.67716
-17.79	1.67714
-17.8	1.67712
-17.81	1.6771
-17.82	1.67708
-17.83	1.67706
-17.84	1.67704
-17.85	1.67702
-17.86	1.67701
-17.87	1.67699
-17.88	1.67697
-17.89	1.67695
-17.9	1.67693
-17.91	1.67691
-17.92	1.67689
-17.93	1.67687
-17.94	1.67686
-17.95	1.67684
-17.96	1.67682
-17.97	1.6768
-17.98	1.67678
-17.99	1.67676
-18	1.67675
-18.01	1.67673
-18.02	1.67671
-18.03	1.67669
-18.04	1.67667
-18.05	1.67665
-18.06	1.67664
-18.07	1.67662
-18.08	1.6766
-18.09	1.67658
-18.1	1.67656
-18.11	1.67655
-18.12	1.67653
-18.13	1.67651
-18.14	1.67649
-18.15	1.67647
-18.16	1.67645
-18.17	1.67644
-18.18	1.67642
-18.19	1.6764
-18.2	1.67638
-18.21	1.67636
-18.22	1.67635
-18.23	1.67633
-18.24	1.67631
-18.25	1.67629
-18.26	1.67628
-18.27	1.67626
-18.28	1.67624
-18.29	1.67622
-18.3	1.6762
-18.31	1.67619
-18.32	1.67617
-18.33	1.67615
-18.34	1.67613
-18.35	1.67612
-18.36	1.6761
-18.37	1.67608
-18.38	1.67606
-18.39	1.67604
-18.4	1.67603
-18.41	1.67601
-18.42	1.67599
-18.43	1.67597
-18.44	1.67596
-18.45	1.67594
-18.46	1.67592
-18.47	1.6759
-18.48	1.67589
-18.49	1.67587
-18.5	1.67585
-18.51	1.67583
-18.52	1.67582
-18.53	1.6758
-18.54	1.67578
-18.55	1.67577
-18.56	1.67575
-18.57	1.67573
-18.58	1.67571
-18.59	1.6757
-18.6	1.67568
-18.61	1.67566
-18.62	1.67564
-18.63	1.67563
-18.64	1.67561
-18.65	1.67559
-18.66	1.67558
-18.67	1.67556
-18.68	1.67554
-18.69	1.67553
-18.7	1.67551
-18.71	1.67549
-18.72	1.67547
-18.73	1.67546
-18.74	1.67544
-18.75	1.67542
-18.76	1.67541
-18.77	1.67539
-18.78	1.67537
-18.79	1.67536
-18.8	1.67534
-18.81	1.67532
-18.82	1.67531
-18.83	1.67529
-18.84	1.67527
-18.85	1.67526
-18.86	1.67524
-18.87	1.67522
-18.88	1.67521
-18.89	1.67519
-18.9	1.67517
-18.91	1.67516
-18.92	1.67514
-18.93	1.67512
-18.94	1.67511
-18.95	1.67509
-18.96	1.67507
-18.97	1.67506
-18.98	1.67504
-18.99	1.67502
-19	1.67501
-19.01	1.67499
-19.02	1.67497
-19.03	1.67496
-19.04	1.67494
-19.05	1.67492
-19.06	1.67491
-19.07	1.67489
-19.08	1.67488
-19.09	1.67486
-19.1	1.67484
-19.11	1.67483
-19.12	1.67481
-19.13	1.67479
-19.14	1.67478
-19.15	1.67476
-19.16	1.67475
-19.17	1.67473
-19.18	1.67471
-19.19	1.6747
-19.2	1.67468
-19.21	1.67466
-19.22	1.67465
-19.23	1.67463
-19.24	1.67462
-19.25	1.6746
-19.26	1.67458
-19.27	1.67457
-19.28	1.67455
-19.29	1.67454
-19.3	1.67452
-19.31	1.6745
-19.32	1.67449
-19.33	1.67447
-19.34	1.67446
-19.35	1.67444
-19.36	1.67442
-19.37	1.67441
-19.38	1.67439
-19.39	1.67438
-19.4	1.67436
-19.41	1.67435
-19.42	1.67433
-19.43	1.67431
-19.44	1.6743
-19.45	1.67428
-19.46	1.67427
-19.47	1.67425
-19.48	1.67424
-19.49	1.67422
-19.5	1.6742
-19.51	1.67419
-19.52	1.67417
-19.53	1.67416
-19.54	1.67414
-19.55	1.67413
-19.56	1.67411
-19.57	1.6741
-19.58	1.67408
-19.59	1.67406
-19.6	1.67405
-19.61	1.67403
-19.62	1.67402
-19.63	1.674
-19.64	1.67399
-19.65	1.67397
-19.66	1.67396
-19.67	1.67394
-19.68	1.67393
-19.69	1.67391
-19.7	1.6739
-19.71	1.67388
-19.72	1.67386
-19.73	1.67385
-19.74	1.67383
-19.75	1.67382
-19.76	1.6738
-19.77	1.67379
-19.78	1.67377
-19.79	1.67376
-19.8	1.67374
-19.81	1.67373
-19.82	1.67371
-19.83	1.6737
-19.84	1.67368
-19.85	1.67367
-19.86	1.67365
-19.87	1.67364
-19.88	1.67362
-19.89	1.67361
-19.9	1.67359
-19.91	1.67358
-19.92	1.67356
-19.93	1.67355
-19.94	1.67353
-19.95	1.67352
-19.96	1.6735
-19.97	1.67349
-19.98	1.67347
-19.99	1.67346
-20	1.67344
-20.01	1.67343
-20.02	1.67341
-20.03	1.6734
-20.04	1.67338
-20.05	1.67337
-20.06	1.67335
-20.07	1.67334
-20.08	1.67333
-20.09	1.67331
-20.1	1.6733
-20.11	1.67328
-20.12	1.67327
-20.13	1.67325
-20.14	1.67324
-20.15	1.67322
-20.16	1.67321
-20.17	1.67319
-20.18	1.67318
-20.19	1.67316
-20.2	1.67315
-20.21	1.67314
-20.22	1.67312
-20.23	1.67311
-20.24	1.67309
-20.25	1.67308
-20.26	1.67306
-20.27	1.67305
-20.28	1.67303
-20.29	1.67302
-20.3	1.67301
-20.31	1.67299
-20.32	1.67298
-20.33	1.67296
-20.34	1.67295
-20.35	1.67293
-20.36	1.67292
-20.37	1.6729
-20.38	1.67289
-20.39	1.67288
-20.4	1.67286
-20.41	1.67285
-20.42	1.67283
-20.43	1.67282
-20.44	1.67281
-20.45	1.67279
-20.46	1.67278
-20.47	1.67276
-20.48	1.67275
-20.49	1.67273
-20.5	1.67272
-20.51	1.67271
-20.52	1.67269
-20.53	1.67268
-20.54	1.67266
-20.55	1.67265
-20.56	1.67264
-20.57	1.67262
-20.58	1.67261
-20.59	1.67259
-20.6	1.67258
-20.61	1.67257
-20.62	1.67255
-20.63	1.67254
-20.64	1.67252
-20.65	1.67251
-20.66	1.6725
-20.67	1.67248
-20.68	1.67247
-20.69	1.67245
-20.7	1.67244
-20.71	1.67243
-20.72	1.67241
-20.73	1.6724
-20.74	1.67239
-20.75	1.67237
-20.76	1.67236
-20.77	1.67234
-20.78	1.67233
-20.79	1.67232
-20.8	1.6723
-20.81	1.67229
-20.82	1.67228
-20.83	1.67226
-20.84	1.67225
-20.85	1.67223
-20.86	1.67222
-20.87	1.67221
-20.88	1.67219
-20.89	1.67218
-20.9	1.67217
-20.91	1.67215
-20.92	1.67214
-20.93	1.67213
-20.94	1.67211
-20.95	1.6721
-20.96	1.67209
-20.97	1.67207
-20.98	1.67206
-20.99	1.67205
-21	1.67203
-21.01	1.67202
-21.02	1.672
-21.03	1.67199
-21.04	1.67198
-21.05	1.67196
-21.06	1.67195
-21.07	1.67194
-21.08	1.67192
-21.09	1.67191
-21.1	1.6719
-21.11	1.67188
-21.12	1.67187
-21.13	1.67186
-21.14	1.67184
-21.15	1.67183
-21.16	1.67182
-21.17	1.67181
-21.18	1.67179
-21.19	1.67178
-21.2	1.67177
-21.21	1.67175
-21.22	1.67174
-21.23	1.67173
-21.24	1.67171
-21.25	1.6717
-21.26	1.67169
-21.27	1.67167
-21.28	1.67166
-21.29	1.67165
-21.3	1.67163
-21.31	1.67162
-21.32	1.67161
-21.33	1.6716
-21.34	1.67158
-21.35	1.67157
-21.36	1.67156
-21.37	1.67154
-21.38	1.67153
-21.39	1.67152
-21.4	1.6715
-21.41	1.67149
-21.42	1.67148
-21.43	1.67147
-21.44	1.67145
-21.45	1.67144
-21.46	1.67143
-21.47	1.67141
-21.48	1.6714
-21.49	1.67139
-21.5	1.67138
-21.51	1.67136
-21.52	1.67135
-21.53	1.67134
-21.54	1.67132
-21.55	1.67131
-21.56	1.6713
-21.57	1.67129
-21.58	1.67127
-21.59	1.67126
-21.6	1.67125
-21.61	1.67124
-21.62	1.67122
-21.63	1.67121
-21.64	1.6712
-21.65	1.67118
-21.66	1.67117
-21.67	1.67116
-21.68	1.67115
-21.69	1.67113
-21.7	1.67112
-21.71	1.67111
-21.72	1.6711
-21.73	1.67108
-21.74	1.67107
-21.75	1.67106
-21.76	1.67105
-21.77	1.67103
-21.78	1.67102
-21.79	1.67101
-21.8	1.671
-21.81	1.67098
-21.82	1.67097
-21.83	1.67096
-21.84	1.67095
-21.85	1.67093
-21.86	1.67092
-21.87	1.67091
-21.88	1.6709
-21.89	1.67089
-21.9	1.67087
-21.91	1.67086
-21.92	1.67085
-21.93	1.67084
-21.94	1.67082
-21.95	1.67081
-21.96	1.6708
-21.97	1.67079
-21.98	1.67077
-21.99	1.67076
-22	1.67075
-22.01	1.67074
-22.02	1.67073
-22.03	1.67071
-22.04	1.6707
-22.05	1.67069
-22.06	1.67068
-22.07	1.67066
-22.08	1.67065
-22.09	1.67064
-22.1	1.67063
-22.11	1.67062
-22.12	1.6706
-22.13	1.67059
-22.14	1.67058
-22.15	1.67057
-22.16	1.67056
-22.17	1.67054
-22.18	1.67053
-22.19	1.67052
-22.2	1.67051
-22.21	1.6705
-22.22	1.67048
-22.23	1.67047
-22.24	1.67046
-22.25	1.67045
-22.26	1.67044
-22.27	1.67042
-22.28	1.67041
-22.29	1.6704
-22.3	1.67039
-22.31	1.67038
-22.32	1.67036
-22.33	1.67035
-22.34	1.67034
-22.35	1.67033
-22.36	1.67032
-22.37	1.67031
-22.38	1.67029
-22.39	1.67028
-22.4	1.67027
-22.41	1.67026
-22.42	1.67025
-22.43	1.67023
-22.44	1.67022
-22.45	1.67021
-22.46	1.6702
-22.47	1.67019
-22.48	1.67018
-22.49	1.67016
-22.5	1.67015
-22.51	1.67014
-22.52	1.67013
-22.53	1.67012
-22.54	1.67011
-22.55	1.67009
-22.56	1.67008
-22.57	1.67007
-22.58	1.67006
-22.59	1.67005
-22.6	1.67004
-22.61	1.67002
-22.62	1.67001
-22.63	1.67
-22.64	1.66999
-22.65	1.66998
-22.66	1.66997
-22.67	1.66996
-22.68	1.66994
-22.69	1.66993
-22.7	1.66992
-22.71	1.66991
-22.72	1.6699
-22.73	1.66989
-22.74	1.66988
-22.75	1.66986
-22.76	1.66985
-22.77	1.66984
-22.78	1.66983
-22.79	1.66982
-22.8	1.66981
-22.81	1.6698
-22.82	1.66978
-22.83	1.66977
-22.84	1.66976
-22.85	1.66975
-22.86	1.66974
-22.87	1.66973
-22.88	1.66972
-22.89	1.6697
-22.9	1.66969
-22.91	1.66968
-22.92	1.66967
-22.93	1.66966
-22.94	1.66965
-22.95	1.66964
-22.96	1.66963
-22.97	1.66961
-22.98	1.6696
-22.99	1.66959
-23	1.66958
-23.01	1.66957
-23.02	1.66956
-23.03	1.66955
-23.04	1.66954
-23.05	1.66953
-23.06	1.66951
-23.07	1.6695
-23.08	1.66949
-23.09	1.66948
-23.1	1.66947
-23.11	1.66946
-23.12	1.66945
-23.13	1.66944
-23.14	1.66943
-23.15	1.66941
-23.16	1.6694
-23.17	1.66939
-23.18	1.66938
-23.19	1.66937
-23.2	1.66936
-23.21	1.66935
-23.22	1.66934
-23.23	1.66933
-23.24	1.66932
-23.25	1.6693
-23.26	1.66929
-23.27	1.66928
-23.28	1.66927
-23.29	1.66926
-23.3	1.66925
-23.31	1.66924
-23.32	1.66923
-23.33	1.66922
-23.34	1.66921
-23.35	1.6692
-23.36	1.66919
-23.37	1.66917
-23.38	1.66916
-23.39	1.66915
-23.4	1.66914
-23.41	1.66913
-23.42	1.66912
-23.43	1.66911
-23.44	1.6691
-23.45	1.66909
-23.46	1.66908
-23.47	1.66907
-23.48	1.66906
-23.49	1.66905
-23.5	1.66903
-23.51	1.66902
-23.52	1.66901
-23.53	1.669
-23.54	1.66899
-23.55	1.66898
-23.56	1.66897
-23.57	1.66896
-23.58	1.66895
-23.59	1.66894
-23.6	1.66893
-23.61	1.66892
-23.62	1.66891
-23.63	1.6689
-23.64	1.66889
-23.65	1.66888
-23.66	1.66886
-23.67	1.66885
-23.68	1.66884
-23.69	1.66883
-23.7	1.66882
-23.71	1.66881
-23.72	1.6688
-23.73	1.66879
-23.74	1.66878
-23.75	1.66877
-23.76	1.66876
-23.77	1.66875
-23.78	1.66874
-23.79	1.66873
-23.8	1.66872
-23.81	1.66871
-23.82	1.6687
-23.83	1.66869
-23.84	1.66868
-23.85	1.66867
-23.86	1.66866
-23.87	1.66864
-23.88	1.66863
-23.89	1.66862
-23.9	1.66861
-23.91	1.6686
-23.92	1.66859
-23.93	1.66858
-23.94	1.66857
-23.95	1.66856
-23.96	1.66855
-23.97	1.66854
-23.98	1.66853
-23.99	1.66852
-24	1.66851
-24.01	1.6685
-24.02	1.66849
-24.03	1.66848
-24.04	1.66847
-24.05	1.66846
-24.06	1.66845
-24.07	1.66844
-24.08	1.66843
-24.09	1.66842
-24.1	1.66841
-24.11	1.6684
-24.12	1.66839
-24.13	1.66838
-24.14	1.66837
-24.15	1.66836
-24.16	1.66835
-24.17	1.66834
-24.18	1.66833
-24.19	1.66832
-24.2	1.66831
-24.21	1.6683
-24.22	1.66829
-24.23	1.66828
-24.24	1.66827
-24.25	1.66826
-24.26	1.66825
-24.27	1.66824
-24.28	1.66823
-24.29	1.66822
-24.3	1.66821
-24.31	1.6682
-24.32	1.66819
-24.33	1.66818
-24.34	1.66817
-24.35	1.66816
-24.36	1.66815
-24.37	1.66814
-24.38	1.66813
-24.39	1.66812
-24.4	1.66811
-24.41	1.6681
-24.42	1.66809
-24.43	1.66808
-24.44	1.66807
-24.45	1.66806
-24.46	1.66805
-24.47	1.66804
-24.48	1.66803
-24.49	1.66802
-24.5	1.66801
-24.51	1.668
-24.52	1.66799
-24.53	1.66798
-24.54	1.66797
-24.55	1.66796
-24.56	1.66795
-24.57	1.66794
-24.58	1.66793
-24.59	1.66792
-24.6	1.66791
-24.61	1.6679
-24.62	1.66789
-24.63	1.66788
-24.64	1.66787
-24.65	1.66786
-24.66	1.66785
-24.67	1.66784
-24.68	1.66783
-24.69	1.66782
-24.7	1.66781
-24.71	1.6678
-24.72	1.66779
-24.73	1.66779
-24.74	1.66778
-24.75	1.66777
-24.76	1.66776
-24.77	1.66775
-24.78	1.66774
-24.79	1.66773
-24.8	1.66772
-24.81	1.66771
-24.82	1.6677
-24.83	1.66769
-24.84	1.66768
-24.85	1.66767
-24.86	1.66766
-24.87	1.66765
-24.88	1.66764
-24.89	1.66763
-24.9	1.66762
-24.91	1.66761
-24.92	1.6676
-24.93	1.66759
-24.94	1.66758
-24.95	1.66757
-24.96	1.66757
-24.97	1.66756
-24.98	1.66755
-24.99	1.66754
-25	1.66753
-25.01	1.66752
-25.02	1.66751
-25.03	1.6675
-25.04	1.66749
-25.05	1.66748
-25.06	1.66747
-25.07	1.66746
-25.08	1.66745
-25.09	1.66744
-25.1	1.66743
-25.11	1.66742
-25.12	1.66741
-25.13	1.66741
-25.14	1.6674
-25.15	1.66739
-25.16	1.66738
-25.17	1.66737
-25.18	1.66736
-25.19	1.66735
-25.2	1.66734
-25.21	1.66733
-25.22	1.66732
-25.23	1.66731
-25.24	1.6673
-25.25	1.66729
-25.26	1.66728
-25.27	1.66728
-25.28	1.66727
-25.29	1.66726
-25.3	1.66725
-25.31	1.66724
-25.32	1.66723
-25.33	1.66722
-25.34	1.66721
-25.35	1.6672
-25.36	1.66719
-25.37	1.66718
-25.38	1.66717
-25.39	1.66717
-25.4	1.66716
-25.41	1.66715
-25.42	1.66714
-25.43	1.66713
-25.44	1.66712
-25.45	1.66711
-25.46	1.6671
-25.47	1.66709
-25.48	1.66708
-25.49	1.66707
-25.5	1.66706
-25.51	1.66706
-25.52	1.66705
-25.53	1.66704
-25.54	1.66703
-25.55	1.66702
-25.56	1.66701
-25.57	1.667
-25.58	1.66699
-25.59	1.66698
-25.6	1.66697
-25.61	1.66697
-25.62	1.66696
-25.63	1.66695
-25.64	1.66694
-25.65	1.66693
-25.66	1.66692
-25.67	1.66691
-25.68	1.6669
-25.69	1.66689
-25.7	1.66689
-25.71	1.66688
-25.72	1.66687
-25.73	1.66686
-25.74	1.66685
-25.75	1.66684
-25.76	1.66683
-25.77	1.66682
-25.78	1.66681
-25.79	1.66681
-25.8	1.6668
-25.81	1.66679
-25.82	1.66678
-25.83	1.66677
-25.84	1.66676
-25.85	1.66675
-25.86	1.66674
-25.87	1.66673
-25.88	1.66673
-25.89	1.66672
-25.9	1.66671
-25.91	1.6667
-25.92	1.66669
-25.93	1.66668
-25.94	1.66667
-25.95	1.66666
-25.96	1.66666
-25.97	1.66665
-25.98	1.66664
-25.99	1.66663
-26	1.66662
-26.01	1.66661
-26.02	1.6666
-26.03	1.66659
-26.04	1.66659
-26.05	1.66658
-26.06	1.66657
-26.07	1.66656
-26.08	1.66655
-26.09	1.66654
-26.1	1.66653
-26.11	1.66653
-26.12	1.66652
-26.13	1.66651
-26.14	1.6665
-26.15	1.66649
-26.16	1.66648
-26.17	1.66647
-26.18	1.66646
-26.19	1.66646
-26.2	1.66645
-26.21	1.66644
-26.22	1.66643
-26.23	1.66642
-26.24	1.66641
-26.25	1.6664
-26.26	1.6664
-26.27	1.66639
-26.28	1.66638
-26.29	1.66637
-26.3	1.66636
-26.31	1.66635
-26.32	1.66634
-26.33	1.66634
-26.34	1.66633
-26.35	1.66632
-26.36	1.66631
-26.37	1.6663
-26.38	1.66629
-26.39	1.66629
-26.4	1.66628
-26.41	1.66627
-26.42	1.66626
-26.43	1.66625
-26.44	1.66624
-26.45	1.66623
-26.46	1.66623
-26.47	1.66622
-26.48	1.66621
-26.49	1.6662
-26.5	1.66619
-26.51	1.66618
-26.52	1.66618
-26.53	1.66617
-26.54	1.66616
-26.55	1.66615
-26.56	1.66614
-26.57	1.66613
-26.58	1.66613
-26.59	1.66612
-26.6	1.66611
-26.61	1.6661
-26.62	1.66609
-26.63	1.66608
-26.64	1.66608
-26.65	1.66607
-26.66	1.66606
-26.67	1.66605
-26.68	1.66604
-26.69	1.66603
-26.7	1.66603
-26.71	1.66602
-26.72	1.66601
-26.73	1.666
-26.74	1.66599
-26.75	1.66599
-26.76	1.66598
-26.77	1.66597
-26.78	1.66596
-26.79	1.66595
-26.8	1.66594
-26.81	1.66594
-26.82	1.66593
-26.83	1.66592
-26.84	1.66591
-26.85	1.6659
-26.86	1.6659
-26.87	1.66589
-26.88	1.66588
-26.89	1.66587
-26.9	1.66586
-26.91	1.66585
-26.92	1.66585
-26.93	1.66584
-26.94	1.66583
-26.95	1.66582
-26.96	1.66581
-26.97	1.66581
-26.98	1.6658
-26.99	1.66579
-27	1.66578
-27.01	1.66577
-27.02	1.66577
-27.03	1.66576
-27.04	1.66575
-27.05	1.66574
-27.06	1.66573
-27.07	1.66572
-27.08	1.66572
-27.09	1.66571
-27.1	1.6657
-27.11	1.66569
-27.12	1.66568
-27.13	1.66568
-27.14	1.66567
-27.15	1.66566
-27.16	1.66565
-27.17	1.66565
-27.18	1.66564
-27.19	1.66563
-27.2	1.66562
-27.21	1.66561
-27.22	1.66561
-27.23	1.6656
-27.24	1.66559
-27.25	1.66558
-27.26	1.66557
-27.27	1.66557
-27.28	1.66556
-27.29	1.66555
-27.3	1.66554
-27.31	1.66553
-27.32	1.66553
-27.33	1.66552
-27.34	1.66551
-27.35	1.6655
-27.36	1.66549
-27.37	1.66549
-27.38	1.66548
-27.39	1.66547
-27.4	1.66546
-27.41	1.66546
-27.42	1.66545
-27.43	1.66544
-27.44	1.66543
-27.45	1.66542
-27.46	1.66542
-27.47	1.66541
-27.48	1.6654
-27.49	1.66539
-27.5	1.66539
-27.51	1.66538
-27.52	1.66537
-27.53	1.66536
-27.54	1.66535
-27.55	1.66535
-27.56	1.66534
-27.57	1.66533
-27.58	1.66532
-27.59	1.66532
-27.6	1.66531
-27.61	1.6653
-27.62	1.66529
-27.63	1.66528
-27.64	1.66528
-27.65	1.66527
-27.66	1.66526
-27.67	1.66525
-27.68	1.66525
-27.69	1.66524
-27.7	1.66523
-27.71	1.66522
-27.72	1.66522
-27.73	1.66521
-27.74	1.6652
-27.75	1.66519
-27.76	1.66518
-27.77	1.66518
-27.78	1.66517
-27.79	1.66516
-27.8	1.66515
-27.81	1.66515
-27.82	1.66514
-27.83	1.66513
-27.84	1.66512
-27.85	1.66512
-27.86	1.66511
-27.87	1.6651
-27.88	1.66509
-27.89	1.66509
-27.9	1.66508
-27.91	1.66507
-27.92	1.66506
-27.93	1.66506
-27.94	1.66505
-27.95	1.66504
-27.96	1.66503
-27.97	1.66503
-27.98	1.66502
-27.99	1.66501
-28	1.665
-28.01	1.665
-28.02	1.66499
-28.03	1.66498
-28.04	1.66497
-28.05	1.66497
-28.06	1.66496
-28.07	1.66495
-28.08	1.66494
-28.09	1.66494
-28.1	1.66493
-28.11	1.66492
-28.12	1.66491
-28.13	1.66491
-28.14	1.6649
-28.15	1.66489
-28.16	1.66488
-28.17	1.66488
-28.18	1.66487
-28.19	1.66486
-28.2	1.66485
-28.21	1.66485
-28.22	1.66484
-28.23	1.66483
-28.24	1.66482
-28.25	1.66482
-28.26	1.66481
-28.27	1.6648
-28.28	1.66479
-28.29	1.66479
-28.3	1.66478
-28.31	1.66477
-28.32	1.66477
-28.33	1.66476
-28.34	1.66475
-28.35	1.66474
-28.36	1.66474
-28.37	1.66473
-28.38	1.66472
-28.39	1.66471
-28.4	1.66471
-28.41	1.6647
-28.42	1.66469
-28.43	1.66469
-28.44	1.66468
-28.45	1.66467
-28.46	1.66466
-28.47	1.66466
-28.48	1.66465
-28.49	1.66464
-28.5	1.66463
-28.51	1.66463
-28.52	1.66462
-28.53	1.66461
-28.54	1.66461
-28.55	1.6646
-28.56	1.66459
-28.57	1.66458
-28.58	1.66458
-28.59	1.66457
-28.6	1.66456
-28.61	1.66456
-28.62	1.66455
-28.63	1.66454
-28.64	1.66453
-28.65	1.66453
-28.66	1.66452
-28.67	1.66451
-28.68	1.6645
-28.69	1.6645
-28.7	1.66449
-28.71	1.66448
-28.72	1.66448
-28.73	1.66447
-28.74	1.66446
-28.75	1.66446
-28.76	1.66445
-28.77	1.66444
-28.78	1.66443
-28.79	1.66443
-28.8	1.66442
-28.81	1.66441
-28.82	1.66441
-28.83	1.6644
-28.84	1.66439
-28.85	1.66438
-28.86	1.66438
-28.87	1.66437
-28.88	1.66436
-28.89	1.66436
-28.9	1.66435
-28.91	1.66434
-28.92	1.66433
-28.93	1.66433
-28.94	1.66432
-28.95	1.66431
-28.96	1.66431
-28.97	1.6643
-28.98	1.66429
-28.99	1.66429
-29	1.66428
-29.01	1.66427
-29.02	1.66426
-29.03	1.66426
-29.04	1.66425
-29.05	1.66424
-29.06	1.66424
-29.07	1.66423
-29.08	1.66422
-29.09	1.66422
-29.1	1.66421
-29.11	1.6642
-29.12	1.6642
-29.13	1.66419
-29.14	1.66418
-29.15	1.66417
-29.16	1.66417
-29.17	1.66416
-29.18	1.66415
-29.19	1.66415
-29.2	1.66414
-29.21	1.66413
-29.22	1.66413
-29.23	1.66412
-29.24	1.66411
-29.25	1.66411
-29.26	1.6641
-29.27	1.66409
-29.28	1.66408
-29.29	1.66408
-29.3	1.66407
-29.31	1.66406
-29.32	1.66406
-29.33	1.66405
-29.34	1.66404
-29.35	1.66404
-29.36	1.66403
-29.37	1.66402
-29.38	1.66402
-29.39	1.66401
-29.4	1.664
-29.41	1.664
-29.42	1.66399
-29.43	1.66398
-29.44	1.66398
-29.45	1.66397
-29.46	1.66396
-29.47	1.66396
-29.48	1.66395
-29.49	1.66394
-29.5	1.66394
-29.51	1.66393
-29.52	1.66392
-29.53	1.66392
-29.54	1.66391
-29.55	1.6639
-29.56	1.66389
-29.57	1.66389
-29.58	1.66388
-29.59	1.66387
-29.6	1.66387
-29.61	1.66386
-29.62	1.66385
-29.63	1.66385
-29.64	1.66384
-29.65	1.66383
-29.66	1.66383
-29.67	1.66382
-29.68	1.66381
-29.69	1.66381
-29.7	1.6638
-29.71	1.66379
-29.72	1.66379
-29.73	1.66378
-29.74	1.66377
-29.75	1.66377
-29.76	1.66376
-29.77	1.66375
-29.78	1.66375
-29.79	1.66374
-29.8	1.66373
-29.81	1.66373
-29.82	1.66372
-29.83	1.66371
-29.84	1.66371
-29.85	1.6637
-29.86	1.6637
-29.87	1.66369
-29.88	1.66368
-29.89	1.66368
-29.9	1.66367
-29.91	1.66366
-29.92	1.66366
-29.93	1.66365
-29.94	1.66364
-29.95	1.66364
-29.96	1.66363
-29.97	1.66362
-29.98	1.66362
-29.99	1.66361
-30	1.6636
