x	y
30	1.40712
29.99	1.40713
29.98	1.40713
29.97	1.40714
29.96	1.40714
29.95	1.40715
29.94	1.40715
29.93	1.40715
29.92	1.40716
29.91	1.40716
29.9	1.40717
29.89	1.40717
29.88	1.40718
29.87	1.40718
29.86	1.40719
29.85	1.40719
29.84	1.40719
29.83	1.4072
29.82	1.4072
29.81	1.40721
29.8	1.40721
29.79	1.40722
29.78	1.40722
29.77	1.40723
29.76	1.40723
29.75	1.40724
29.74	1.40724
29.73	1.40724
29.72	1.40725
29.71	1.40725
29.7	1.40726
29.69	1.40726
29.68	1.40727
29.67	1.40727
29.66	1.40728
29.65	1.40728
29.64	1.40729
29.63	1.40729
29.62	1.40729
29.61	1.4073
29.6	1.4073
29.59	1.40731
29.58	1.40731
29.57	1.40732
29.56	1.40732
29.55	1.40733
29.54	1.40733
29.53	1.40734
29.52	1.40734
29.51	1.40735
29.5	1.40735
29.49	1.40735
29.48	1.40736
29.47	1.40736
29.46	1.40737
29.45	1.40737
29.44	1.40738
29.43	1.40738
29.42	1.40739
29.41	1.40739
29.4	1.4074
29.39	1.4074
29.38	1.40741
29.37	1.40741
29.36	1.40741
29.35	1.40742
29.34	1.40742
29.33	1.40743
29.32	1.40743
29.31	1.40744
29.3	1.40744
29.29	1.40745
29.28	1.40745
29.27	1.40746
29.26	1.40746
29.25	1.40747
29.24	1.40747
29.23	1.40748
29.22	1.40748
29.21	1.40749
29.2	1.40749
29.19	1.40749
29.18	1.4075
29.17	1.4075
29.16	1.40751
29.15	1.40751
29.14	1.40752
29.13	1.40752
29.12	1.40753
29.11	1.40753
29.1	1.40754
29.09	1.40754
29.08	1.40755
29.07	1.40755
29.06	1.40756
29.05	1.40756
29.04	1.40757
29.03	1.40757
29.02	1.40758
29.01	1.40758
29	1.40758
28.99	1.40759
28.98	1.40759
28.97	1.4076
28.96	1.4076
28.95	1.40761
28.94	1.40761
28.93	1.40762
28.92	1.40762
28.91	1.40763
28.9	1.40763
28.89	1.40764
28.88	1.40764
28.87	1.40765
28.86	1.40765
28.85	1.40766
28.84	1.40766
28.83	1.40767
28.82	1.40767
28.81	1.40768
28.8	1.40768
28.79	1.40769
28.78	1.40769
28.77	1.4077
28.76	1.4077
28.75	1.40771
28.74	1.40771
28.73	1.40772
28.72	1.40772
28.71	1.40772
28.7	1.40773
28.69	1.40773
28.68	1.40774
28.67	1.40774
28.66	1.40775
28.65	1.40775
28.64	1.40776
28.63	1.40776
28.62	1.40777
28.61	1.40777
28.6	1.40778
28.59	1.40778
28.58	1.40779
28.57	1.40779
28.56	1.4078
28.55	1.4078
28.54	1.40781
28.53	1.40781
28.52	1.40782
28.51	1.40782
28.5	1.40783
28.49	1.40783
28.48	1.40784
28.47	1.40784
28.46	1.40785
28.45	1.40785
28.44	1.40786
28.43	1.40786
28.42	1.40787
28.41	1.40787
28.4	1.40788
28.39	1.40788
28.38	1.40789
28.37	1.40789
28.36	1.4079
28.35	1.4079
28.34	1.40791
28.33	1.40791
28.32	1.40792
28.31	1.40792
28.3	1.40793
28.29	1.40793
28.28	1.40794
28.27	1.40794
28.26	1.40795
28.25	1.40795
28.24	1.40796
28.23	1.40796
28.22	1.40797
28.21	1.40797
28.2	1.40798
28.19	1.40798
28.18	1.40799
28.17	1.40799
28.16	1.408
28.15	1.408
28.14	1.40801
28.13	1.40801
28.12	1.40802
28.11	1.40802
28.1	1.40803
28.09	1.40803
28.08	1.40804
28.07	1.40804
28.06	1.40805
28.05	1.40805
28.04	1.40806
28.03	1.40806
28.02	1.40807
28.01	1.40807
28	1.40808
27.99	1.40808
27.98	1.40809
27.97	1.4081
27.96	1.4081
27.95	1.40811
27.94	1.40811
27.93	1.40812
27.92	1.40812
27.91	1.40813
27.9	1.40813
27.89	1.40814
27.88	1.40814
27.87	1.40815
27.86	1.40815
27.85	1.40816
27.84	1.40816
27.83	1.40817
27.82	1.40817
27.81	1.40818
27.8	1.40818
27.79	1.40819
27.78	1.40819
27.77	1.4082
27.76	1.4082
27.75	1.40821
27.74	1.40821
27.73	1.40822
27.72	1.40822
27.71	1.40823
27.7	1.40824
27.69	1.40824
27.68	1.40825
27.67	1.40825
27.66	1.40826
27.65	1.40826
27.64	1.40827
27.63	1.40827
27.62	1.40828
27.61	1.40828
27.6	1.40829
27.59	1.40829
27.58	1.4083
27.57	1.4083
27.56	1.40831
27.55	1.40831
27.54	1.40832
27.53	1.40832
27.52	1.40833
27.51	1.40834
27.5	1.40834
27.49	1.40835
27.48	1.40835
27.47	1.40836
27.46	1.40836
27.45	1.40837
27.44	1.40837
27.43	1.40838
27.42	1.40838
27.41	1.40839
27.4	1.40839
27.39	1.4084
27.38	1.4084
27.37	1.40841
27.36	1.40842
27.35	1.40842
27.34	1.40843
27.33	1.40843
27.32	1.40844
27.31	1.40844
27.3	1.40845
27.29	1.40845
27.28	1.40846
27.27	1.40846
27.26	1.40847
27.25	1.40848
27.24	1.40848
27.23	1.40849
27.22	1.40849
27.21	1.4085
27.2	1.4085
27.19	1.40851
27.18	1.40851
27.17	1.40852
27.16	1.40852
27.15	1.40853
27.14	1.40853
27.13	1.40854
27.12	1.40855
27.11	1.40855
27.1	1.40856
27.09	1.40856
27.08	1.40857
27.07	1.40857
27.06	1.40858
27.05	1.40858
27.04	1.40859
27.03	1.4086
27.02	1.4086
27.01	1.40861
27	1.40861
26.99	1.40862
26.98	1.40862
26.97	1.40863
26.96	1.40863
26.95	1.40864
26.94	1.40864
26.93	1.40865
26.92	1.40866
26.91	1.40866
26.9	1.40867
26.89	1.40867
26.88	1.40868
26.87	1.40868
26.86	1.40869
26.85	1.40869
26.84	1.4087
26.83	1.40871
26.82	1.40871
26.81	1.40872
26.8	1.40872
26.79	1.40873
26.78	1.40873
26.77	1.40874
26.76	1.40875
26.75	1.40875
26.74	1.40876
26.73	1.40876
26.72	1.40877
26.71	1.40877
26.7	1.40878
26.69	1.40878
26.68	1.40879
26.67	1.4088
26.66	1.4088
26.65	1.40881
26.64	1.40881
26.63	1.40882
26.62	1.40882
26.61	1.40883
26.6	1.40884
26.59	1.40884
26.58	1.40885
26.57	1.40885
26.56	1.40886
26.55	1.40886
26.54	1.40887
26.53	1.40888
26.52	1.40888
26.51	1.40889
26.5	1.40889
26.49	1.4089
26.48	1.4089
26.47	1.40891
26.46	1.40892
26.45	1.40892
26.44	1.40893
26.43	1.40893
26.42	1.40894
26.41	1.40894
26.4	1.40895
26.39	1.40896
26.38	1.40896
26.37	1.40897
26.36	1.40897
26.35	1.40898
26.34	1.40899
26.33	1.40899
26.32	1.409
26.31	1.409
26.3	1.40901
26.29	1.40901
26.28	1.40902
26.27	1.40903
26.26	1.40903
26.25	1.40904
26.24	1.40904
26.23	1.40905
26.22	1.40906
26.21	1.40906
26.2	1.40907
26.19	1.40907
26.18	1.40908
26.17	1.40908
26.16	1.40909
26.15	1.4091
26.14	1.4091
26.13	1.40911
26.12	1.40911
26.11	1.40912
26.1	1.40913
26.09	1.40913
26.08	1.40914
26.07	1.40914
26.06	1.40915
26.05	1.40916
26.04	1.40916
26.03	1.40917
26.02	1.40917
26.01	1.40918
26	1.40919
25.99	1.40919
25.98	1.4092
25.97	1.4092
25.96	1.40921
25.95	1.40921
25.94	1.40922
25.93	1.40923
25.92	1.40923
25.91	1.40924
25.9	1.40924
25.89	1.40925
25.88	1.40926
25.87	1.40926
25.86	1.40927
25.85	1.40927
25.84	1.40928
25.83	1.40929
25.82	1.40929
25.81	1.4093
25.8	1.40931
25.79	1.40931
25.78	1.40932
25.77	1.40932
25.76	1.40933
25.75	1.40934
25.74	1.40934
25.73	1.40935
25.72	1.40935
25.71	1.40936
25.7	1.40937
25.69	1.40937
25.68	1.40938
25.67	1.40938
25.66	1.40939
25.65	1.4094
25.64	1.4094
25.63	1.40941
25.62	1.40941
25.61	1.40942
25.6	1.40943
25.59	1.40943
25.58	1.40944
25.57	1.40945
25.56	1.40945
25.55	1.40946
25.54	1.40946
25.53	1.40947
25.52	1.40948
25.51	1.40948
25.5	1.40949
25.49	1.40949
25.48	1.4095
25.47	1.40951
25.46	1.40951
25.45	1.40952
25.44	1.40953
25.43	1.40953
25.42	1.40954
25.41	1.40954
25.4	1.40955
25.39	1.40956
25.38	1.40956
25.37	1.40957
25.36	1.40958
25.35	1.40958
25.34	1.40959
25.33	1.40959
25.32	1.4096
25.31	1.40961
25.3	1.40961
25.29	1.40962
25.28	1.40963
25.27	1.40963
25.26	1.40964
25.25	1.40965
25.24	1.40965
25.23	1.40966
25.22	1.40966
25.21	1.40967
25.2	1.40968
25.19	1.40968
25.18	1.40969
25.17	1.4097
25.16	1.4097
25.15	1.40971
25.14	1.40971
25.13	1.40972
25.12	1.40973
25.11	1.40973
25.1	1.40974
25.09	1.40975
25.08	1.40975
25.07	1.40976
25.06	1.40977
25.05	1.40977
25.04	1.40978
25.03	1.40979
25.02	1.40979
25.01	1.4098
25	1.4098
24.99	1.40981
24.98	1.40982
24.97	1.40982
24.96	1.40983
24.95	1.40984
24.94	1.40984
24.93	1.40985
24.92	1.40986
24.91	1.40986
24.9	1.40987
24.89	1.40988
24.88	1.40988
24.87	1.40989
24.86	1.4099
24.85	1.4099
24.84	1.40991
24.83	1.40991
24.82	1.40992
24.81	1.40993
24.8	1.40993
24.79	1.40994
24.78	1.40995
24.77	1.40995
24.76	1.40996
24.75	1.40997
24.74	1.40997
24.73	1.40998
24.72	1.40999
24.71	1.40999
24.7	1.41
24.69	1.41001
24.68	1.41001
24.67	1.41002
24.66	1.41003
24.65	1.41003
24.64	1.41004
24.63	1.41005
24.62	1.41005
24.61	1.41006
24.6	1.41007
24.59	1.41007
24.58	1.41008
24.57	1.41009
24.56	1.41009
24.55	1.4101
24.54	1.41011
24.53	1.41011
24.52	1.41012
24.51	1.41013
24.5	1.41013
24.49	1.41014
24.48	1.41015
24.47	1.41015
24.46	1.41016
24.45	1.41017
24.44	1.41017
24.43	1.41018
24.42	1.41019
24.41	1.41019
24.4	1.4102
24.39	1.41021
24.38	1.41021
24.37	1.41022
24.36	1.41023
24.35	1.41023
24.34	1.41024
24.33	1.41025
24.32	1.41026
24.31	1.41026
24.3	1.41027
24.29	1.41028
24.28	1.41028
24.27	1.41029
24.26	1.4103
24.25	1.4103
24.24	1.41031
24.23	1.41032
24.22	1.41032
24.21	1.41033
24.2	1.41034
24.19	1.41034
24.18	1.41035
24.17	1.41036
24.16	1.41036
24.15	1.41037
24.14	1.41038
24.13	1.41039
24.12	1.41039
24.11	1.4104
24.1	1.41041
24.09	1.41041
24.08	1.41042
24.07	1.41043
24.06	1.41043
24.05	1.41044
24.04	1.41045
24.03	1.41046
24.02	1.41046
24.01	1.41047
24	1.41048
23.99	1.41048
23.98	1.41049
23.97	1.4105
23.96	1.4105
23.95	1.41051
23.94	1.41052
23.93	1.41053
23.92	1.41053
23.91	1.41054
23.9	1.41055
23.89	1.41055
23.88	1.41056
23.87	1.41057
23.86	1.41057
23.85	1.41058
23.84	1.41059
23.83	1.4106
23.82	1.4106
23.81	1.41061
23.8	1.41062
23.79	1.41062
23.78	1.41063
23.77	1.41064
23.76	1.41065
23.75	1.41065
23.74	1.41066
23.73	1.41067
23.72	1.41067
23.71	1.41068
23.7	1.41069
23.69	1.4107
23.68	1.4107
23.67	1.41071
23.66	1.41072
23.65	1.41072
23.64	1.41073
23.63	1.41074
23.62	1.41075
23.61	1.41075
23.6	1.41076
23.59	1.41077
23.58	1.41078
23.57	1.41078
23.56	1.41079
23.55	1.4108
23.54	1.4108
23.53	1.41081
23.52	1.41082
23.51	1.41083
23.5	1.41083
23.49	1.41084
23.48	1.41085
23.47	1.41086
23.46	1.41086
23.45	1.41087
23.44	1.41088
23.43	1.41088
23.42	1.41089
23.41	1.4109
23.4	1.41091
23.39	1.41091
23.38	1.41092
23.37	1.41093
23.36	1.41094
23.35	1.41094
23.34	1.41095
23.33	1.41096
23.32	1.41097
23.31	1.41097
23.3	1.41098
23.29	1.41099
23.28	1.411
23.27	1.411
23.26	1.41101
23.25	1.41102
23.24	1.41103
23.23	1.41103
23.22	1.41104
23.21	1.41105
23.2	1.41106
23.19	1.41106
23.18	1.41107
23.17	1.41108
23.16	1.41109
23.15	1.41109
23.14	1.4111
23.13	1.41111
23.12	1.41112
23.11	1.41112
23.1	1.41113
23.09	1.41114
23.08	1.41115
23.07	1.41115
23.06	1.41116
23.05	1.41117
23.04	1.41118
23.03	1.41118
23.02	1.41119
23.01	1.4112
23	1.41121
22.99	1.41121
22.98	1.41122
22.97	1.41123
22.96	1.41124
22.95	1.41125
22.94	1.41125
22.93	1.41126
22.92	1.41127
22.91	1.41128
22.9	1.41128
22.89	1.41129
22.88	1.4113
22.87	1.41131
22.86	1.41131
22.85	1.41132
22.84	1.41133
22.83	1.41134
22.82	1.41135
22.81	1.41135
22.8	1.41136
22.79	1.41137
22.78	1.41138
22.77	1.41138
22.76	1.41139
22.75	1.4114
22.74	1.41141
22.73	1.41142
22.72	1.41142
22.71	1.41143
22.7	1.41144
22.69	1.41145
22.68	1.41145
22.67	1.41146
22.66	1.41147
22.65	1.41148
22.64	1.41149
22.63	1.41149
22.62	1.4115
22.61	1.41151
22.6	1.41152
22.59	1.41153
22.58	1.41153
22.57	1.41154
22.56	1.41155
22.55	1.41156
22.54	1.41157
22.53	1.41157
22.52	1.41158
22.51	1.41159
22.5	1.4116
22.49	1.4116
22.48	1.41161
22.47	1.41162
22.46	1.41163
22.45	1.41164
22.44	1.41164
22.43	1.41165
22.42	1.41166
22.41	1.41167
22.4	1.41168
22.39	1.41168
22.38	1.41169
22.37	1.4117
22.36	1.41171
22.35	1.41172
22.34	1.41173
22.33	1.41173
22.32	1.41174
22.31	1.41175
22.3	1.41176
22.29	1.41177
22.28	1.41177
22.27	1.41178
22.26	1.41179
22.25	1.4118
22.24	1.41181
22.23	1.41181
22.22	1.41182
22.21	1.41183
22.2	1.41184
22.19	1.41185
22.18	1.41186
22.17	1.41186
22.16	1.41187
22.15	1.41188
22.14	1.41189
22.13	1.4119
22.12	1.41191
22.11	1.41191
22.1	1.41192
22.09	1.41193
22.08	1.41194
22.07	1.41195
22.06	1.41195
22.05	1.41196
22.04	1.41197
22.03	1.41198
22.02	1.41199
22.01	1.412
22	1.412
21.99	1.41201
21.98	1.41202
21.97	1.41203
21.96	1.41204
21.95	1.41205
21.94	1.41205
21.93	1.41206
21.92	1.41207
21.91	1.41208
21.9	1.41209
21.89	1.4121
21.88	1.41211
21.87	1.41211
21.86	1.41212
21.85	1.41213
21.84	1.41214
21.83	1.41215
21.82	1.41216
21.81	1.41216
21.8	1.41217
21.79	1.41218
21.78	1.41219
21.77	1.4122
21.76	1.41221
21.75	1.41222
21.74	1.41222
21.73	1.41223
21.72	1.41224
21.71	1.41225
21.7	1.41226
21.69	1.41227
21.68	1.41228
21.67	1.41228
21.66	1.41229
21.65	1.4123
21.64	1.41231
21.63	1.41232
21.62	1.41233
21.61	1.41234
21.6	1.41234
21.59	1.41235
21.58	1.41236
21.57	1.41237
21.56	1.41238
21.55	1.41239
21.54	1.4124
21.53	1.41241
21.52	1.41241
21.51	1.41242
21.5	1.41243
21.49	1.41244
21.48	1.41245
21.47	1.41246
21.46	1.41247
21.45	1.41248
21.44	1.41248
21.43	1.41249
21.42	1.4125
21.41	1.41251
21.4	1.41252
21.39	1.41253
21.38	1.41254
21.37	1.41255
21.36	1.41255
21.35	1.41256
21.34	1.41257
21.33	1.41258
21.32	1.41259
21.31	1.4126
21.3	1.41261
21.29	1.41262
21.28	1.41263
21.27	1.41263
21.26	1.41264
21.25	1.41265
21.24	1.41266
21.23	1.41267
21.22	1.41268
21.21	1.41269
21.2	1.4127
21.19	1.41271
21.18	1.41272
21.17	1.41272
21.16	1.41273
21.15	1.41274
21.14	1.41275
21.13	1.41276
21.12	1.41277
21.11	1.41278
21.1	1.41279
21.09	1.4128
21.08	1.41281
21.07	1.41282
21.06	1.41282
21.05	1.41283
21.04	1.41284
21.03	1.41285
21.02	1.41286
21.01	1.41287
21	1.41288
20.99	1.41289
20.98	1.4129
20.97	1.41291
20.96	1.41292
20.95	1.41293
20.94	1.41293
20.93	1.41294
20.92	1.41295
20.91	1.41296
20.9	1.41297
20.89	1.41298
20.88	1.41299
20.87	1.413
20.86	1.41301
20.85	1.41302
20.84	1.41303
20.83	1.41304
20.82	1.41305
20.81	1.41306
20.8	1.41306
20.79	1.41307
20.78	1.41308
20.77	1.41309
20.76	1.4131
20.75	1.41311
20.74	1.41312
20.73	1.41313
20.72	1.41314
20.71	1.41315
20.7	1.41316
20.69	1.41317
20.68	1.41318
20.67	1.41319
20.66	1.4132
20.65	1.41321
20.64	1.41322
20.63	1.41322
20.62	1.41323
20.61	1.41324
20.6	1.41325
20.59	1.41326
20.58	1.41327
20.57	1.41328
20.56	1.41329
20.55	1.4133
20.54	1.41331
20.53	1.41332
20.52	1.41333
20.51	1.41334
20.5	1.41335
20.49	1.41336
20.48	1.41337
20.47	1.41338
20.46	1.41339
20.45	1.4134
20.44	1.41341
20.43	1.41342
20.42	1.41343
20.41	1.41344
20.4	1.41345
20.39	1.41346
20.38	1.41347
20.37	1.41347
20.36	1.41348
20.35	1.41349
20.34	1.4135
20.33	1.41351
20.32	1.41352
20.31	1.41353
20.3	1.41354
20.29	1.41355
20.28	1.41356
20.27	1.41357
20.26	1.41358
20.25	1.41359
20.24	1.4136
20.23	1.41361
20.22	1.41362
20.21	1.41363
20.2	1.41364
20.19	1.41365
20.18	1.41366
20.17	1.41367
20.16	1.41368
20.15	1.41369
20.14	1.4137
20.13	1.41371
20.12	1.41372
20.11	1.41373
20.1	1.41374
20.09	1.41375
20.08	1.41376
20.07	1.41377
20.06	1.41378
20.05	1.41379
20.04	1.4138
20.03	1.41381
20.02	1.41382
20.01	1.41383
20	1.41384
19.99	1.41385
19.98	1.41386
19.97	1.41387
19.96	1.41388
19.95	1.41389
19.94	1.4139
19.93	1.41391
19.92	1.41392
19.91	1.41393
19.9	1.41394
19.89	1.41395
19.88	1.41396
19.87	1.41397
19.86	1.41399
19.85	1.414
19.84	1.41401
19.83	1.41402
19.82	1.41403
19.81	1.41404
19.8	1.41405
19.79	1.41406
19.78	1.41407
19.77	1.41408
19.76	1.41409
19.75	1.4141
19.74	1.41411
19.73	1.41412
19.72	1.41413
19.71	1.41414
19.7	1.41415
19.69	1.41416
19.68	1.41417
19.67	1.41418
19.66	1.41419
19.65	1.4142
19.64	1.41421
19.63	1.41422
19.62	1.41423
19.61	1.41425
19.6	1.41426
19.59	1.41427
19.58	1.41428
19.57	1.41429
19.56	1.4143
19.55	1.41431
19.54	1.41432
19.53	1.41433
19.52	1.41434
19.51	1.41435
19.5	1.41436
19.49	1.41437
19.48	1.41438
19.47	1.41439
19.46	1.4144
19.45	1.41441
19.44	1.41443
19.43	1.41444
19.42	1.41445
19.41	1.41446
19.4	1.41447
19.39	1.41448
19.38	1.41449
19.37	1.4145
19.36	1.41451
19.35	1.41452
19.34	1.41453
19.33	1.41454
19.32	1.41455
19.31	1.41457
19.3	1.41458
19.29	1.41459
19.28	1.4146
19.27	1.41461
19.26	1.41462
19.25	1.41463
19.24	1.41464
19.23	1.41465
19.22	1.41466
19.21	1.41468
19.2	1.41469
19.19	1.4147
19.18	1.41471
19.17	1.41472
19.16	1.41473
19.15	1.41474
19.14	1.41475
19.13	1.41476
19.12	1.41477
19.11	1.41479
19.1	1.4148
19.09	1.41481
19.08	1.41482
19.07	1.41483
19.06	1.41484
19.05	1.41485
19.04	1.41486
19.03	1.41487
19.02	1.41489
19.01	1.4149
19	1.41491
18.99	1.41492
18.98	1.41493
18.97	1.41494
18.96	1.41495
18.95	1.41496
18.94	1.41498
18.93	1.41499
18.92	1.415
18.91	1.41501
18.9	1.41502
18.89	1.41503
18.88	1.41504
18.87	1.41506
18.86	1.41507
18.85	1.41508
18.84	1.41509
18.83	1.4151
18.82	1.41511
18.81	1.41512
18.8	1.41514
18.79	1.41515
18.78	1.41516
18.77	1.41517
18.76	1.41518
18.75	1.41519
18.74	1.4152
18.73	1.41522
18.72	1.41523
18.71	1.41524
18.7	1.41525
18.69	1.41526
18.68	1.41527
18.67	1.41529
18.66	1.4153
18.65	1.41531
18.64	1.41532
18.63	1.41533
18.62	1.41534
18.61	1.41536
18.6	1.41537
18.59	1.41538
18.58	1.41539
18.57	1.4154
18.56	1.41541
18.55	1.41543
18.54	1.41544
18.53	1.41545
18.52	1.41546
18.51	1.41547
18.5	1.41548
18.49	1.4155
18.48	1.41551
18.47	1.41552
18.46	1.41553
18.45	1.41554
18.44	1.41556
18.43	1.41557
18.42	1.41558
18.41	1.41559
18.4	1.4156
18.39	1.41562
18.38	1.41563
18.37	1.41564
18.36	1.41565
18.35	1.41566
18.34	1.41568
18.33	1.41569
18.32	1.4157
18.31	1.41571
18.3	1.41572
18.29	1.41574
18.28	1.41575
18.27	1.41576
18.26	1.41577
18.25	1.41579
18.24	1.4158
18.23	1.41581
18.22	1.41582
18.21	1.41583
18.2	1.41585
18.19	1.41586
18.18	1.41587
18.17	1.41588
18.16	1.4159
18.15	1.41591
18.14	1.41592
18.13	1.41593
18.12	1.41594
18.11	1.41596
18.1	1.41597
18.09	1.41598
18.08	1.41599
18.07	1.41601
18.06	1.41602
18.05	1.41603
18.04	1.41604
18.03	1.41606
18.02	1.41607
18.01	1.41608
18	1.41609
17.99	1.41611
17.98	1.41612
17.97	1.41613
17.96	1.41614
17.95	1.41616
17.94	1.41617
17.93	1.41618
17.92	1.41619
17.91	1.41621
17.9	1.41622
17.89	1.41623
17.88	1.41625
17.87	1.41626
17.86	1.41627
17.85	1.41628
17.84	1.4163
17.83	1.41631
17.82	1.41632
17.81	1.41633
17.8	1.41635
17.79	1.41636
17.78	1.41637
17.77	1.41639
17.76	1.4164
17.75	1.41641
17.74	1.41642
17.73	1.41644
17.72	1.41645
17.71	1.41646
17.7	1.41648
17.69	1.41649
17.68	1.4165
17.67	1.41651
17.66	1.41653
17.65	1.41654
17.64	1.41655
17.63	1.41657
17.62	1.41658
17.61	1.41659
17.6	1.41661
17.59	1.41662
17.58	1.41663
17.57	1.41665
17.56	1.41666
17.55	1.41667
17.54	1.41669
17.53	1.4167
17.52	1.41671
17.51	1.41672
17.5	1.41674
17.49	1.41675
17.48	1.41676
17.47	1.41678
17.46	1.41679
17.45	1.4168
17.44	1.41682
17.43	1.41683
17.42	1.41684
17.41	1.41686
17.4	1.41687
17.39	1.41689
17.38	1.4169
17.37	1.41691
17.36	1.41693
17.35	1.41694
17.34	1.41695
17.33	1.41697
17.32	1.41698
17.31	1.41699
17.3	1.41701
17.29	1.41702
17.28	1.41703
17.27	1.41705
17.26	1.41706
17.25	1.41707
17.24	1.41709
17.23	1.4171
17.22	1.41712
17.21	1.41713
17.2	1.41714
17.19	1.41716
17.18	1.41717
17.17	1.41718
17.16	1.4172
17.15	1.41721
17.14	1.41723
17.13	1.41724
17.12	1.41725
17.11	1.41727
17.1	1.41728
17.09	1.4173
17.08	1.41731
17.07	1.41732
17.06	1.41734
17.05	1.41735
17.04	1.41736
17.03	1.41738
17.02	1.41739
17.01	1.41741
17	1.41742
16.99	1.41744
16.98	1.41745
16.97	1.41746
16.96	1.41748
16.95	1.41749
16.94	1.41751
16.93	1.41752
16.92	1.41753
16.91	1.41755
16.9	1.41756
16.89	1.41758
16.88	1.41759
16.87	1.41761
16.86	1.41762
16.85	1.41763
16.84	1.41765
16.83	1.41766
16.82	1.41768
16.81	1.41769
16.8	1.41771
16.79	1.41772
16.78	1.41773
16.77	1.41775
16.76	1.41776
16.75	1.41778
16.74	1.41779
16.73	1.41781
16.72	1.41782
16.71	1.41784
16.7	1.41785
16.69	1.41787
16.68	1.41788
16.67	1.41789
16.66	1.41791
16.65	1.41792
16.64	1.41794
16.63	1.41795
16.62	1.41797
16.61	1.41798
16.6	1.418
16.59	1.41801
16.58	1.41803
16.57	1.41804
16.56	1.41806
16.55	1.41807
16.54	1.41809
16.53	1.4181
16.52	1.41812
16.51	1.41813
16.5	1.41815
16.49	1.41816
16.48	1.41818
16.47	1.41819
16.46	1.41821
16.45	1.41822
16.44	1.41824
16.43	1.41825
16.42	1.41827
16.41	1.41828
16.4	1.4183
16.39	1.41831
16.38	1.41833
16.37	1.41834
16.36	1.41836
16.35	1.41837
16.34	1.41839
16.33	1.4184
16.32	1.41842
16.31	1.41843
16.3	1.41845
16.29	1.41846
16.28	1.41848
16.27	1.41849
16.26	1.41851
16.25	1.41852
16.24	1.41854
16.23	1.41856
16.22	1.41857
16.21	1.41859
16.2	1.4186
16.19	1.41862
16.18	1.41863
16.17	1.41865
16.16	1.41866
16.15	1.41868
16.14	1.4187
16.13	1.41871
16.12	1.41873
16.11	1.41874
16.1	1.41876
16.09	1.41877
16.08	1.41879
16.07	1.41881
16.06	1.41882
16.05	1.41884
16.04	1.41885
16.03	1.41887
16.02	1.41888
16.01	1.4189
16	1.41892
15.99	1.41893
15.98	1.41895
15.97	1.41896
15.96	1.41898
15.95	1.419
15.94	1.41901
15.93	1.41903
15.92	1.41904
15.91	1.41906
15.9	1.41908
15.89	1.41909
15.88	1.41911
15.87	1.41912
15.86	1.41914
15.85	1.41916
15.84	1.41917
15.83	1.41919
15.82	1.41921
15.81	1.41922
15.8	1.41924
15.79	1.41925
15.78	1.41927
15.77	1.41929
15.76	1.4193
15.75	1.41932
15.74	1.41934
15.73	1.41935
15.72	1.41937
15.71	1.41939
15.7	1.4194
15.69	1.41942
15.68	1.41944
15.67	1.41945
15.66	1.41947
15.65	1.41949
15.64	1.4195
15.63	1.41952
15.62	1.41954
15.61	1.41955
15.6	1.41957
15.59	1.41959
15.58	1.4196
15.57	1.41962
15.56	1.41964
15.55	1.41965
15.54	1.41967
15.53	1.41969
15.52	1.4197
15.51	1.41972
15.5	1.41974
15.49	1.41975
15.48	1.41977
15.47	1.41979
15.46	1.41981
15.45	1.41982
15.44	1.41984
15.43	1.41986
15.42	1.41987
15.41	1.41989
15.4	1.41991
15.39	1.41993
15.38	1.41994
15.37	1.41996
15.36	1.41998
15.35	1.41999
15.34	1.42001
15.33	1.42003
15.32	1.42005
15.31	1.42006
15.3	1.42008
15.29	1.4201
15.28	1.42012
15.27	1.42013
15.26	1.42015
15.25	1.42017
15.24	1.42019
15.23	1.4202
15.22	1.42022
15.21	1.42024
15.2	1.42026
15.19	1.42027
15.18	1.42029
15.17	1.42031
15.16	1.42033
15.15	1.42035
15.14	1.42036
15.13	1.42038
15.12	1.4204
15.11	1.42042
15.1	1.42043
15.09	1.42045
15.08	1.42047
15.07	1.42049
15.06	1.42051
15.05	1.42052
15.04	1.42054
15.03	1.42056
15.02	1.42058
15.01	1.4206
15	1.42061
14.99	1.42063
14.98	1.42065
14.97	1.42067
14.96	1.42069
14.95	1.42071
14.94	1.42072
14.93	1.42074
14.92	1.42076
14.91	1.42078
14.9	1.4208
14.89	1.42082
14.88	1.42083
14.87	1.42085
14.86	1.42087
14.85	1.42089
14.84	1.42091
14.83	1.42093
14.82	1.42094
14.81	1.42096
14.8	1.42098
14.79	1.421
14.78	1.42102
14.77	1.42104
14.76	1.42106
14.75	1.42108
14.74	1.42109
14.73	1.42111
14.72	1.42113
14.71	1.42115
14.7	1.42117
14.69	1.42119
14.68	1.42121
14.67	1.42123
14.66	1.42125
14.65	1.42126
14.64	1.42128
14.63	1.4213
14.62	1.42132
14.61	1.42134
14.6	1.42136
14.59	1.42138
14.58	1.4214
14.57	1.42142
14.56	1.42144
14.55	1.42146
14.54	1.42148
14.53	1.42149
14.52	1.42151
14.51	1.42153
14.5	1.42155
14.49	1.42157
14.48	1.42159
14.47	1.42161
14.46	1.42163
14.45	1.42165
14.44	1.42167
14.43	1.42169
14.42	1.42171
14.41	1.42173
14.4	1.42175
14.39	1.42177
14.38	1.42179
14.37	1.42181
14.36	1.42183
14.35	1.42185
14.34	1.42187
14.33	1.42189
14.32	1.42191
14.31	1.42193
14.3	1.42195
14.29	1.42197
14.28	1.42199
14.27	1.42201
14.26	1.42203
14.25	1.42205
14.24	1.42207
14.23	1.42209
14.22	1.42211
14.21	1.42213
14.2	1.42215
14.19	1.42217
14.18	1.42219
14.17	1.42221
14.16	1.42223
14.15	1.42225
14.14	1.42227
14.13	1.42229
14.12	1.42231
14.11	1.42233
14.1	1.42235
14.09	1.42237
14.08	1.42239
14.07	1.42241
14.06	1.42243
14.05	1.42245
14.04	1.42248
14.03	1.4225
14.02	1.42252
14.01	1.42254
14	1.42256
13.99	1.42258
13.98	1.4226
13.97	1.42262
13.96	1.42264
13.95	1.42266
13.94	1.42268
13.93	1.42271
13.92	1.42273
13.91	1.42275
13.9	1.42277
13.89	1.42279
13.88	1.42281
13.87	1.42283
13.86	1.42285
13.85	1.42288
13.84	1.4229
13.83	1.42292
13.82	1.42294
13.81	1.42296
13.8	1.42298
13.79	1.423
13.78	1.42303
13.77	1.42305
13.76	1.42307
13.75	1.42309
13.74	1.42311
13.73	1.42313
13.72	1.42315
13.71	1.42318
13.7	1.4232
13.69	1.42322
13.68	1.42324
13.67	1.42326
13.66	1.42329
13.65	1.42331
13.64	1.42333
13.63	1.42335
13.62	1.42337
13.61	1.4234
13.6	1.42342
13.59	1.42344
13.58	1.42346
13.57	1.42348
13.56	1.42351
13.55	1.42353
13.54	1.42355
13.53	1.42357
13.52	1.4236
13.51	1.42362
13.5	1.42364
13.49	1.42366
13.48	1.42369
13.47	1.42371
13.46	1.42373
13.45	1.42375
13.44	1.42378
13.43	1.4238
13.42	1.42382
13.41	1.42384
13.4	1.42387
13.39	1.42389
13.38	1.42391
13.37	1.42394
13.36	1.42396
13.35	1.42398
13.34	1.424
13.33	1.42403
13.32	1.42405
13.31	1.42407
13.3	1.4241
13.29	1.42412
13.28	1.42414
13.27	1.42417
13.26	1.42419
13.25	1.42421
13.24	1.42424
13.23	1.42426
13.22	1.42428
13.21	1.42431
13.2	1.42433
13.19	1.42435
13.18	1.42438
13.17	1.4244
13.16	1.42442
13.15	1.42445
13.14	1.42447
13.13	1.4245
13.12	1.42452
13.11	1.42454
13.1	1.42457
13.09	1.42459
13.08	1.42462
13.07	1.42464
13.06	1.42466
13.05	1.42469
13.04	1.42471
13.03	1.42474
13.02	1.42476
13.01	1.42478
13	1.42481
12.99	1.42483
12.98	1.42486
12.97	1.42488
12.96	1.42491
12.95	1.42493
12.94	1.42495
12.93	1.42498
12.92	1.425
12.91	1.42503
12.9	1.42505
12.89	1.42508
12.88	1.4251
12.87	1.42513
12.86	1.42515
12.85	1.42518
12.84	1.4252
12.83	1.42523
12.82	1.42525
12.81	1.42528
12.8	1.4253
12.79	1.42533
12.78	1.42535
12.77	1.42538
12.76	1.4254
12.75	1.42543
12.74	1.42545
12.73	1.42548
12.72	1.4255
12.71	1.42553
12.7	1.42555
12.69	1.42558
12.68	1.4256
12.67	1.42563
12.66	1.42566
12.65	1.42568
12.64	1.42571
12.63	1.42573
12.62	1.42576
12.61	1.42578
12.6	1.42581
12.59	1.42584
12.58	1.42586
12.57	1.42589
12.56	1.42591
12.55	1.42594
12.54	1.42597
12.53	1.42599
12.52	1.42602
12.51	1.42604
12.5	1.42607
12.49	1.4261
12.48	1.42612
12.47	1.42615
12.46	1.42618
12.45	1.4262
12.44	1.42623
12.43	1.42625
12.42	1.42628
12.41	1.42631
12.4	1.42633
12.39	1.42636
12.38	1.42639
12.37	1.42642
12.36	1.42644
12.35	1.42647
12.34	1.4265
12.33	1.42652
12.32	1.42655
12.31	1.42658
12.3	1.4266
12.29	1.42663
12.28	1.42666
12.27	1.42669
12.26	1.42671
12.25	1.42674
12.24	1.42677
12.23	1.4268
12.22	1.42682
12.21	1.42685
12.2	1.42688
12.19	1.42691
12.18	1.42693
12.17	1.42696
12.16	1.42699
12.15	1.42702
12.14	1.42704
12.13	1.42707
12.12	1.4271
12.11	1.42713
12.1	1.42716
12.09	1.42718
12.08	1.42721
12.07	1.42724
12.06	1.42727
12.05	1.4273
12.04	1.42733
12.03	1.42735
12.02	1.42738
12.01	1.42741
12	1.42744
11.99	1.42747
11.98	1.4275
11.97	1.42753
11.96	1.42755
11.95	1.42758
11.94	1.42761
11.93	1.42764
11.92	1.42767
11.91	1.4277
11.9	1.42773
11.89	1.42776
11.88	1.42779
11.87	1.42781
11.86	1.42784
11.85	1.42787
11.84	1.4279
11.83	1.42793
11.82	1.42796
11.81	1.42799
11.8	1.42802
11.79	1.42805
11.78	1.42808
11.77	1.42811
11.76	1.42814
11.75	1.42817
11.74	1.4282
11.73	1.42823
11.72	1.42826
11.71	1.42829
11.7	1.42832
11.69	1.42835
11.68	1.42838
11.67	1.42841
11.66	1.42844
11.65	1.42847
11.64	1.4285
11.63	1.42853
11.62	1.42856
11.61	1.42859
11.6	1.42862
11.59	1.42865
11.58	1.42868
11.57	1.42871
11.56	1.42874
11.55	1.42877
11.54	1.42881
11.53	1.42884
11.52	1.42887
11.51	1.4289
11.5	1.42893
11.49	1.42896
11.48	1.42899
11.47	1.42902
11.46	1.42905
11.45	1.42909
11.44	1.42912
11.43	1.42915
11.42	1.42918
11.41	1.42921
11.4	1.42924
11.39	1.42928
11.38	1.42931
11.37	1.42934
11.36	1.42937
11.35	1.4294
11.34	1.42944
11.33	1.42947
11.32	1.4295
11.31	1.42953
11.3	1.42956
11.29	1.4296
11.28	1.42963
11.27	1.42966
11.26	1.42969
11.25	1.42973
11.24	1.42976
11.23	1.42979
11.22	1.42982
11.21	1.42986
11.2	1.42989
11.19	1.42992
11.18	1.42996
11.17	1.42999
11.16	1.43002
11.15	1.43005
11.14	1.43009
11.13	1.43012
11.12	1.43015
11.11	1.43019
11.1	1.43022
11.09	1.43025
11.08	1.43029
11.07	1.43032
11.06	1.43036
11.05	1.43039
11.04	1.43042
11.03	1.43046
11.02	1.43049
11.01	1.43053
11	1.43056
10.99	1.43059
10.98	1.43063
10.97	1.43066
10.96	1.4307
10.95	1.43073
10.94	1.43076
10.93	1.4308
10.92	1.43083
10.91	1.43087
10.9	1.4309
10.89	1.43094
10.88	1.43097
10.87	1.43101
10.86	1.43104
10.85	1.43108
10.84	1.43111
10.83	1.43115
10.82	1.43118
10.81	1.43122
10.8	1.43125
10.79	1.43129
10.78	1.43132
10.77	1.43136
10.76	1.4314
10.75	1.43143
10.74	1.43147
10.73	1.4315
10.72	1.43154
10.71	1.43158
10.7	1.43161
10.69	1.43165
10.68	1.43168
10.67	1.43172
10.66	1.43176
10.65	1.43179
10.64	1.43183
10.63	1.43187
10.62	1.4319
10.61	1.43194
10.6	1.43198
10.59	1.43201
10.58	1.43205
10.57	1.43209
10.56	1.43212
10.55	1.43216
10.54	1.4322
10.53	1.43223
10.52	1.43227
10.51	1.43231
10.5	1.43235
10.49	1.43238
10.48	1.43242
10.47	1.43246
10.46	1.4325
10.45	1.43254
10.44	1.43257
10.43	1.43261
10.42	1.43265
10.41	1.43269
10.4	1.43273
10.39	1.43276
10.38	1.4328
10.37	1.43284
10.36	1.43288
10.35	1.43292
10.34	1.43296
10.33	1.433
10.32	1.43303
10.31	1.43307
10.3	1.43311
10.29	1.43315
10.28	1.43319
10.27	1.43323
10.26	1.43327
10.25	1.43331
10.24	1.43335
10.23	1.43339
10.22	1.43343
10.21	1.43347
10.2	1.43351
10.19	1.43355
10.18	1.43359
10.17	1.43363
10.16	1.43367
10.15	1.43371
10.14	1.43375
10.13	1.43379
10.12	1.43383
10.11	1.43387
10.1	1.43391
10.09	1.43395
10.08	1.43399
10.07	1.43403
10.06	1.43407
10.05	1.43411
10.04	1.43415
10.03	1.43419
10.02	1.43424
10.01	1.43428
10	1.43432
9.99	1.43436
9.98	1.4344
9.97	1.43444
9.96	1.43448
9.95	1.43453
9.94	1.43457
9.93	1.43461
9.92	1.43465
9.91	1.43469
9.9	1.43474
9.89	1.43478
9.88	1.43482
9.87	1.43486
9.86	1.43491
9.85	1.43495
9.84	1.43499
9.83	1.43503
9.82	1.43508
9.81	1.43512
9.8	1.43516
9.79	1.43521
9.78	1.43525
9.77	1.43529
9.76	1.43534
9.75	1.43538
9.74	1.43542
9.73	1.43547
9.72	1.43551
9.71	1.43556
9.7	1.4356
9.69	1.43564
9.68	1.43569
9.67	1.43573
9.66	1.43578
9.65	1.43582
9.64	1.43587
9.63	1.43591
9.62	1.43596
9.61	1.436
9.6	1.43605
9.59	1.43609
9.58	1.43614
9.57	1.43618
9.56	1.43623
9.55	1.43627
9.54	1.43632
9.53	1.43636
9.52	1.43641
9.51	1.43646
9.5	1.4365
9.49	1.43655
9.48	1.43659
9.47	1.43664
9.46	1.43669
9.45	1.43673
9.44	1.43678
9.43	1.43683
9.42	1.43687
9.41	1.43692
9.4	1.43697
9.39	1.43701
9.38	1.43706
9.37	1.43711
9.36	1.43716
9.35	1.4372
9.34	1.43725
9.33	1.4373
9.32	1.43735
9.31	1.43739
9.3	1.43744
9.29	1.43749
9.28	1.43754
9.27	1.43759
9.26	1.43764
9.25	1.43768
9.24	1.43773
9.23	1.43778
9.22	1.43783
9.21	1.43788
9.2	1.43793
9.19	1.43798
9.18	1.43803
9.17	1.43808
9.16	1.43813
9.15	1.43818
9.14	1.43822
9.13	1.43827
9.12	1.43832
9.11	1.43837
9.1	1.43843
9.09	1.43848
9.08	1.43853
9.07	1.43858
9.06	1.43863
9.05	1.43868
9.04	1.43873
9.03	1.43878
9.02	1.43883
9.01	1.43888
9	1.43893
8.99	1.43898
8.98	1.43904
8.97	1.43909
8.96	1.43914
8.95	1.43919
8.94	1.43924
8.93	1.4393
8.92	1.43935
8.91	1.4394
8.9	1.43945
8.89	1.43951
8.88	1.43956
8.87	1.43961
8.86	1.43967
8.85	1.43972
8.84	1.43977
8.83	1.43982
8.82	1.43988
8.81	1.43993
8.8	1.43999
8.79	1.44004
8.78	1.44009
8.77	1.44015
8.76	1.4402
8.75	1.44026
8.74	1.44031
8.73	1.44037
8.72	1.44042
8.71	1.44048
8.7	1.44053
8.69	1.44059
8.68	1.44064
8.67	1.4407
8.66	1.44075
8.65	1.44081
8.64	1.44086
8.63	1.44092
8.62	1.44098
8.61	1.44103
8.6	1.44109
8.59	1.44115
8.58	1.4412
8.57	1.44126
8.56	1.44132
8.55	1.44137
8.54	1.44143
8.53	1.44149
8.52	1.44154
8.51	1.4416
8.5	1.44166
8.49	1.44172
8.48	1.44178
8.47	1.44183
8.46	1.44189
8.45	1.44195
8.44	1.44201
8.43	1.44207
8.42	1.44213
8.41	1.44219
8.4	1.44225
8.39	1.4423
8.38	1.44236
8.37	1.44242
8.36	1.44248
8.35	1.44254
8.34	1.4426
8.33	1.44266
8.32	1.44272
8.31	1.44278
8.3	1.44285
8.29	1.44291
8.28	1.44297
8.27	1.44303
8.26	1.44309
8.25	1.44315
8.24	1.44321
8.23	1.44327
8.22	1.44334
8.21	1.4434
8.2	1.44346
8.19	1.44352
8.18	1.44358
8.17	1.44365
8.16	1.44371
8.15	1.44377
8.14	1.44384
8.13	1.4439
8.12	1.44396
8.11	1.44403
8.1	1.44409
8.09	1.44415
8.08	1.44422
8.07	1.44428
8.06	1.44435
8.05	1.44441
8.04	1.44448
8.03	1.44454
8.02	1.44461
8.01	1.44467
8	1.44474
7.99	1.4448
7.98	1.44487
7.97	1.44493
7.96	1.445
7.95	1.44507
7.94	1.44513
7.93	1.4452
7.92	1.44527
7.91	1.44533
7.9	1.4454
7.89	1.44547
7.88	1.44554
7.87	1.4456
7.86	1.44567
7.85	1.44574
7.84	1.44581
7.83	1.44588
7.82	1.44594
7.81	1.44601
7.8	1.44608
7.79	1.44615
7.78	1.44622
7.77	1.44629
7.76	1.44636
7.75	1.44643
7.74	1.4465
7.73	1.44657
7.72	1.44664
7.71	1.44671
7.7	1.44678
7.69	1.44685
7.68	1.44692
7.67	1.44699
7.66	1.44707
7.65	1.44714
7.64	1.44721
7.63	1.44728
7.62	1.44735
7.61	1.44743
7.6	1.4475
7.59	1.44757
7.58	1.44765
7.57	1.44772
7.56	1.44779
7.55	1.44787
7.54	1.44794
7.53	1.44801
7.52	1.44809
7.51	1.44816
7.5	1.44824
7.49	1.44831
7.48	1.44839
7.47	1.44846
7.46	1.44854
7.45	1.44861
7.44	1.44869
7.43	1.44877
7.42	1.44884
7.41	1.44892
7.4	1.449
7.39	1.44907
7.38	1.44915
7.37	1.44923
7.36	1.44931
7.35	1.44938
7.34	1.44946
7.33	1.44954
7.32	1.44962
7.31	1.4497
7.3	1.44978
7.29	1.44986
7.28	1.44994
7.27	1.45002
7.26	1.45009
7.25	1.45018
7.24	1.45026
7.23	1.45034
7.22	1.45042
7.21	1.4505
7.2	1.45058
7.19	1.45066
7.18	1.45074
7.17	1.45082
7.16	1.45091
7.15	1.45099
7.14	1.45107
7.13	1.45115
7.12	1.45124
7.11	1.45132
7.1	1.45141
7.09	1.45149
7.08	1.45157
7.07	1.45166
7.06	1.45174
7.05	1.45183
7.04	1.45191
7.03	1.452
7.02	1.45208
7.01	1.45217
7	1.45226
6.99	1.45234
6.98	1.45243
6.97	1.45252
6.96	1.4526
6.95	1.45269
6.94	1.45278
6.93	1.45287
6.92	1.45295
6.91	1.45304
6.9	1.45313
6.89	1.45322
6.88	1.45331
6.87	1.4534
6.86	1.45349
6.85	1.45358
6.84	1.45367
6.83	1.45376
6.82	1.45385
6.81	1.45394
6.8	1.45403
6.79	1.45413
6.78	1.45422
6.77	1.45431
6.76	1.4544
6.75	1.4545
6.74	1.45459
6.73	1.45468
6.72	1.45478
6.71	1.45487
6.7	1.45496
6.69	1.45506
6.68	1.45515
6.67	1.45525
6.66	1.45534
6.65	1.45544
6.64	1.45554
6.63	1.45563
6.62	1.45573
6.61	1.45583
6.6	1.45592
6.59	1.45602
6.58	1.45612
6.57	1.45622
6.56	1.45632
6.55	1.45641
6.54	1.45651
6.53	1.45661
6.52	1.45671
6.51	1.45681
6.5	1.45691
6.49	1.45701
6.48	1.45712
6.47	1.45722
6.46	1.45732
6.45	1.45742
6.44	1.45752
6.43	1.45763
6.42	1.45773
6.41	1.45783
6.4	1.45794
6.39	1.45804
6.38	1.45814
6.37	1.45825
6.36	1.45835
6.35	1.45846
6.34	1.45857
6.33	1.45867
6.32	1.45878
6.31	1.45888
6.3	1.45899
6.29	1.4591
6.28	1.45921
6.27	1.45932
6.26	1.45942
6.25	1.45953
6.24	1.45964
6.23	1.45975
6.22	1.45986
6.21	1.45997
6.2	1.46008
6.19	1.46019
6.18	1.46031
6.17	1.46042
6.16	1.46053
6.15	1.46064
6.14	1.46076
6.13	1.46087
6.12	1.46098
6.11	1.4611
6.1	1.46121
6.09	1.46133
6.08	1.46144
6.07	1.46156
6.06	1.46167
6.05	1.46179
6.04	1.46191
6.03	1.46202
6.02	1.46214
6.01	1.46226
6	1.46238
5.99	1.4625
5.98	1.46262
5.97	1.46274
5.96	1.46286
5.95	1.46298
5.94	1.4631
5.93	1.46322
5.92	1.46334
5.91	1.46347
5.9	1.46359
5.89	1.46371
5.88	1.46383
5.87	1.46396
5.86	1.46408
5.85	1.46421
5.84	1.46433
5.83	1.46446
5.82	1.46459
5.81	1.46471
5.8	1.46484
5.79	1.46497
5.78	1.4651
5.77	1.46522
5.76	1.46535
5.75	1.46548
5.74	1.46561
5.73	1.46574
5.72	1.46587
5.71	1.46601
5.7	1.46614
5.69	1.46627
5.68	1.4664
5.67	1.46654
5.66	1.46667
5.65	1.4668
5.64	1.46694
5.63	1.46707
5.62	1.46721
5.61	1.46735
5.6	1.46748
5.59	1.46762
5.58	1.46776
5.57	1.4679
5.56	1.46804
5.55	1.46818
5.54	1.46832
5.53	1.46846
5.52	1.4686
5.51	1.46874
5.5	1.46888
5.49	1.46902
5.48	1.46917
5.47	1.46931
5.46	1.46946
5.45	1.4696
5.44	1.46975
5.43	1.46989
5.42	1.47004
5.41	1.47019
5.4	1.47033
5.39	1.47048
5.38	1.47063
5.37	1.47078
5.36	1.47093
5.35	1.47108
5.34	1.47123
5.33	1.47138
5.32	1.47153
5.31	1.47169
5.3	1.47184
5.29	1.472
5.28	1.47215
5.27	1.47231
5.26	1.47246
5.25	1.47262
5.24	1.47278
5.23	1.47293
5.22	1.47309
5.21	1.47325
5.2	1.47341
5.19	1.47357
5.18	1.47373
5.17	1.47389
5.16	1.47406
5.15	1.47422
5.14	1.47438
5.13	1.47455
5.12	1.47471
5.11	1.47488
5.1	1.47504
5.09	1.47521
5.08	1.47538
5.07	1.47555
5.06	1.47572
5.05	1.47589
5.04	1.47606
5.03	1.47623
5.02	1.4764
5.01	1.47657
5	1.47675
4.99	1.47692
4.98	1.4771
4.97	1.47727
4.96	1.47745
4.95	1.47762
4.94	1.4778
4.93	1.47798
4.92	1.47816
4.91	1.47834
4.9	1.47852
4.89	1.4787
4.88	1.47889
4.87	1.47907
4.86	1.47925
4.85	1.47944
4.84	1.47962
4.83	1.47981
4.82	1.48
4.81	1.48019
4.8	1.48037
4.79	1.48056
4.78	1.48075
4.77	1.48095
4.76	1.48114
4.75	1.48133
4.74	1.48153
4.73	1.48172
4.72	1.48192
4.71	1.48211
4.7	1.48231
4.69	1.48251
4.68	1.48271
4.67	1.48291
4.66	1.48311
4.65	1.48331
4.64	1.48351
4.63	1.48372
4.62	1.48392
4.61	1.48413
4.6	1.48433
4.59	1.48454
4.58	1.48475
4.57	1.48496
4.56	1.48517
4.55	1.48538
4.54	1.48559
4.53	1.48581
4.52	1.48602
4.51	1.48624
4.5	1.48645
4.49	1.48667
4.48	1.48689
4.47	1.48711
4.46	1.48733
4.45	1.48755
4.44	1.48777
4.43	1.488
4.42	1.48822
4.41	1.48845
4.4	1.48867
4.39	1.4889
4.38	1.48913
4.37	1.48936
4.36	1.48959
4.35	1.48982
4.34	1.49006
4.33	1.49029
4.32	1.49053
4.31	1.49076
4.3	1.491
4.29	1.49124
4.28	1.49148
4.27	1.49172
4.26	1.49197
4.25	1.49221
4.24	1.49246
4.23	1.4927
4.22	1.49295
4.21	1.4932
4.2	1.49345
4.19	1.4937
4.18	1.49395
4.17	1.49421
4.16	1.49446
4.15	1.49472
4.14	1.49498
4.13	1.49524
4.12	1.4955
4.11	1.49576
4.1	1.49602
4.09	1.49629
4.08	1.49655
4.07	1.49682
4.06	1.49709
4.05	1.49736
4.04	1.49763
4.03	1.4979
4.02	1.49818
4.01	1.49845
4	1.49873
3.99	1.49901
3.98	1.49929
3.97	1.49957
3.96	1.49986
3.95	1.50014
3.94	1.50043
3.93	1.50071
3.92	1.501
3.91	1.5013
3.9	1.50159
3.89	1.50188
3.88	1.50218
3.87	1.50248
3.86	1.50277
3.85	1.50308
3.84	1.50338
3.83	1.50368
3.82	1.50399
3.81	1.5043
3.8	1.50461
3.79	1.50492
3.78	1.50523
3.77	1.50554
3.76	1.50586
3.75	1.50618
3.74	1.5065
3.73	1.50682
3.72	1.50714
3.71	1.50747
3.7	1.5078
3.69	1.50812
3.68	1.50846
3.67	1.50879
3.66	1.50912
3.65	1.50946
3.64	1.5098
3.63	1.51014
3.62	1.51048
3.61	1.51083
3.6	1.51118
3.59	1.51152
3.58	1.51188
3.57	1.51223
3.56	1.51258
3.55	1.51294
3.54	1.5133
3.53	1.51366
3.52	1.51403
3.51	1.51439
3.5	1.51476
3.49	1.51513
3.48	1.51551
3.47	1.51588
3.46	1.51626
3.45	1.51664
3.44	1.51702
3.43	1.51741
3.42	1.51779
3.41	1.51818
3.4	1.51857
3.39	1.51897
3.38	1.51937
3.37	1.51976
3.36	1.52017
3.35	1.52057
3.34	1.52098
3.33	1.52139
3.32	1.5218
3.31	1.52222
3.3	1.52263
3.29	1.52305
3.28	1.52348
3.27	1.5239
3.26	1.52433
3.25	1.52477
3.24	1.5252
3.23	1.52564
3.22	1.52608
3.21	1.52652
3.2	1.52697
3.19	1.52742
3.18	1.52787
3.17	1.52833
3.16	1.52878
3.15	1.52925
3.14	1.52971
3.13	1.53018
3.12	1.53065
3.11	1.53112
3.1	1.5316
3.09	1.53208
3.08	1.53257
3.07	1.53306
3.06	1.53355
3.05	1.53404
3.04	1.53454
3.03	1.53504
3.02	1.53555
3.01	1.53606
3	1.53657
2.99	1.53709
2.98	1.53761
2.97	1.53813
2.96	1.53866
2.95	1.53919
2.94	1.53973
2.93	1.54027
2.92	1.54081
2.91	1.54136
2.9	1.54191
2.89	1.54247
2.88	1.54303
2.87	1.54359
2.86	1.54416
2.85	1.54474
2.84	1.54531
2.83	1.54589
2.82	1.54648
2.81	1.54707
2.8	1.54767
2.79	1.54827
2.78	1.54887
2.77	1.54948
2.76	1.5501
2.75	1.55072
2.74	1.55134
2.73	1.55197
2.72	1.5526
2.71	1.55324
2.7	1.55389
2.69	1.55454
2.68	1.55519
2.67	1.55585
2.66	1.55652
2.65	1.55719
2.64	1.55787
2.63	1.55855
2.62	1.55924
2.61	1.55993
2.6	1.56063
2.59	1.56134
2.58	1.56205
2.57	1.56277
2.56	1.56349
2.55	1.56422
2.54	1.56496
2.53	1.5657
2.52	1.56645
2.51	1.56721
2.5	1.56797
2.49	1.56874
2.48	1.56952
2.47	1.5703
2.46	1.57109
2.45	1.57189
2.44	1.57269
2.43	1.5735
2.42	1.57432
2.41	1.57515
2.4	1.57598
2.39	1.57682
2.38	1.57767
2.37	1.57853
2.36	1.5794
2.35	1.58027
2.34	1.58115
2.33	1.58204
2.32	1.58294
2.31	1.58385
2.3	1.58477
2.29	1.58569
2.28	1.58663
2.27	1.58757
2.26	1.58852
2.25	1.58948
2.24	1.59045
2.23	1.59144
2.22	1.59243
2.21	1.59343
2.2	1.59444
2.19	1.59546
2.18	1.59649
2.17	1.59753
2.16	1.59859
2.15	1.59965
2.14	1.60073
2.13	1.60181
2.12	1.60291
2.11	1.60402
2.1	1.60514
2.09	1.60628
2.08	1.60742
2.07	1.60858
2.06	1.60975
2.05	1.61093
2.04	1.61213
2.03	1.61334
2.02	1.61456
2.01	1.6158
2	1.61705
1.99	1.61832
1.98	1.6196
1.97	1.62089
1.96	1.6222
1.95	1.62352
1.94	1.62486
1.93	1.62622
1.92	1.62759
1.91	1.62898
1.9	1.63038
1.89	1.6318
1.88	1.63324
1.87	1.63469
1.86	1.63617
1.85	1.63766
1.84	1.63917
1.83	1.6407
1.82	1.64224
1.81	1.64381
1.8	1.6454
1.79	1.647
1.78	1.64863
1.77	1.65028
1.76	1.65195
1.75	1.65364
1.74	1.65536
1.73	1.65709
1.72	1.65885
1.71	1.66064
1.7	1.66245
1.69	1.66428
1.68	1.66614
1.67	1.66802
1.66	1.66993
1.65	1.67187
1.64	1.67383
1.63	1.67582
1.62	1.67784
1.61	1.67989
1.6	1.68197
1.59	1.68408
1.58	1.68622
1.57	1.68839
1.56	1.69059
1.55	1.69283
1.54	1.6951
1.53	1.69741
1.52	1.69975
1.51	1.70213
1.5	1.70454
1.49	1.70699
1.48	1.70949
1.47	1.71202
1.46	1.71459
1.45	1.71721
1.44	1.71986
1.43	1.72256
1.42	1.72531
1.41	1.7281
1.4	1.73094
1.39	1.73383
1.38	1.73677
1.37	1.73976
1.36	1.7428
1.35	1.74589
1.34	1.74904
1.33	1.75225
1.32	1.75551
1.31	1.75884
1.3	1.76222
1.29	1.76567
1.28	1.76919
1.27	1.77277
1.26	1.77642
1.25	1.78014
1.24	1.78393
1.23	1.7878
1.22	1.79175
1.21	1.79577
1.2	1.79988
1.19	1.80407
1.18	1.80835
1.17	1.81272
1.16	1.81718
1.15	1.82174
1.14	1.82639
1.13	1.83115
1.12	1.83601
1.11	1.84098
1.1	1.84607
1.09	1.85127
1.08	1.85659
1.07	1.86203
1.06	1.86761
1.05	1.87332
1.04	1.87916
1.03	1.88515
1.02	1.89129
1.01	1.89758
1	1.90404
0.99	1.91066
0.98	1.91745
0.97	1.92442
0.96	1.93158
0.95	1.93894
0.94	1.94649
0.93	1.95426
0.92	1.96225
0.91	1.97047
0.9	1.97892
0.89	1.98763
0.88	1.9966
0.87	2.00584
0.86	2.01536
0.85	2.02519
0.84	2.03533
0.83	2.04579
0.82	2.0566
0.81	2.06778
0.8	2.07933
0.79	2.09128
0.78	2.10365
0.77	2.11646
0.76	2.12975
0.75	2.14352
0.74	2.15781
0.73	2.17266
0.72	2.18808
0.71	2.20413
0.7	2.22083
0.69	2.23822
0.68	2.25635
0.67	2.27527
0.66	2.29503
0.65	2.31568
0.64	2.3373
0.63	2.35993
0.62	2.38367
0.61	2.40858
0.6	2.43477
0.59	2.46233
0.58	2.49136
0.57	2.522
0.56	2.55437
0.55	2.58863
0.54	2.62495
0.53	2.66351
0.52	2.70453
0.51	2.74825
0.5	2.79495
0.49	2.84494
0.48	2.89859
0.47	2.9563
0.46	3.01856
0.45	3.08594
0.44	3.15909
0.43	3.23879
0.42	3.32598
0.41	3.42179
0.4	3.52758
0.39	3.64505
0.38	3.7763
0.37	3.92402
0.36	4.09168
0.35	4.28389
0.34	4.50689
0.33	4.76952
0.32	5.08474
0.31	5.47274
0.3	5.96755
0.29	6.63335
0.28	7.61605
0.27	9.39438
-0.27	9.39438
-0.28	7.61605
-0.29	6.63335
-0.3	5.96755
-0.31	5.47274
-0.32	5.08474
-0.33	4.76952
-0.34	4.50689
-0.35	4.28389
-0.36	4.09168
-0.37	3.92402
-0.38	3.7763
-0.39	3.64505
-0.4	3.52758
-0.41	3.42179
-0.42	3.32598
-0.43	3.23879
-0.44	3.15909
-0.45	3.08594
-0.46	3.01856
-0.47	2.9563
-0.48	2.89859
-0.49	2.84494
-0.5	2.79495
-0.51	2.74825
-0.52	2.70453
-0.53	2.66351
-0.54	2.62495
-0.55	2.58863
-0.56	2.55437
-0.57	2.522
-0.58	2.49136
-0.59	2.46233
-0.6	2.43477
-0.61	2.40858
-0.62	2.38367
-0.63	2.35993
-0.64	2.3373
-0.65	2.31568
-0.66	2.29503
-0.67	2.27527
-0.68	2.25635
-0.69	2.23822
-0.7	2.22083
-0.71	2.20413
-0.72	2.18808
-0.73	2.17266
-0.74	2.15781
-0.75	2.14352
-0.76	2.12975
-0.77	2.11646
-0.78	2.10365
-0.79	2.09128
-0.8	2.07933
-0.81	2.06778
-0.82	2.0566
-0.83	2.04579
-0.84	2.03533
-0.85	2.02519
-0.86	2.01536
-0.87	2.00584
-0.88	1.9966
-0.89	1.98763
-0.9	1.97892
-0.91	1.97047
-0.92	1.96225
-0.93	1.95426
-0.94	1.94649
-0.95	1.93894
-0.96	1.93158
-0.97	1.92442
-0.98	1.91745
-0.99	1.91066
-1	1.90404
-1.01	1.89758
-1.02	1.89129
-1.03	1.88515
-1.04	1.87916
-1.05	1.87332
-1.06	1.86761
-1.07	1.86203
-1.08	1.85659
-1.09	1.85127
-1.1	1.84607
-1.11	1.84098
-1.12	1.83601
-1.13	1.83115
-1.14	1.82639
-1.15	1.82174
-1.16	1.81718
-1.17	1.81272
-1.18	1.80835
-1.19	1.80407
-1.2	1.79988
-1.21	1.79577
-1.22	1.79175
-1.23	1.7878
-1.24	1.78393
-1.25	1.78014
-1.26	1.77642
-1.27	1.77277
-1.28	1.76919
-1.29	1.76567
-1.3	1.76222
-1.31	1.75884
-1.32	1.75551
-1.33	1.75225
-1.34	1.74904
-1.35	1.74589
-1.36	1.7428
-1.37	1.73976
-1.38	1.73677
-1.39	1.73383
-1.4	1.73094
-1.41	1.7281
-1.42	1.72531
-1.43	1.72256
-1.44	1.71986
-1.45	1.71721
-1.46	1.71459
-1.47	1.71202
-1.48	1.70949
-1.49	1.70699
-1.5	1.70454
-1.51	1.70213
-1.52	1.69975
-1.53	1.69741
-1.54	1.6951
-1.55	1.69283
-1.56	1.69059
-1.57	1.68839
-1.58	1.68622
-1.59	1.68408
-1.6	1.68197
-1.61	1.67989
-1.62	1.67784
-1.63	1.67582
-1.64	1.67383
-1.65	1.67187
-1.66	1.66993
-1.67	1.66802
-1.68	1.66614
-1.69	1.66428
-1.7	1.66245
-1.71	1.66064
-1.72	1.65885
-1.73	1.65709
-1.74	1.65536
-1.75	1.65364
-1.76	1.65195
-1.77	1.65028
-1.78	1.64863
-1.79	1.647
-1.8	1.6454
-1.81	1.64381
-1.82	1.64224
-1.83	1.6407
-1.84	1.63917
-1.85	1.63766
-1.86	1.63617
-1.87	1.63469
-1.88	1.63324
-1.89	1.6318
-1.9	1.63038
-1.91	1.62898
-1.92	1.62759
-1.93	1.62622
-1.94	1.62486
-1.95	1.62352
-1.96	1.6222
-1.97	1.62089
-1.98	1.6196
-1.99	1.61832
-2	1.61705
-2.01	1.6158
-2.02	1.61456
-2.03	1.61334
-2.04	1.61213
-2.05	1.61093
-2.06	1.60975
-2.07	1.60858
-2.08	1.60742
-2.09	1.60628
-2.1	1.60514
-2.11	1.60402
-2.12	1.60291
-2.13	1.60181
-2.14	1.60073
-2.15	1.59965
-2.16	1.59859
-2.17	1.59753
-2.18	1.59649
-2.19	1.59546
-2.2	1.59444
-2.21	1.59343
-2.22	1.59243
-2.23	1.59144
-2.24	1.59045
-2.25	1.58948
-2.26	1.58852
-2.27	1.58757
-2.28	1.58663
-2.29	1.58569
-2.3	1.58477
-2.31	1.58385
-2.32	1.58294
-2.33	1.58204
-2.34	1.58115
-2.35	1.58027
-2.36	1.5794
-2.37	1.57853
-2.38	1.57767
-2.39	1.57682
-2.4	1.57598
-2.41	1.57515
-2.42	1.57432
-2.43	1.5735
-2.44	1.57269
-2.45	1.57189
-2.46	1.57109
-2.47	1.5703
-2.48	1.56952
-2.49	1.56874
-2.5	1.56797
-2.51	1.56721
-2.52	1.56645
-2.53	1.5657
-2.54	1.56496
-2.55	1.56422
-2.56	1.56349
-2.57	1.56277
-2.58	1.56205
-2.59	1.56134
-2.6	1.56063
-2.61	1.55993
-2.62	1.55924
-2.63	1.55855
-2.64	1.55787
-2.65	1.55719
-2.66	1.55652
-2.67	1.55585
-2.68	1.55519
-2.69	1.55454
-2.7	1.55389
-2.71	1.55324
-2.72	1.5526
-2.73	1.55197
-2.74	1.55134
-2.75	1.55072
-2.76	1.5501
-2.77	1.54948
-2.78	1.54887
-2.79	1.54827
-2.8	1.54767
-2.81	1.54707
-2.82	1.54648
-2.83	1.54589
-2.84	1.54531
-2.85	1.54474
-2.86	1.54416
-2.87	1.54359
-2.88	1.54303
-2.89	1.54247
-2.9	1.54191
-2.91	1.54136
-2.92	1.54081
-2.93	1.54027
-2.94	1.53973
-2.95	1.53919
-2.96	1.53866
-2.97	1.53813
-2.98	1.53761
-2.99	1.53709
-3	1.53657
-3.01	1.53606
-3.02	1.53555
-3.03	1.53504
-3.04	1.53454
-3.05	1.53404
-3.06	1.53355
-3.07	1.53306
-3.08	1.53257
-3.09	1.53208
-3.1	1.5316
-3.11	1.53112
-3.12	1.53065
-3.13	1.53018
-3.14	1.52971
-3.15	1.52925
-3.16	1.52878
-3.17	1.52833
-3.18	1.52787
-3.19	1.52742
-3.2	1.52697
-3.21	1.52652
-3.22	1.52608
-3.23	1.52564
-3.24	1.5252
-3.25	1.52477
-3.26	1.52433
-3.27	1.5239
-3.28	1.52348
-3.29	1.52305
-3.3	1.52263
-3.31	1.52222
-3.32	1.5218
-3.33	1.52139
-3.34	1.52098
-3.35	1.52057
-3.36	1.52017
-3.37	1.51976
-3.38	1.51937
-3.39	1.51897
-3.4	1.51857
-3.41	1.51818
-3.42	1.51779
-3.43	1.51741
-3.44	1.51702
-3.45	1.51664
-3.46	1.51626
-3.47	1.51588
-3.48	1.51551
-3.49	1.51513
-3.5	1.51476
-3.51	1.51439
-3.52	1.51403
-3.53	1.51366
-3.54	1.5133
-3.55	1.51294
-3.56	1.51258
-3.57	1.51223
-3.58	1.51188
-3.59	1.51152
-3.6	1.51118
-3.61	1.51083
-3.62	1.51048
-3.63	1.51014
-3.64	1.5098
-3.65	1.50946
-3.66	1.50912
-3.67	1.50879
-3.68	1.50846
-3.69	1.50812
-3.7	1.5078
-3.71	1.50747
-3.72	1.50714
-3.73	1.50682
-3.74	1.5065
-3.75	1.50618
-3.76	1.50586
-3.77	1.50554
-3.78	1.50523
-3.79	1.50492
-3.8	1.50461
-3.81	1.5043
-3.82	1.50399
-3.83	1.50368
-3.84	1.50338
-3.85	1.50308
-3.86	1.50277
-3.87	1.50248
-3.88	1.50218
-3.89	1.50188
-3.9	1.50159
-3.91	1.5013
-3.92	1.501
-3.93	1.50071
-3.94	1.50043
-3.95	1.50014
-3.96	1.49986
-3.97	1.49957
-3.98	1.49929
-3.99	1.49901
-4	1.49873
-4.01	1.49845
-4.02	1.49818
-4.03	1.4979
-4.04	1.49763
-4.05	1.49736
-4.06	1.49709
-4.07	1.49682
-4.08	1.49655
-4.09	1.49629
-4.1	1.49602
-4.11	1.49576
-4.12	1.4955
-4.13	1.49524
-4.14	1.49498
-4.15	1.49472
-4.16	1.49446
-4.17	1.49421
-4.18	1.49395
-4.19	1.4937
-4.2	1.49345
-4.21	1.4932
-4.22	1.49295
-4.23	1.4927
-4.24	1.49246
-4.25	1.49221
-4.26	1.49197
-4.27	1.49172
-4.28	1.49148
-4.29	1.49124
-4.3	1.491
-4.31	1.49076
-4.32	1.49053
-4.33	1.49029
-4.34	1.49006
-4.35	1.48982
-4.36	1.48959
-4.37	1.48936
-4.38	1.48913
-4.39	1.4889
-4.4	1.48867
-4.41	1.48845
-4.42	1.48822
-4.43	1.488
-4.44	1.48777
-4.45	1.48755
-4.46	1.48733
-4.47	1.48711
-4.48	1.48689
-4.49	1.48667
-4.5	1.48645
-4.51	1.48624
-4.52	1.48602
-4.53	1.48581
-4.54	1.48559
-4.55	1.48538
-4.56	1.48517
-4.57	1.48496
-4.58	1.48475
-4.59	1.48454
-4.6	1.48433
-4.61	1.48413
-4.62	1.48392
-4.63	1.48372
-4.64	1.48351
-4.65	1.48331
-4.66	1.48311
-4.67	1.48291
-4.68	1.48271
-4.69	1.48251
-4.7	1.48231
-4.71	1.48211
-4.72	1.48192
-4.73	1.48172
-4.74	1.48153
-4.75	1.48133
-4.76	1.48114
-4.77	1.48095
-4.78	1.48075
-4.79	1.48056
-4.8	1.48037
-4.81	1.48019
-4.82	1.48
-4.83	1.47981
-4.84	1.47962
-4.85	1.47944
-4.86	1.47925
-4.87	1.47907
-4.88	1.47889
-4.89	1.4787
-4.9	1.47852
-4.91	1.47834
-4.92	1.47816
-4.93	1.47798
-4.94	1.4778
-4.95	1.47762
-4.96	1.47745
-4.97	1.47727
-4.98	1.4771
-4.99	1.47692
-5	1.47675
-5.01	1.47657
-5.02	1.4764
-5.03	1.47623
-5.04	1.47606
-5.05	1.47589
-5.06	1.47572
-5.07	1.47555
-5.08	1.47538
-5.09	1.47521
-5.1	1.47504
-5.11	1.47488
-5.12	1.47471
-5.13	1.47455
-5.14	1.47438
-5.15	1.47422
-5.16	1.47406
-5.17	1.47389
-5.18	1.47373
-5.19	1.47357
-5.2	1.47341
-5.21	1.47325
-5.22	1.47309
-5.23	1.47293
-5.24	1.47278
-5.25	1.47262
-5.26	1.47246
-5.27	1.47231
-5.28	1.47215
-5.29	1.472
-5.3	1.47184
-5.31	1.47169
-5.32	1.47153
-5.33	1.47138
-5.34	1.47123
-5.35	1.47108
-5.36	1.47093
-5.37	1.47078
-5.38	1.47063
-5.39	1.47048
-5.4	1.47033
-5.41	1.47019
-5.42	1.47004
-5.43	1.46989
-5.44	1.46975
-5.45	1.4696
-5.46	1.46946
-5.47	1.46931
-5.48	1.46917
-5.49	1.46902
-5.5	1.46888
-5.51	1.46874
-5.52	1.4686
-5.53	1.46846
-5.54	1.46832
-5.55	1.46818
-5.56	1.46804
-5.57	1.4679
-5.58	1.46776
-5.59	1.46762
-5.6	1.46748
-5.61	1.46735
-5.62	1.46721
-5.63	1.46707
-5.64	1.46694
-5.65	1.4668
-5.66	1.46667
-5.67	1.46654
-5.68	1.4664
-5.69	1.46627
-5.7	1.46614
-5.71	1.46601
-5.72	1.46587
-5.73	1.46574
-5.74	1.46561
-5.75	1.46548
-5.76	1.46535
-5.77	1.46522
-5.78	1.4651
-5.79	1.46497
-5.8	1.46484
-5.81	1.46471
-5.82	1.46459
-5.83	1.46446
-5.84	1.46433
-5.85	1.46421
-5.86	1.46408
-5.87	1.46396
-5.88	1.46383
-5.89	1.46371
-5.9	1.46359
-5.91	1.46347
-5.92	1.46334
-5.93	1.46322
-5.94	1.4631
-5.95	1.46298
-5.96	1.46286
-5.97	1.46274
-5.98	1.46262
-5.99	1.4625
-6	1.46238
-6.01	1.46226
-6.02	1.46214
-6.03	1.46202
-6.04	1.46191
-6.05	1.46179
-6.06	1.46167
-6.07	1.46156
-6.08	1.46144
-6.09	1.46133
-6.1	1.46121
-6.11	1.4611
-6.12	1.46098
-6.13	1.46087
-6.14	1.46076
-6.15	1.46064
-6.16	1.46053
-6.17	1.46042
-6.18	1.46031
-6.19	1.46019
-6.2	1.46008
-6.21	1.45997
-6.22	1.45986
-6.23	1.45975
-6.24	1.45964
-6.25	1.45953
-6.26	1.45942
-6.27	1.45932
-6.28	1.45921
-6.29	1.4591
-6.3	1.45899
-6.31	1.45888
-6.32	1.45878
-6.33	1.45867
-6.34	1.45857
-6.35	1.45846
-6.36	1.45835
-6.37	1.45825
-6.38	1.45814
-6.39	1.45804
-6.4	1.45794
-6.41	1.45783
-6.42	1.45773
-6.43	1.45763
-6.44	1.45752
-6.45	1.45742
-6.46	1.45732
-6.47	1.45722
-6.48	1.45712
-6.49	1.45701
-6.5	1.45691
-6.51	1.45681
-6.52	1.45671
-6.53	1.45661
-6.54	1.45651
-6.55	1.45641
-6.56	1.45632
-6.57	1.45622
-6.58	1.45612
-6.59	1.45602
-6.6	1.45592
-6.61	1.45583
-6.62	1.45573
-6.63	1.45563
-6.64	1.45554
-6.65	1.45544
-6.66	1.45534
-6.67	1.45525
-6.68	1.45515
-6.69	1.45506
-6.7	1.45496
-6.71	1.45487
-6.72	1.45478
-6.73	1.45468
-6.74	1.45459
-6.75	1.4545
-6.76	1.4544
-6.77	1.45431
-6.78	1.45422
-6.79	1.45413
-6.8	1.45403
-6.81	1.45394
-6.82	1.45385
-6.83	1.45376
-6.84	1.45367
-6.85	1.45358
-6.86	1.45349
-6.87	1.4534
-6.88	1.45331
-6.89	1.45322
-6.9	1.45313
-6.91	1.45304
-6.92	1.45295
-6.93	1.45287
-6.94	1.45278
-6.95	1.45269
-6.96	1.4526
-6.97	1.45252
-6.98	1.45243
-6.99	1.45234
-7	1.45226
-7.01	1.45217
-7.02	1.45208
-7.03	1.452
-7.04	1.45191
-7.05	1.45183
-7.06	1.45174
-7.07	1.45166
-7.08	1.45157
-7.09	1.45149
-7.1	1.45141
-7.11	1.45132
-7.12	1.45124
-7.13	1.45115
-7.14	1.45107
-7.15	1.45099
-7.16	1.45091
-7.17	1.45082
-7.18	1.45074
-7.19	1.45066
-7.2	1.45058
-7.21	1.4505
-7.22	1.45042
-7.23	1.45034
-7.24	1.45026
-7.25	1.45018
-7.26	1.45009
-7.27	1.45002
-7.28	1.44994
-7.29	1.44986
-7.3	1.44978
-7.31	1.4497
-7.32	1.44962
-7.33	1.44954
-7.34	1.44946
-7.35	1.44938
-7.36	1.44931
-7.37	1.44923
-7.38	1.44915
-7.39	1.44907
-7.4	1.449
-7.41	1.44892
-7.42	1.44884
-7.43	1.44877
-7.44	1.44869
-7.45	1.44861
-7.46	1.44854
-7.47	1.44846
-7.48	1.44839
-7.49	1.44831
-7.5	1.44824
-7.51	1.44816
-7.52	1.44809
-7.53	1.44801
-7.54	1.44794
-7.55	1.44787
-7.56	1.44779
-7.57	1.44772
-7.58	1.44765
-7.59	1.44757
-7.6	1.4475
-7.61	1.44743
-7.62	1.44735
-7.63	1.44728
-7.64	1.44721
-7.65	1.44714
-7.66	1.44707
-7.67	1.44699
-7.68	1.44692
-7.69	1.44685
-7.7	1.44678
-7.71	1.44671
-7.72	1.44664
-7.73	1.44657
-7.74	1.4465
-7.75	1.44643
-7.76	1.44636
-7.77	1.44629
-7.78	1.44622
-7.79	1.44615
-7.8	1.44608
-7.81	1.44601
-7.82	1.44594
-7.83	1.44588
-7.84	1.44581
-7.85	1.44574
-7.86	1.44567
-7.87	1.4456
-7.88	1.44554
-7.89	1.44547
-7.9	1.4454
-7.91	1.44533
-7.92	1.44527
-7.93	1.4452
-7.94	1.44513
-7.95	1.44507
-7.96	1.445
-7.97	1.44493
-7.98	1.44487
-7.99	1.4448
-8	1.44474
-8.01	1.44467
-8.02	1.44461
-8.03	1.44454
-8.04	1.44448
-8.05	1.44441
-8.06	1.44435
-8.07	1.44428
-8.08	1.44422
-8.09	1.44415
-8.1	1.44409
-8.11	1.44403
-8.12	1.44396
-8.13	1.4439
-8.14	1.44384
-8.15	1.44377
-8.16	1.44371
-8.17	1.44365
-8.18	1.44358
-8.19	1.44352
-8.2	1.44346
-8.21	1.4434
-8.22	1.44334
-8.23	1.44327
-8.24	1.44321
-8.25	1.44315
-8.26	1.44309
-8.27	1.44303
-8.28	1.44297
-8.29	1.44291
-8.3	1.44285
-8.31	1.44278
-8.32	1.44272
-8.33	1.44266
-8.34	1.4426
-8.35	1.44254
-8.36	1.44248
-8.37	1.44242
-8.38	1.44236
-8.39	1.4423
-8.4	1.44225
-8.41	1.44219
-8.42	1.44213
-8.43	1.44207
-8.44	1.44201
-8.45	1.44195
-8.46	1.44189
-8.47	1.44183
-8.48	1.44178
-8.49	1.44172
-8.5	1.44166
-8.51	1.4416
-8.52	1.44154
-8.53	1.44149
-8.54	1.44143
-8.55	1.44137
-8.56	1.44132
-8.57	1.44126
-8.58	1.4412
-8.59	1.44115
-8.6	1.44109
-8.61	1.44103
-8.62	1.44098
-8.63	1.44092
-8.64	1.44086
-8.65	1.44081
-8.66	1.44075
-8.67	1.4407
-8.68	1.44064
-8.69	1.44059
-8.7	1.44053
-8.71	1.44048
-8.72	1.44042
-8.73	1.44037
-8.74	1.44031
-8.75	1.44026
-8.76	1.4402
-8.77	1.44015
-8.78	1.44009
-8.79	1.44004
-8.8	1.43999
-8.81	1.43993
-8.82	1.43988
-8.83	1.43982
-8.84	1.43977
-8.85	1.43972
-8.86	1.43967
-8.87	1.43961
-8.88	1.43956
-8.89	1.43951
-8.9	1.43945
-8.91	1.4394
-8.92	1.43935
-8.93	1.4393
-8.94	1.43924
-8.95	1.43919
-8.96	1.43914
-8.97	1.43909
-8.98	1.43904
-8.99	1.43898
-9	1.43893
-9.01	1.43888
-9.02	1.43883
-9.03	1.43878
-9.04	1.43873
-9.05	1.43868
-9.06	1.43863
-9.07	1.43858
-9.08	1.43853
-9.09	1.43848
-9.1	1.43843
-9.11	1.43837
-9.12	1.43832
-9.13	1.43827
-9.14	1.43822
-9.15	1.43818
-9.16	1.43813
-9.17	1.43808
-9.18	1.43803
-9.19	1.43798
-9.2	1.43793
-9.21	1.43788
-9.22	1.43783
-9.23	1.43778
-9.24	1.43773
-9.25	1.43768
-9.26	1.43764
-9.27	1.43759
-9.28	1.43754
-9.29	1.43749
-9.3	1.43744
-9.31	1.43739
-9.32	1.43735
-9.33	1.4373
-9.34	1.43725
-9.35	1.4372
-9.36	1.43716
-9.37	1.43711
-9.38	1.43706
-9.39	1.43701
-9.4	1.43697
-9.41	1.43692
-9.42	1.43687
-9.43	1.43683
-9.44	1.43678
-9.45	1.43673
-9.46	1.43669
-9.47	1.43664
-9.48	1.43659
-9.49	1.43655
-9.5	1.4365
-9.51	1.43646
-9.52	1.43641
-9.53	1.43636
-9.54	1.43632
-9.55	1.43627
-9.56	1.43623
-9.57	1.43618
-9.58	1.43614
-9.59	1.43609
-9.6	1.43605
-9.61	1.436
-9.62	1.43596
-9.63	1.43591
-9.64	1.43587
-9.65	1.43582
-9.66	1.43578
-9.67	1.43573
-9.68	1.43569
-9.69	1.43564
-9.7	1.4356
-9.71	1.43556
-9.72	1.43551
-9.73	1.43547
-9.74	1.43542
-9.75	1.43538
-9.76	1.43534
-9.77	1.43529
-9.78	1.43525
-9.79	1.43521
-9.8	1.43516
-9.81	1.43512
-9.82	1.43508
-9.83	1.43503
-9.84	1.43499
-9.85	1.43495
-9.86	1.43491
-9.87	1.43486
-9.88	1.43482
-9.89	1.43478
-9.9	1.43474
-9.91	1.43469
-9.92	1.43465
-9.93	1.43461
-9.94	1.43457
-9.95	1.43453
-9.96	1.43448
-9.97	1.43444
-9.98	1.4344
-9.99	1.43436
-10	1.43432
-10.01	1.43428
-10.02	1.43424
-10.03	1.43419
-10.04	1.43415
-10.05	1.43411
-10.06	1.43407
-10.07	1.43403
-10.08	1.43399
-10.09	1.43395
-10.1	1.43391
-10.11	1.43387
-10.12	1.43383
-10.13	1.43379
-10.14	1.43375
-10.15	1.43371
-10.16	1.43367
-10.17	1.43363
-10.18	1.43359
-10.19	1.43355
-10.2	1.43351
-10.21	1.43347
-10.22	1.43343
-10.23	1.43339
-10.24	1.43335
-10.25	1.43331
-10.26	1.43327
-10.27	1.43323
-10.28	1.43319
-10.29	1.43315
-10.3	1.43311
-10.31	1.43307
-10.32	1.43303
-10.33	1.433
-10.34	1.43296
-10.35	1.43292
-10.36	1.43288
-10.37	1.43284
-10.38	1.4328
-10.39	1.43276
-10.4	1.43273
-10.41	1.43269
-10.42	1.43265
-10.43	1.43261
-10.44	1.43257
-10.45	1.43254
-10.46	1.4325
-10.47	1.43246
-10.48	1.43242
-10.49	1.43238
-10.5	1.43235
-10.51	1.43231
-10.52	1.43227
-10.53	1.43223
-10.54	1.4322
-10.55	1.43216
-10.56	1.43212
-10.57	1.43209
-10.58	1.43205
-10.59	1.43201
-10.6	1.43198
-10.61	1.43194
-10.62	1.4319
-10.63	1.43187
-10.64	1.43183
-10.65	1.43179
-10.66	1.43176
-10.67	1.43172
-10.68	1.43168
-10.69	1.43165
-10.7	1.43161
-10.71	1.43158
-10.72	1.43154
-10.73	1.4315
-10.74	1.43147
-10.75	1.43143
-10.76	1.4314
-10.77	1.43136
-10.78	1.43132
-10.79	1.43129
-10.8	1.43125
-10.81	1.43122
-10.82	1.43118
-10.83	1.43115
-10.84	1.43111
-10.85	1.43108
-10.86	1.43104
-10.87	1.43101
-10.88	1.43097
-10.89	1.43094
-10.9	1.4309
-10.91	1.43087
-10.92	1.43083
-10.93	1.4308
-10.94	1.43076
-10.95	1.43073
-10.96	1.4307
-10.97	1.43066
-10.98	1.43063
-10.99	1.43059
-11	1.43056
-11.01	1.43053
-11.02	1.43049
-11.03	1.43046
-11.04	1.43042
-11.05	1.43039
-11.06	1.43036
-11.07	1.43032
-11.08	1.43029
-11.09	1.43025
-11.1	1.43022
-11.11	1.43019
-11.12	1.43015
-11.13	1.43012
-11.14	1.43009
-11.15	1.43005
-11.16	1.43002
-11.17	1.42999
-11.18	1.42996
-11.19	1.42992
-11.2	1.42989
-11.21	1.42986
-11.22	1.42982
-11.23	1.42979
-11.24	1.42976
-11.25	1.42973
-11.26	1.42969
-11.27	1.42966
-11.28	1.42963
-11.29	1.4296
-11.3	1.42956
-11.31	1.42953
-11.32	1.4295
-11.33	1.42947
-11.34	1.42944
-11.35	1.4294
-11.36	1.42937
-11.37	1.42934
-11.38	1.42931
-11.39	1.42928
-11.4	1.42924
-11.41	1.42921
-11.42	1.42918
-11.43	1.42915
-11.44	1.42912
-11.45	1.42909
-11.46	1.42905
-11.47	1.42902
-11.48	1.42899
-11.49	1.42896
-11.5	1.42893
-11.51	1.4289
-11.52	1.42887
-11.53	1.42884
-11.54	1.42881
-11.55	1.42877
-11.56	1.42874
-11.57	1.42871
-11.58	1.42868
-11.59	1.42865
-11.6	1.42862
-11.61	1.42859
-11.62	1.42856
-11.63	1.42853
-11.64	1.4285
-11.65	1.42847
-11.66	1.42844
-11.67	1.42841
-11.68	1.42838
-11.69	1.42835
-11.7	1.42832
-11.71	1.42829
-11.72	1.42826
-11.73	1.42823
-11.74	1.4282
-11.75	1.42817
-11.76	1.42814
-11.77	1.42811
-11.78	1.42808
-11.79	1.42805
-11.8	1.42802
-11.81	1.42799
-11.82	1.42796
-11.83	1.42793
-11.84	1.4279
-11.85	1.42787
-11.86	1.42784
-11.87	1.42781
-11.88	1.42779
-11.89	1.42776
-11.9	1.42773
-11.91	1.4277
-11.92	1.42767
-11.93	1.42764
-11.94	1.42761
-11.95	1.42758
-11.96	1.42755
-11.97	1.42753
-11.98	1.4275
-11.99	1.42747
-12	1.42744
-12.01	1.42741
-12.02	1.42738
-12.03	1.42735
-12.04	1.42733
-12.05	1.4273
-12.06	1.42727
-12.07	1.42724
-12.08	1.42721
-12.09	1.42718
-12.1	1.42716
-12.11	1.42713
-12.12	1.4271
-12.13	1.42707
-12.14	1.42704
-12.15	1.42702
-12.16	1.42699
-12.17	1.42696
-12.18	1.42693
-12.19	1.42691
-12.2	1.42688
-12.21	1.42685
-12.22	1.42682
-12.23	1.4268
-12.24	1.42677
-12.25	1.42674
-12.26	1.42671
-12.27	1.42669
-12.28	1.42666
-12.29	1.42663
-12.3	1.4266
-12.31	1.42658
-12.32	1.42655
-12.33	1.42652
-12.34	1.4265
-12.35	1.42647
-12.36	1.42644
-12.37	1.42642
-12.38	1.42639
-12.39	1.42636
-12.4	1.42633
-12.41	1.42631
-12.42	1.42628
-12.43	1.42625
-12.44	1.42623
-12.45	1.4262
-12.46	1.42618
-12.47	1.42615
-12.48	1.42612
-12.49	1.4261
-12.5	1.42607
-12.51	1.42604
-12.52	1.42602
-12.53	1.42599
-12.54	1.42597
-12.55	1.42594
-12.56	1.42591
-12.57	1.42589
-12.58	1.42586
-12.59	1.42584
-12.6	1.42581
-12.61	1.42578
-12.62	1.42576
-12.63	1.42573
-12.64	1.42571
-12.65	1.42568
-12.66	1.42566
-12.67	1.42563
-12.68	1.4256
-12.69	1.42558
-12.7	1.42555
-12.71	1.42553
-12.72	1.4255
-12.73	1.42548
-12.74	1.42545
-12.75	1.42543
-12.76	1.4254
-12.77	1.42538
-12.78	1.42535
-12.79	1.42533
-12.8	1.4253
-12.81	1.42528
-12.82	1.42525
-12.83	1.42523
-12.84	1.4252
-12.85	1.42518
-12.86	1.42515
-12.87	1.42513
-12.88	1.4251
-12.89	1.42508
-12.9	1.42505
-12.91	1.42503
-12.92	1.425
-12.93	1.42498
-12.94	1.42495
-12.95	1.42493
-12.96	1.42491
-12.97	1.42488
-12.98	1.42486
-12.99	1.42483
-13	1.42481
-13.01	1.42478
-13.02	1.42476
-13.03	1.42474
-13.04	1.42471
-13.05	1.42469
-13.06	1.42466
-13.07	1.42464
-13.08	1.42462
-13.09	1.42459
-13.1	1.42457
-13.11	1.42454
-13.12	1.42452
-13.13	1.4245
-13.14	1.42447
-13.15	1.42445
-13.16	1.42442
-13.17	1.4244
-13.18	1.42438
-13.19	1.42435
-13.2	1.42433
-13.21	1.42431
-13.22	1.42428
-13.23	1.42426
-13.24	1.42424
-13.25	1.42421
-13.26	1.42419
-13.27	1.42417
-13.28	1.42414
-13.29	1.42412
-13.3	1.4241
-13.31	1.42407
-13.32	1.42405
-13.33	1.42403
-13.34	1.424
-13.35	1.42398
-13.36	1.42396
-13.37	1.42394
-13.38	1.42391
-13.39	1.42389
-13.4	1.42387
-13.41	1.42384
-13.42	1.42382
-13.43	1.4238
-13.44	1.42378
-13.45	1.42375
-13.46	1.42373
-13.47	1.42371
-13.48	1.42369
-13.49	1.42366
-13.5	1.42364
-13.51	1.42362
-13.52	1.4236
-13.53	1.42357
-13.54	1.42355
-13.55	1.42353
-13.56	1.42351
-13.57	1.42348
-13.58	1.42346
-13.59	1.42344
-13.6	1.42342
-13.61	1.4234
-13.62	1.42337
-13.63	1.42335
-13.64	1.42333
-13.65	1.42331
-13.66	1.42329
-13.67	1.42326
-13.68	1.42324
-13.69	1.42322
-13.7	1.4232
-13.71	1.42318
-13.72	1.42315
-13.73	1.42313
-13.74	1.42311
-13.75	1.42309
-13.76	1.42307
-13.77	1.42305
-13.78	1.42303
-13.79	1.423
-13.8	1.42298
-13.81	1.42296
-13.82	1.42294
-13.83	1.42292
-13.84	1.4229
-13.85	1.42288
-13.86	1.42285
-13.87	1.42283
-13.88	1.42281
-13.89	1.42279
-13.9	1.42277
-13.91	1.42275
-13.92	1.42273
-13.93	1.42271
-13.94	1.42268
-13.95	1.42266
-13.96	1.42264
-13.97	1.42262
-13.98	1.4226
-13.99	1.42258
-14	1.42256
-14.01	1.42254
-14.02	1.42252
-14.03	1.4225
-14.04	1.42248
-14.05	1.42245
-14.06	1.42243
-14.07	1.42241
-14.08	1.42239
-14.09	1.42237
-14.1	1.42235
-14.11	1.42233
-14.12	1.42231
-14.13	1.42229
-14.14	1.42227
-14.15	1.42225
-14.16	1.42223
-14.17	1.42221
-14.18	1.42219
-14.19	1.42217
-14.2	1.42215
-14.21	1.42213
-14.22	1.42211
-14.23	1.42209
-14.24	1.42207
-14.25	1.42205
-14.26	1.42203
-14.27	1.42201
-14.28	1.42199
-14.29	1.42197
-14.3	1.42195
-14.31	1.42193
-14.32	1.42191
-14.33	1.42189
-14.34	1.42187
-14.35	1.42185
-14.36	1.42183
-14.37	1.42181
-14.38	1.42179
-14.39	1.42177
-14.4	1.42175
-14.41	1.42173
-14.42	1.42171
-14.43	1.42169
-14.44	1.42167
-14.45	1.42165
-14.46	1.42163
-14.47	1.42161
-14.48	1.42159
-14.49	1.42157
-14.5	1.42155
-14.51	1.42153
-14.52	1.42151
-14.53	1.42149
-14.54	1.42148
-14.55	1.42146
-14.56	1.42144
-14.57	1.42142
-14.58	1.4214
-14.59	1.42138
-14.6	1.42136
-14.61	1.42134
-14.62	1.42132
-14.63	1.4213
-14.64	1.42128
-14.65	1.42126
-14.66	1.42125
-14.67	1.42123
-14.68	1.42121
-14.69	1.42119
-14.7	1.42117
-14.71	1.42115
-14.72	1.42113
-14.73	1.42111
-14.74	1.42109
-14.75	1.42108
-14.76	1.42106
-14.77	1.42104
-14.78	1.42102
-14.79	1.421
-14.8	1.42098
-14.81	1.42096
-14.82	1.42094
-14.83	1.42093
-14.84	1.42091
-14.85	1.42089
-14.86	1.42087
-14.87	1.42085
-14.88	1.42083
-14.89	1.42082
-14.9	1.4208
-14.91	1.42078
-14.92	1.42076
-14.93	1.42074
-14.94	1.42072
-14.95	1.42071
-14.96	1.42069
-14.97	1.42067
-14.98	1.42065
-14.99	1.42063
-15	1.42061
-15.01	1.4206
-15.02	1.42058
-15.03	1.42056
-15.04	1.42054
-15.05	1.42052
-15.06	1.42051
-15.07	1.42049
-15.08	1.42047
-15.09	1.42045
-15.1	1.42043
-15.11	1.42042
-15.12	1.4204
-15.13	1.42038
-15.14	1.42036
-15.15	1.42035
-15.16	1.42033
-15.17	1.42031
-15.18	1.42029
-15.19	1.42027
-15.2	1.42026
-15.21	1.42024
-15.22	1.42022
-15.23	1.4202
-15.24	1.42019
-15.25	1.42017
-15.26	1.42015
-15.27	1.42013
-15.28	1.42012
-15.29	1.4201
-15.3	1.42008
-15.31	1.42006
-15.32	1.42005
-15.33	1.42003
-15.34	1.42001
-15.35	1.41999
-15.36	1.41998
-15.37	1.41996
-15.38	1.41994
-15.39	1.41993
-15.4	1.41991
-15.41	1.41989
-15.42	1.41987
-15.43	1.41986
-15.44	1.41984
-15.45	1.41982
-15.46	1.41981
-15.47	1.41979
-15.48	1.41977
-15.49	1.41975
-15.5	1.41974
-15.51	1.41972
-15.52	1.4197
-15.53	1.41969
-15.54	1.41967
-15.55	1.41965
-15.56	1.41964
-15.57	1.41962
-15.58	1.4196
-15.59	1.41959
-15.6	1.41957
-15.61	1.41955
-15.62	1.41954
-15.63	1.41952
-15.64	1.4195
-15.65	1.41949
-15.66	1.41947
-15.67	1.41945
-15.68	1.41944
-15.69	1.41942
-15.7	1.4194
-15.71	1.41939
-15.72	1.41937
-15.73	1.41935
-15.74	1.41934
-15.75	1.41932
-15.76	1.4193
-15.77	1.41929
-15.78	1.41927
-15.79	1.41925
-15.8	1.41924
-15.81	1.41922
-15.82	1.41921
-15.83	1.41919
-15.84	1.41917
-15.85	1.41916
-15.86	1.41914
-15.87	1.41912
-15.88	1.41911
-15.89	1.41909
-15.9	1.41908
-15.91	1.41906
-15.92	1.41904
-15.93	1.41903
-15.94	1.41901
-15.95	1.419
-15.96	1.41898
-15.97	1.41896
-15.98	1.41895
-15.99	1.41893
-16	1.41892
-16.01	1.4189
-16.02	1.41888
-16.03	1.41887
-16.04	1.41885
-16.05	1.41884
-16.06	1.41882
-16.07	1.41881
-16.08	1.41879
-16.09	1.41877
-16.1	1.41876
-16.11	1.41874
-16.12	1.41873
-16.13	1.41871
-16.14	1.4187
-16.15	1.41868
-16.16	1.41866
-16.17	1.41865
-16.18	1.41863
-16.19	1.41862
-16.2	1.4186
-16.21	1.41859
-16.22	1.41857
-16.23	1.41856
-16.24	1.41854
-16.25	1.41852
-16.26	1.41851
-16.27	1.41849
-16.28	1.41848
-16.29	1.41846
-16.3	1.41845
-16.31	1.41843
-16.32	1.41842
-16.33	1.4184
-16.34	1.41839
-16.35	1.41837
-16.36	1.41836
-16.37	1.41834
-16.38	1.41833
-16.39	1.41831
-16.4	1.4183
-16.41	1.41828
-16.42	1.41827
-16.43	1.41825
-16.44	1.41824
-16.45	1.41822
-16.46	1.41821
-16.47	1.41819
-16.48	1.41818
-16.49	1.41816
-16.5	1.41815
-16.51	1.41813
-16.52	1.41812
-16.53	1.4181
-16.54	1.41809
-16.55	1.41807
-16.56	1.41806
-16.57	1.41804
-16.58	1.41803
-16.59	1.41801
-16.6	1.418
-16.61	1.41798
-16.62	1.41797
-16.63	1.41795
-16.64	1.41794
-16.65	1.41792
-16.66	1.41791
-16.67	1.41789
-16.68	1.41788
-16.69	1.41787
-16.7	1.41785
-16.71	1.41784
-16.72	1.41782
-16.73	1.41781
-16.74	1.41779
-16.75	1.41778
-16.76	1.41776
-16.77	1.41775
-16.78	1.41773
-16.79	1.41772
-16.8	1.41771
-16.81	1.41769
-16.82	1.41768
-16.83	1.41766
-16.84	1.41765
-16.85	1.41763
-16.86	1.41762
-16.87	1.41761
-16.88	1.41759
-16.89	1.41758
-16.9	1.41756
-16.91	1.41755
-16.92	1.41753
-16.93	1.41752
-16.94	1.41751
-16.95	1.41749
-16.96	1.41748
-16.97	1.41746
-16.98	1.41745
-16.99	1.41744
-17	1.41742
-17.01	1.41741
-17.02	1.41739
-17.03	1.41738
-17.04	1.41736
-17.05	1.41735
-17.06	1.41734
-17.07	1.41732
-17.08	1.41731
-17.09	1.4173
-17.1	1.41728
-17.11	1.41727
-17.12	1.41725
-17.13	1.41724
-17.14	1.41723
-17.15	1.41721
-17.16	1.4172
-17.17	1.41718
-17.18	1.41717
-17.19	1.41716
-17.2	1.41714
-17.21	1.41713
-17.22	1.41712
-17.23	1.4171
-17.24	1.41709
-17.25	1.41707
-17.26	1.41706
-17.27	1.41705
-17.28	1.41703
-17.29	1.41702
-17.3	1.41701
-17.31	1.41699
-17.32	1.41698
-17.33	1.41697
-17.34	1.41695
-17.35	1.41694
-17.36	1.41693
-17.37	1.41691
-17.38	1.4169
-17.39	1.41689
-17.4	1.41687
-17.41	1.41686
-17.42	1.41684
-17.43	1.41683
-17.44	1.41682
-17.45	1.4168
-17.46	1.41679
-17.47	1.41678
-17.48	1.41676
-17.49	1.41675
-17.5	1.41674
-17.51	1.41672
-17.52	1.41671
-17.53	1.4167
-17.54	1.41669
-17.55	1.41667
-17.56	1.41666
-17.57	1.41665
-17.58	1.41663
-17.59	1.41662
-17.6	1.41661
-17.61	1.41659
-17.62	1.41658
-17.63	1.41657
-17.64	1.41655
-17.65	1.41654
-17.66	1.41653
-17.67	1.41651
-17.68	1.4165
-17.69	1.41649
-17.7	1.41648
-17.71	1.41646
-17.72	1.41645
-17.73	1.41644
-17.74	1.41642
-17.75	1.41641
-17.76	1.4164
-17.77	1.41639
-17.78	1.41637
-17.79	1.41636
-17.8	1.41635
-17.81	1.41633
-17.82	1.41632
-17.83	1.41631
-17.84	1.4163
-17.85	1.41628
-17.86	1.41627
-17.87	1.41626
-17.88	1.41625
-17.89	1.41623
-17.9	1.41622
-17.91	1.41621
-17.92	1.41619
-17.93	1.41618
-17.94	1.41617
-17.95	1.41616
-17.96	1.41614
-17.97	1.41613
-17.98	1.41612
-17.99	1.41611
-18	1.41609
-18.01	1.41608
-18.02	1.41607
-18.03	1.41606
-18.04	1.41604
-18.05	1.41603
-18.06	1.41602
-18.07	1.41601
-18.08	1.41599
-18.09	1.41598
-18.1	1.41597
-18.11	1.41596
-18.12	1.41594
-18.13	1.41593
-18.14	1.41592
-18.15	1.41591
-18.16	1.4159
-18.17	1.41588
-18.18	1.41587
-18.19	1.41586
-18.2	1.41585
-18.21	1.41583
-18.22	1.41582
-18.23	1.41581
-18.24	1.4158
-18.25	1.41579
-18.26	1.41577
-18.27	1.41576
-18.28	1.41575
-18.29	1.41574
-18.3	1.41572
-18.31	1.41571
-18.32	1.4157
-18.33	1.41569
-18.34	1.41568
-18.35	1.41566
-18.36	1.41565
-18.37	1.41564
-18.38	1.41563
-18.39	1.41562
-18.4	1.4156
-18.41	1.41559
-18.42	1.41558
-18.43	1.41557
-18.44	1.41556
-18.45	1.41554
-18.46	1.41553
-18.47	1.41552
-18.48	1.41551
-18.49	1.4155
-18.5	1.41548
-18.51	1.41547
-18.52	1.41546
-18.53	1.41545
-18.54	1.41544
-18.55	1.41543
-18.56	1.41541
-18.57	1.4154
-18.58	1.41539
-18.59	1.41538
-18.6	1.41537
-18.61	1.41536
-18.62	1.41534
-18.63	1.41533
-18.64	1.41532
-18.65	1.41531
-18.66	1.4153
-18.67	1.41529
-18.68	1.41527
-18.69	1.41526
-18.7	1.41525
-18.71	1.41524
-18.72	1.41523
-18.73	1.41522
-18.74	1.4152
-18.75	1.41519
-18.76	1.41518
-18.77	1.41517
-18.78	1.41516
-18.79	1.41515
-18.8	1.41514
-18.81	1.41512
-18.82	1.41511
-18.83	1.4151
-18.84	1.41509
-18.85	1.41508
-18.86	1.41507
-18.87	1.41506
-18.88	1.41504
-18.89	1.41503
-18.9	1.41502
-18.91	1.41501
-18.92	1.415
-18.93	1.41499
-18.94	1.41498
-18.95	1.41496
-18.96	1.41495
-18.97	1.41494
-18.98	1.41493
-18.99	1.41492
-19	1.41491
-19.01	1.4149
-19.02	1.41489
-19.03	1.41487
-19.04	1.41486
-19.05	1.41485
-19.06	1.41484
-19.07	1.41483
-19.08	1.41482
-19.09	1.41481
-19.1	1.4148
-19.11	1.41479
-19.12	1.41477
-19.13	1.41476
-19.14	1.41475
-19.15	1.41474
-19.16	1.41473
-19.17	1.41472
-19.18	1.41471
-19.19	1.4147
-19.2	1.41469
-19.21	1.41468
-19.22	1.41466
-19.23	1.41465
-19.24	1.41464
-19.25	1.41463
-19.26	1.41462
-19.27	1.41461
-19.28	1.4146
-19.29	1.41459
-19.3	1.41458
-19.31	1.41457
-19.32	1.41455
-19.33	1.41454
-19.34	1.41453
-19.35	1.41452
-19.36	1.41451
-19.37	1.4145
-19.38	1.41449
-19.39	1.41448
-19.4	1.41447
-19.41	1.41446
-19.42	1.41445
-19.43	1.41444
-19.44	1.41443
-19.45	1.41441
-19.46	1.4144
-19.47	1.41439
-19.48	1.41438
-19.49	1.41437
-19.5	1.41436
-19.51	1.41435
-19.52	1.41434
-19.53	1.41433
-19.54	1.41432
-19.55	1.41431
-19.56	1.4143
-19.57	1.41429
-19.58	1.41428
-19.59	1.41427
-19.6	1.41426
-19.61	1.41425
-19.62	1.41423
-19.63	1.41422
-19.64	1.41421
-19.65	1.4142
-19.66	1.41419
-19.67	1.41418
-19.68	1.41417
-19.69	1.41416
-19.7	1.41415
-19.71	1.41414
-19.72	1.41413
-19.73	1.41412
-19.74	1.41411
-19.75	1.4141
-19.76	1.41409
-19.77	1.41408
-19.78	1.41407
-19.79	1.41406
-19.8	1.41405
-19.81	1.41404
-19.82	1.41403
-19.83	1.41402
-19.84	1.41401
-19.85	1.414
-19.86	1.41399
-19.87	1.41397
-19.88	1.41396
-19.89	1.41395
-19.9	1.41394
-19.91	1.41393
-19.92	1.41392
-19.93	1.41391
-19.94	1.4139
-19.95	1.41389
-19.96	1.41388
-19.97	1.41387
-19.98	1.41386
-19.99	1.41385
-20	1.41384
-20.01	1.41383
-20.02	1.41382
-20.03	1.41381
-20.04	1.4138
-20.05	1.41379
-20.06	1.41378
-20.07	1.41377
-20.08	1.41376
-20.09	1.41375
-20.1	1.41374
-20.11	1.41373
-20.12	1.41372
-20.13	1.41371
-20.14	1.4137
-20.15	1.41369
-20.16	1.41368
-20.17	1.41367
-20.18	1.41366
-20.19	1.41365
-20.2	1.41364
-20.21	1.41363
-20.22	1.41362
-20.23	1.41361
-20.24	1.4136
-20.25	1.41359
-20.26	1.41358
-20.27	1.41357
-20.28	1.41356
-20.29	1.41355
-20.3	1.41354
-20.31	1.41353
-20.32	1.41352
-20.33	1.41351
-20.34	1.4135
-20.35	1.41349
-20.36	1.41348
-20.37	1.41347
-20.38	1.41347
-20.39	1.41346
-20.4	1.41345
-20.41	1.41344
-20.42	1.41343
-20.43	1.41342
-20.44	1.41341
-20.45	1.4134
-20.46	1.41339
-20.47	1.41338
-20.48	1.41337
-20.49	1.41336
-20.5	1.41335
-20.51	1.41334
-20.52	1.41333
-20.53	1.41332
-20.54	1.41331
-20.55	1.4133
-20.56	1.41329
-20.57	1.41328
-20.58	1.41327
-20.59	1.41326
-20.6	1.41325
-20.61	1.41324
-20.62	1.41323
-20.63	1.41322
-20.64	1.41322
-20.65	1.41321
-20.66	1.4132
-20.67	1.41319
-20.68	1.41318
-20.69	1.41317
-20.7	1.41316
-20.71	1.41315
-20.72	1.41314
-20.73	1.41313
-20.74	1.41312
-20.75	1.41311
-20.76	1.4131
-20.77	1.41309
-20.78	1.41308
-20.79	1.41307
-20.8	1.41306
-20.81	1.41306
-20.82	1.41305
-20.83	1.41304
-20.84	1.41303
-20.85	1.41302
-20.86	1.41301
-20.87	1.413
-20.88	1.41299
-20.89	1.41298
-20.9	1.41297
-20.91	1.41296
-20.92	1.41295
-20.93	1.41294
-20.94	1.41293
-20.95	1.41293
-20.96	1.41292
-20.97	1.41291
-20.98	1.4129
-20.99	1.41289
-21	1.41288
-21.01	1.41287
-21.02	1.41286
-21.03	1.41285
-21.04	1.41284
-21.05	1.41283
-21.06	1.41282
-21.07	1.41282
-21.08	1.41281
-21.09	1.4128
-21.1	1.41279
-21.11	1.41278
-21.12	1.41277
-21.13	1.41276
-21.14	1.41275
-21.15	1.41274
-21.16	1.41273
-21.17	1.41272
-21.18	1.41272
-21.19	1.41271
-21.2	1.4127
-21.21	1.41269
-21.22	1.41268
-21.23	1.41267
-21.24	1.41266
-21.25	1.41265
-21.26	1.41264
-21.27	1.41263
-21.28	1.41263
-21.29	1.41262
-21.3	1.41261
-21.31	1.4126
-21.32	1.41259
-21.33	1.41258
-21.34	1.41257
-21.35	1.41256
-21.36	1.41255
-21.37	1.41255
-21.38	1.41254
-21.39	1.41253
-21.4	1.41252
-21.41	1.41251
-21.42	1.4125
-21.43	1.41249
-21.44	1.41248
-21.45	1.41248
-21.46	1.41247
-21.47	1.41246
-21.48	1.41245
-21.49	1.41244
-21.5	1.41243
-21.51	1.41242
-21.52	1.41241
-21.53	1.41241
-21.54	1.4124
-21.55	1.41239
-21.56	1.41238
-21.57	1.41237
-21.58	1.41236
-21.59	1.41235
-21.6	1.41234
-21.61	1.41234
-21.62	1.41233
-21.63	1.41232
-21.64	1.41231
-21.65	1.4123
-21.66	1.41229
-21.67	1.41228
-21.68	1.41228
-21.69	1.41227
-21.7	1.41226
-21.71	1.41225
-21.72	1.41224
-21.73	1.41223
-21.74	1.41222
-21.75	1.41222
-21.76	1.41221
-21.77	1.4122
-21.78	1.41219
-21.79	1.41218
-21.8	1.41217
-21.81	1.41216
-21.82	1.41216
-21.83	1.41215
-21.84	1.41214
-21.85	1.41213
-21.86	1.41212
-21.87	1.41211
-21.88	1.41211
-21.89	1.4121
-21.9	1.41209
-21.91	1.41208
-21.92	1.41207
-21.93	1.41206
-21.94	1.41205
-21.95	1.41205
-21.96	1.41204
-21.97	1.41203
-21.98	1.41202
-21.99	1.41201
-22	1.412
-22.01	1.412
-22.02	1.41199
-22.03	1.41198
-22.04	1.41197
-22.05	1.41196
-22.06	1.41195
-22.07	1.41195
-22.08	1.41194
-22.09	1.41193
-22.1	1.41192
-22.11	1.41191
-22.12	1.41191
-22.13	1.4119
-22.14	1.41189
-22.15	1.41188
-22.16	1.41187
-22.17	1.41186
-22.18	1.41186
-22.19	1.41185
-22.2	1.41184
-22.21	1.41183
-22.22	1.41182
-22.23	1.41181
-22.24	1.41181
-22.25	1.4118
-22.26	1.41179
-22.27	1.41178
-22.28	1.41177
-22.29	1.41177
-22.3	1.41176
-22.31	1.41175
-22.32	1.41174
-22.33	1.41173
-22.34	1.41173
-22.35	1.41172
-22.36	1.41171
-22.37	1.4117
-22.38	1.41169
-22.39	1.41168
-22.4	1.41168
-22.41	1.41167
-22.42	1.41166
-22.43	1.41165
-22.44	1.41164
-22.45	1.41164
-22.46	1.41163
-22.47	1.41162
-22.48	1.41161
-22.49	1.4116
-22.5	1.4116
-22.51	1.41159
-22.52	1.41158
-22.53	1.41157
-22.54	1.41157
-22.55	1.41156
-22.56	1.41155
-22.57	1.41154
-22.58	1.41153
-22.59	1.41153
-22.6	1.41152
-22.61	1.41151
-22.62	1.4115
-22.63	1.41149
-22.64	1.41149
-22.65	1.41148
-22.66	1.41147
-22.67	1.41146
-22.68	1.41145
-22.69	1.41145
-22.7	1.41144
-22.71	1.41143
-22.72	1.41142
-22.73	1.41142
-22.74	1.41141
-22.75	1.4114
-22.76	1.41139
-22.77	1.41138
-22.78	1.41138
-22.79	1.41137
-22.8	1.41136
-22.81	1.41135
-22.82	1.41135
-22.83	1.41134
-22.84	1.41133
-22.85	1.41132
-22.86	1.41131
-22.87	1.41131
-22.88	1.4113
-22.89	1.41129
-22.9	1.41128
-22.91	1.41128
-22.92	1.41127
-22.93	1.41126
-22.94	1.41125
-22.95	1.41125
-22.96	1.41124
-22.97	1.41123
-22.98	1.41122
-22.99	1.41121
-23	1.41121
-23.01	1.4112
-23.02	1.41119
-23.03	1.41118
-23.04	1.41118
-23.05	1.41117
-23.06	1.41116
-23.07	1.41115
-23.08	1.41115
-23.09	1.41114
-23.1	1.41113
-23.11	1.41112
-23.12	1.41112
-23.13	1.41111
-23.14	1.4111
-23.15	1.41109
-23.16	1.41109
-23.17	1.41108
-23.18	1.41107
-23.19	1.41106
-23.2	1.41106
-23.21	1.41105
-23.22	1.41104
-23.23	1.41103
-23.24	1.41103
-23.25	1.41102
-23.26	1.41101
-23.27	1.411
-23.28	1.411
-23.29	1.41099
-23.3	1.41098
-23.31	1.41097
-23.32	1.41097
-23.33	1.41096
-23.34	1.41095
-23.35	1.41094
-23.36	1.41094
-23.37	1.41093
-23.38	1.41092
-23.39	1.41091
-23.4	1.41091
-23.41	1.4109
-23.42	1.41089
-23.43	1.41088
-23.44	1.41088
-23.45	1.41087
-23.46	1.41086
-23.47	1.41086
-23.48	1.41085
-23.49	1.41084
-23.5	1.41083
-23.51	1.41083
-23.52	1.41082
-23.53	1.41081
-23.54	1.4108
-23.55	1.4108
-23.56	1.41079
-23.57	1.41078
-23.58	1.41078
-23.59	1.41077
-23.6	1.41076
-23.61	1.41075
-23.62	1.41075
-23.63	1.41074
-23.64	1.41073
-23.65	1.41072
-23.66	1.41072
-23.67	1.41071
-23.68	1.4107
-23.69	1.4107
-23.7	1.41069
-23.71	1.41068
-23.72	1.41067
-23.73	1.41067
-23.74	1.41066
-23.75	1.41065
-23.76	1.41065
-23.77	1.41064
-23.78	1.41063
-23.79	1.41062
-23.8	1.41062
-23.81	1.41061
-23.82	1.4106
-23.83	1.4106
-23.84	1.41059
-23.85	1.41058
-23.86	1.41057
-23.87	1.41057
-23.88	1.41056
-23.89	1.41055
-23.9	1.41055
-23.91	1.41054
-23.92	1.41053
-23.93	1.41053
-23.94	1.41052
-23.95	1.41051
-23.96	1.4105
-23.97	1.4105
-23.98	1.41049
-23.99	1.41048
-24	1.41048
-24.01	1.41047
-24.02	1.41046
-24.03	1.41046
-24.04	1.41045
-24.05	1.41044
-24.06	1.41043
-24.07	1.41043
-24.08	1.41042
-24.09	1.41041
-24.1	1.41041
-24.11	1.4104
-24.12	1.41039
-24.13	1.41039
-24.14	1.41038
-24.15	1.41037
-24.16	1.41036
-24.17	1.41036
-24.18	1.41035
-24.19	1.41034
-24.2	1.41034
-24.21	1.41033
-24.22	1.41032
-24.23	1.41032
-24.24	1.41031
-24.25	1.4103
-24.26	1.4103
-24.27	1.41029
-24.28	1.41028
-24.29	1.41028
-24.3	1.41027
-24.31	1.41026
-24.32	1.41026
-24.33	1.41025
-24.34	1.41024
-24.35	1.41023
-24.36	1.41023
-24.37	1.41022
-24.38	1.41021
-24.39	1.41021
-24.4	1.4102
-24.41	1.41019
-24.42	1.41019
-24.43	1.41018
-24.44	1.41017
-24.45	1.41017
-24.46	1.41016
-24.47	1.41015
-24.48	1.41015
-24.49	1.41014
-24.5	1.41013
-24.51	1.41013
-24.52	1.41012
-24.53	1.41011
-24.54	1.41011
-24.55	1.4101
-24.56	1.41009
-24.57	1.41009
-24.58	1.41008
-24.59	1.41007
-24.6	1.41007
-24.61	1.41006
-24.62	1.41005
-24.63	1.41005
-24.64	1.41004
-24.65	1.41003
-24.66	1.41003
-24.67	1.41002
-24.68	1.41001
-24.69	1.41001
-24.7	1.41
-24.71	1.40999
-24.72	1.40999
-24.73	1.40998
-24.74	1.40997
-24.75	1.40997
-24.76	1.40996
-24.77	1.40995
-24.78	1.40995
-24.79	1.40994
-24.8	1.40993
-24.81	1.40993
-24.82	1.40992
-24.83	1.40991
-24.84	1.40991
-24.85	1.4099
-24.86	1.4099
-24.87	1.40989
-24.88	1.40988
-24.89	1.40988
-24.9	1.40987
-24.91	1.40986
-24.92	1.40986
-24.93	1.40985
-24.94	1.40984
-24.95	1.40984
-24.96	1.40983
-24.97	1.40982
-24.98	1.40982
-24.99	1.40981
-25	1.4098
-25.01	1.4098
-25.02	1.40979
-25.03	1.40979
-25.04	1.40978
-25.05	1.40977
-25.06	1.40977
-25.07	1.40976
-25.08	1.40975
-25.09	1.40975
-25.1	1.40974
-25.11	1.40973
-25.12	1.40973
-25.13	1.40972
-25.14	1.40971
-25.15	1.40971
-25.16	1.4097
-25.17	1.4097
-25.18	1.40969
-25.19	1.40968
-25.2	1.40968
-25.21	1.40967
-25.22	1.40966
-25.23	1.40966
-25.24	1.40965
-25.25	1.40965
-25.26	1.40964
-25.27	1.40963
-25.28	1.40963
-25.29	1.40962
-25.3	1.40961
-25.31	1.40961
-25.32	1.4096
-25.33	1.40959
-25.34	1.40959
-25.35	1.40958
-25.36	1.40958
-25.37	1.40957
-25.38	1.40956
-25.39	1.40956
-25.4	1.40955
-25.41	1.40954
-25.42	1.40954
-25.43	1.40953
-25.44	1.40953
-25.45	1.40952
-25.46	1.40951
-25.47	1.40951
-25.48	1.4095
-25.49	1.40949
-25.5	1.40949
-25.51	1.40948
-25.52	1.40948
-25.53	1.40947
-25.54	1.40946
-25.55	1.40946
-25.56	1.40945
-25.57	1.40945
-25.58	1.40944
-25.59	1.40943
-25.6	1.40943
-25.61	1.40942
-25.62	1.40941
-25.63	1.40941
-25.64	1.4094
-25.65	1.4094
-25.66	1.40939
-25.67	1.40938
-25.68	1.40938
-25.69	1.40937
-25.7	1.40937
-25.71	1.40936
-25.72	1.40935
-25.73	1.40935
-25.74	1.40934
-25.75	1.40934
-25.76	1.40933
-25.77	1.40932
-25.78	1.40932
-25.79	1.40931
-25.8	1.40931
-25.81	1.4093
-25.82	1.40929
-25.83	1.40929
-25.84	1.40928
-25.85	1.40927
-25.86	1.40927
-25.87	1.40926
-25.88	1.40926
-25.89	1.40925
-25.9	1.40924
-25.91	1.40924
-25.92	1.40923
-25.93	1.40923
-25.94	1.40922
-25.95	1.40921
-25.96	1.40921
-25.97	1.4092
-25.98	1.4092
-25.99	1.40919
-26	1.40919
-26.01	1.40918
-26.02	1.40917
-26.03	1.40917
-26.04	1.40916
-26.05	1.40916
-26.06	1.40915
-26.07	1.40914
-26.08	1.40914
-26.09	1.40913
-26.1	1.40913
-26.11	1.40912
-26.12	1.40911
-26.13	1.40911
-26.14	1.4091
-26.15	1.4091
-26.16	1.40909
-26.17	1.40908
-26.18	1.40908
-26.19	1.40907
-26.2	1.40907
-26.21	1.40906
-26.22	1.40906
-26.23	1.40905
-26.24	1.40904
-26.25	1.40904
-26.26	1.40903
-26.27	1.40903
-26.28	1.40902
-26.29	1.40901
-26.3	1.40901
-26.31	1.409
-26.32	1.409
-26.33	1.40899
-26.34	1.40899
-26.35	1.40898
-26.36	1.40897
-26.37	1.40897
-26.38	1.40896
-26.39	1.40896
-26.4	1.40895
-26.41	1.40894
-26.42	1.40894
-26.43	1.40893
-26.44	1.40893
-26.45	1.40892
-26.46	1.40892
-26.47	1.40891
-26.48	1.4089
-26.49	1.4089
-26.5	1.40889
-26.51	1.40889
-26.52	1.40888
-26.53	1.40888
-26.54	1.40887
-26.55	1.40886
-26.56	1.40886
-26.57	1.40885
-26.58	1.40885
-26.59	1.40884
-26.6	1.40884
-26.61	1.40883
-26.62	1.40882
-26.63	1.40882
-26.64	1.40881
-26.65	1.40881
-26.66	1.4088
-26.67	1.4088
-26.68	1.40879
-26.69	1.40878
-26.7	1.40878
-26.71	1.40877
-26.72	1.40877
-26.73	1.40876
-26.74	1.40876
-26.75	1.40875
-26.76	1.40875
-26.77	1.40874
-26.78	1.40873
-26.79	1.40873
-26.8	1.40872
-26.81	1.40872
-26.82	1.40871
-26.83	1.40871
-26.84	1.4087
-26.85	1.40869
-26.86	1.40869
-26.87	1.40868
-26.88	1.40868
-26.89	1.40867
-26.9	1.40867
-26.91	1.40866
-26.92	1.40866
-26.93	1.40865
-26.94	1.40864
-26.95	1.40864
-26.96	1.40863
-26.97	1.40863
-26.98	1.40862
-26.99	1.40862
-27	1.40861
-27.01	1.40861
-27.02	1.4086
-27.03	1.4086
-27.04	1.40859
-27.05	1.40858
-27.06	1.40858
-27.07	1.40857
-27.08	1.40857
-27.09	1.40856
-27.1	1.40856
-27.11	1.40855
-27.12	1.40855
-27.13	1.40854
-27.14	1.40853
-27.15	1.40853
-27.16	1.40852
-27.17	1.40852
-27.18	1.40851
-27.19	1.40851
-27.2	1.4085
-27.21	1.4085
-27.22	1.40849
-27.23	1.40849
-27.24	1.40848
-27.25	1.40848
-27.26	1.40847
-27.27	1.40846
-27.28	1.40846
-27.29	1.40845
-27.3	1.40845
-27.31	1.40844
-27.32	1.40844
-27.33	1.40843
-27.34	1.40843
-27.35	1.40842
-27.36	1.40842
-27.37	1.40841
-27.38	1.4084
-27.39	1.4084
-27.4	1.40839
-27.41	1.40839
-27.42	1.40838
-27.43	1.40838
-27.44	1.40837
-27.45	1.40837
-27.46	1.40836
-27.47	1.40836
-27.48	1.40835
-27.49	1.40835
-27.5	1.40834
-27.51	1.40834
-27.52	1.40833
-27.53	1.40832
-27.54	1.40832
-27.55	1.40831
-27.56	1.40831
-27.57	1.4083
-27.58	1.4083
-27.59	1.40829
-27.6	1.40829
-27.61	1.40828
-27.62	1.40828
-27.63	1.40827
-27.64	1.40827
-27.65	1.40826
-27.66	1.40826
-27.67	1.40825
-27.68	1.40825
-27.69	1.40824
-27.7	1.40824
-27.71	1.40823
-27.72	1.40822
-27.73	1.40822
-27.74	1.40821
-27.75	1.40821
-27.76	1.4082
-27.77	1.4082
-27.78	1.40819
-27.79	1.40819
-27.8	1.40818
-27.81	1.40818
-27.82	1.40817
-27.83	1.40817
-27.84	1.40816
-27.85	1.40816
-27.86	1.40815
-27.87	1.40815
-27.88	1.40814
-27.89	1.40814
-27.9	1.40813
-27.91	1.40813
-27.92	1.40812
-27.93	1.40812
-27.94	1.40811
-27.95	1.40811
-27.96	1.4081
-27.97	1.4081
-27.98	1.40809
-27.99	1.40808
-28	1.40808
-28.01	1.40807
-28.02	1.40807
-28.03	1.40806
-28.04	1.40806
-28.05	1.40805
-28.06	1.40805
-28.07	1.40804
-28.08	1.40804
-28.09	1.40803
-28.1	1.40803
-28.11	1.40802
-28.12	1.40802
-28.13	1.40801
-28.14	1.40801
-28.15	1.408
-28.16	1.408
-28.17	1.40799
-28.18	1.40799
-28.19	1.40798
-28.2	1.40798
-28.21	1.40797
-28.22	1.40797
-28.23	1.40796
-28.24	1.40796
-28.25	1.40795
-28.26	1.40795
-28.27	1.40794
-28.28	1.40794
-28.29	1.40793
-28.3	1.40793
-28.31	1.40792
-28.32	1.40792
-28.33	1.40791
-28.34	1.40791
-28.35	1.4079
-28.36	1.4079
-28.37	1.40789
-28.38	1.40789
-28.39	1.40788
-28.4	1.40788
-28.41	1.40787
-28.42	1.40787
-28.43	1.40786
-28.44	1.40786
-28.45	1.40785
-28.46	1.40785
-28.47	1.40784
-28.48	1.40784
-28.49	1.40783
-28.5	1.40783
-28.51	1.40782
-28.52	1.40782
-28.53	1.40781
-28.54	1.40781
-28.55	1.4078
-28.56	1.4078
-28.57	1.40779
-28.58	1.40779
-28.59	1.40778
-28.6	1.40778
-28.61	1.40777
-28.62	1.40777
-28.63	1.40776
-28.64	1.40776
-28.65	1.40775
-28.66	1.40775
-28.67	1.40774
-28.68	1.40774
-28.69	1.40773
-28.7	1.40773
-28.71	1.40772
-28.72	1.40772
-28.73	1.40772
-28.74	1.40771
-28.75	1.40771
-28.76	1.4077
-28.77	1.4077
-28.78	1.40769
-28.79	1.40769
-28.8	1.40768
-28.81	1.40768
-28.82	1.40767
-28.83	1.40767
-28.84	1.40766
-28.85	1.40766
-28.86	1.40765
-28.87	1.40765
-28.88	1.40764
-28.89	1.40764
-28.9	1.40763
-28.91	1.40763
-28.92	1.40762
-28.93	1.40762
-28.94	1.40761
-28.95	1.40761
-28.96	1.4076
-28.97	1.4076
-28.98	1.40759
-28.99	1.40759
-29	1.40758
-29.01	1.40758
-29.02	1.40758
-29.03	1.40757
-29.04	1.40757
-29.05	1.40756
-29.06	1.40756
-29.07	1.40755
-29.08	1.40755
-29.09	1.40754
-29.1	1.40754
-29.11	1.40753
-29.12	1.40753
-29.13	1.40752
-29.14	1.40752
-29.15	1.40751
-29.16	1.40751
-29.17	1.4075
-29.18	1.4075
-29.19	1.40749
-29.2	1.40749
-29.21	1.40749
-29.22	1.40748
-29.23	1.40748
-29.24	1.40747
-29.25	1.40747
-29.26	1.40746
-29.27	1.40746
-29.28	1.40745
-29.29	1.40745
-29.3	1.40744
-29.31	1.40744
-29.32	1.40743
-29.33	1.40743
-29.34	1.40742
-29.35	1.40742
-29.36	1.40741
-29.37	1.40741
-29.38	1.40741
-29.39	1.4074
-29.4	1.4074
-29.41	1.40739
-29.42	1.40739
-29.43	1.40738
-29.44	1.40738
-29.45	1.40737
-29.46	1.40737
-29.47	1.40736
-29.48	1.40736
-29.49	1.40735
-29.5	1.40735
-29.51	1.40735
-29.52	1.40734
-29.53	1.40734
-29.54	1.40733
-29.55	1.40733
-29.56	1.40732
-29.57	1.40732
-29.58	1.40731
-29.59	1.40731
-29.6	1.4073
-29.61	1.4073
-29.62	1.40729
-29.63	1.40729
-29.64	1.40729
-29.65	1.40728
-29.66	1.40728
-29.67	1.40727
-29.68	1.40727
-29.69	1.40726
-29.7	1.40726
-29.71	1.40725
-29.72	1.40725
-29.73	1.40724
-29.74	1.40724
-29.75	1.40724
-29.76	1.40723
-29.77	1.40723
-29.78	1.40722
-29.79	1.40722
-29.8	1.40721
-29.81	1.40721
-29.82	1.4072
-29.83	1.4072
-29.84	1.40719
-29.85	1.40719
-29.86	1.40719
-29.87	1.40718
-29.88	1.40718
-29.89	1.40717
-29.9	1.40717
-29.91	1.40716
-29.92	1.40716
-29.93	1.40715
-29.94	1.40715
-29.95	1.40715
-29.96	1.40714
-29.97	1.40714
-29.98	1.40713
-29.99	1.40713
-30	1.40712
