x	y
30	0.776163
29.99	0.776165
29.98	0.776166
29.97	0.776168
29.96	0.77617
29.95	0.776171
29.94	0.776173
29.93	0.776175
29.92	0.776176
29.91	0.776178
29.9	0.776179
29.89	0.776181
29.88	0.776183
29.87	0.776184
29.86	0.776186
29.85	0.776188
29.84	0.776189
29.83	0.776191
29.82	0.776193
29.81	0.776194
29.8	0.776196
29.79	0.776198
29.78	0.776199
29.77	0.776201
29.76	0.776203
29.75	0.776204
29.74	0.776206
29.73	0.776208
29.72	0.776209
29.71	0.776211
29.7	0.776213
29.69	0.776214
29.68	0.776216
29.67	0.776218
29.66	0.776219
29.65	0.776221
29.64	0.776223
29.63	0.776224
29.62	0.776226
29.61	0.776228
29.6	0.776229
29.59	0.776231
29.58	0.776233
29.57	0.776234
29.56	0.776236
29.55	0.776238
29.54	0.776239
29.53	0.776241
29.52	0.776243
29.51	0.776244
29.5	0.776246
29.49	0.776248
29.48	0.776249
29.47	0.776251
29.46	0.776253
29.45	0.776254
29.44	0.776256
29.43	0.776258
29.42	0.77626
29.41	0.776261
29.4	0.776263
29.39	0.776265
29.38	0.776266
29.37	0.776268
29.36	0.77627
29.35	0.776271
29.34	0.776273
29.33	0.776275
29.32	0.776277
29.31	0.776278
29.3	0.77628
29.29	0.776282
29.28	0.776283
29.27	0.776285
29.26	0.776287
29.25	0.776289
29.24	0.77629
29.23	0.776292
29.22	0.776294
29.21	0.776295
29.2	0.776297
29.19	0.776299
29.18	0.776301
29.17	0.776302
29.16	0.776304
29.15	0.776306
29.14	0.776308
29.13	0.776309
29.12	0.776311
29.11	0.776313
29.1	0.776314
29.09	0.776316
29.08	0.776318
29.07	0.77632
29.06	0.776321
29.05	0.776323
29.04	0.776325
29.03	0.776327
29.02	0.776328
29.01	0.77633
29	0.776332
28.99	0.776334
28.98	0.776335
28.97	0.776337
28.96	0.776339
28.95	0.776341
28.94	0.776342
28.93	0.776344
28.92	0.776346
28.91	0.776348
28.9	0.776349
28.89	0.776351
28.88	0.776353
28.87	0.776355
28.86	0.776356
28.85	0.776358
28.84	0.77636
28.83	0.776362
28.82	0.776363
28.81	0.776365
28.8	0.776367
28.79	0.776369
28.78	0.776371
28.77	0.776372
28.76	0.776374
28.75	0.776376
28.74	0.776378
28.73	0.776379
28.72	0.776381
28.71	0.776383
28.7	0.776385
28.69	0.776386
28.68	0.776388
28.67	0.77639
28.66	0.776392
28.65	0.776394
28.64	0.776395
28.63	0.776397
28.62	0.776399
28.61	0.776401
28.6	0.776403
28.59	0.776404
28.58	0.776406
28.57	0.776408
28.56	0.77641
28.55	0.776412
28.54	0.776413
28.53	0.776415
28.52	0.776417
28.51	0.776419
28.5	0.776421
28.49	0.776422
28.48	0.776424
28.47	0.776426
28.46	0.776428
28.45	0.77643
28.44	0.776432
28.43	0.776433
28.42	0.776435
28.41	0.776437
28.4	0.776439
28.39	0.776441
28.38	0.776442
28.37	0.776444
28.36	0.776446
28.35	0.776448
28.34	0.77645
28.33	0.776452
28.32	0.776453
28.31	0.776455
28.3	0.776457
28.29	0.776459
28.28	0.776461
28.27	0.776463
28.26	0.776464
28.25	0.776466
28.24	0.776468
28.23	0.77647
28.22	0.776472
28.21	0.776474
28.2	0.776475
28.19	0.776477
28.18	0.776479
28.17	0.776481
28.16	0.776483
28.15	0.776485
28.14	0.776487
28.13	0.776488
28.12	0.77649
28.11	0.776492
28.1	0.776494
28.09	0.776496
28.08	0.776498
28.07	0.7765
28.06	0.776501
28.05	0.776503
28.04	0.776505
28.03	0.776507
28.02	0.776509
28.01	0.776511
28	0.776513
27.99	0.776515
27.98	0.776516
27.97	0.776518
27.96	0.77652
27.95	0.776522
27.94	0.776524
27.93	0.776526
27.92	0.776528
27.91	0.77653
27.9	0.776531
27.89	0.776533
27.88	0.776535
27.87	0.776537
27.86	0.776539
27.85	0.776541
27.84	0.776543
27.83	0.776545
27.82	0.776547
27.81	0.776548
27.8	0.77655
27.79	0.776552
27.78	0.776554
27.77	0.776556
27.76	0.776558
27.75	0.77656
27.74	0.776562
27.73	0.776564
27.72	0.776566
27.71	0.776568
27.7	0.776569
27.69	0.776571
27.68	0.776573
27.67	0.776575
27.66	0.776577
27.65	0.776579
27.64	0.776581
27.63	0.776583
27.62	0.776585
27.61	0.776587
27.6	0.776589
27.59	0.776591
27.58	0.776592
27.57	0.776594
27.56	0.776596
27.55	0.776598
27.54	0.7766
27.53	0.776602
27.52	0.776604
27.51	0.776606
27.5	0.776608
27.49	0.77661
27.48	0.776612
27.47	0.776614
27.46	0.776616
27.45	0.776618
27.44	0.77662
27.43	0.776622
27.42	0.776624
27.41	0.776626
27.4	0.776627
27.39	0.776629
27.38	0.776631
27.37	0.776633
27.36	0.776635
27.35	0.776637
27.34	0.776639
27.33	0.776641
27.32	0.776643
27.31	0.776645
27.3	0.776647
27.29	0.776649
27.28	0.776651
27.27	0.776653
27.26	0.776655
27.25	0.776657
27.24	0.776659
27.23	0.776661
27.22	0.776663
27.21	0.776665
27.2	0.776667
27.19	0.776669
27.18	0.776671
27.17	0.776673
27.16	0.776675
27.15	0.776677
27.14	0.776679
27.13	0.776681
27.12	0.776683
27.11	0.776685
27.1	0.776687
27.09	0.776689
27.08	0.776691
27.07	0.776693
27.06	0.776695
27.05	0.776697
27.04	0.776699
27.03	0.776701
27.02	0.776703
27.01	0.776705
27	0.776707
26.99	0.776709
26.98	0.776711
26.97	0.776713
26.96	0.776715
26.95	0.776717
26.94	0.776719
26.93	0.776721
26.92	0.776723
26.91	0.776725
26.9	0.776727
26.89	0.776729
26.88	0.776731
26.87	0.776733
26.86	0.776735
26.85	0.776737
26.84	0.776739
26.83	0.776741
26.82	0.776743
26.81	0.776745
26.8	0.776748
26.79	0.77675
26.78	0.776752
26.77	0.776754
26.76	0.776756
26.75	0.776758
26.74	0.77676
26.73	0.776762
26.72	0.776764
26.71	0.776766
26.7	0.776768
26.69	0.77677
26.68	0.776772
26.67	0.776774
26.66	0.776776
26.65	0.776778
26.64	0.77678
26.63	0.776783
26.62	0.776785
26.61	0.776787
26.6	0.776789
26.59	0.776791
26.58	0.776793
26.57	0.776795
26.56	0.776797
26.55	0.776799
26.54	0.776801
26.53	0.776803
26.52	0.776805
26.51	0.776807
26.5	0.77681
26.49	0.776812
26.48	0.776814
26.47	0.776816
26.46	0.776818
26.45	0.77682
26.44	0.776822
26.43	0.776824
26.42	0.776826
26.41	0.776829
26.4	0.776831
26.39	0.776833
26.38	0.776835
26.37	0.776837
26.36	0.776839
26.35	0.776841
26.34	0.776843
26.33	0.776845
26.32	0.776848
26.31	0.77685
26.3	0.776852
26.29	0.776854
26.28	0.776856
26.27	0.776858
26.26	0.77686
26.25	0.776862
26.24	0.776865
26.23	0.776867
26.22	0.776869
26.21	0.776871
26.2	0.776873
26.19	0.776875
26.18	0.776877
26.17	0.77688
26.16	0.776882
26.15	0.776884
26.14	0.776886
26.13	0.776888
26.12	0.77689
26.11	0.776892
26.1	0.776895
26.09	0.776897
26.08	0.776899
26.07	0.776901
26.06	0.776903
26.05	0.776905
26.04	0.776908
26.03	0.77691
26.02	0.776912
26.01	0.776914
26	0.776916
25.99	0.776918
25.98	0.776921
25.97	0.776923
25.96	0.776925
25.95	0.776927
25.94	0.776929
25.93	0.776932
25.92	0.776934
25.91	0.776936
25.9	0.776938
25.89	0.77694
25.88	0.776942
25.87	0.776945
25.86	0.776947
25.85	0.776949
25.84	0.776951
25.83	0.776953
25.82	0.776956
25.81	0.776958
25.8	0.77696
25.79	0.776962
25.78	0.776964
25.77	0.776967
25.76	0.776969
25.75	0.776971
25.74	0.776973
25.73	0.776976
25.72	0.776978
25.71	0.77698
25.7	0.776982
25.69	0.776984
25.68	0.776987
25.67	0.776989
25.66	0.776991
25.65	0.776993
25.64	0.776996
25.63	0.776998
25.62	0.777
25.61	0.777002
25.6	0.777005
25.59	0.777007
25.58	0.777009
25.57	0.777011
25.56	0.777014
25.55	0.777016
25.54	0.777018
25.53	0.77702
25.52	0.777023
25.51	0.777025
25.5	0.777027
25.49	0.777029
25.48	0.777032
25.47	0.777034
25.46	0.777036
25.45	0.777038
25.44	0.777041
25.43	0.777043
25.42	0.777045
25.41	0.777048
25.4	0.77705
25.39	0.777052
25.38	0.777054
25.37	0.777057
25.36	0.777059
25.35	0.777061
25.34	0.777063
25.33	0.777066
25.32	0.777068
25.31	0.77707
25.3	0.777073
25.29	0.777075
25.28	0.777077
25.27	0.77708
25.26	0.777082
25.25	0.777084
25.24	0.777086
25.23	0.777089
25.22	0.777091
25.21	0.777093
25.2	0.777096
25.19	0.777098
25.18	0.7771
25.17	0.777103
25.16	0.777105
25.15	0.777107
25.14	0.77711
25.13	0.777112
25.12	0.777114
25.11	0.777117
25.1	0.777119
25.09	0.777121
25.08	0.777124
25.07	0.777126
25.06	0.777128
25.05	0.777131
25.04	0.777133
25.03	0.777135
25.02	0.777138
25.01	0.77714
25	0.777142
24.99	0.777145
24.98	0.777147
24.97	0.777149
24.96	0.777152
24.95	0.777154
24.94	0.777157
24.93	0.777159
24.92	0.777161
24.91	0.777164
24.9	0.777166
24.89	0.777168
24.88	0.777171
24.87	0.777173
24.86	0.777176
24.85	0.777178
24.84	0.77718
24.83	0.777183
24.82	0.777185
24.81	0.777187
24.8	0.77719
24.79	0.777192
24.78	0.777195
24.77	0.777197
24.76	0.777199
24.75	0.777202
24.74	0.777204
24.73	0.777207
24.72	0.777209
24.71	0.777211
24.7	0.777214
24.69	0.777216
24.68	0.777219
24.67	0.777221
24.66	0.777224
24.65	0.777226
24.64	0.777228
24.63	0.777231
24.62	0.777233
24.61	0.777236
24.6	0.777238
24.59	0.777241
24.58	0.777243
24.57	0.777245
24.56	0.777248
24.55	0.77725
24.54	0.777253
24.53	0.777255
24.52	0.777258
24.51	0.77726
24.5	0.777263
24.49	0.777265
24.48	0.777267
24.47	0.77727
24.46	0.777272
24.45	0.777275
24.44	0.777277
24.43	0.77728
24.42	0.777282
24.41	0.777285
24.4	0.777287
24.39	0.77729
24.38	0.777292
24.37	0.777295
24.36	0.777297
24.35	0.777299
24.34	0.777302
24.33	0.777304
24.32	0.777307
24.31	0.777309
24.3	0.777312
24.29	0.777314
24.28	0.777317
24.27	0.777319
24.26	0.777322
24.25	0.777324
24.24	0.777327
24.23	0.777329
24.22	0.777332
24.21	0.777334
24.2	0.777337
24.19	0.777339
24.18	0.777342
24.17	0.777344
24.16	0.777347
24.15	0.77735
24.14	0.777352
24.13	0.777355
24.12	0.777357
24.11	0.77736
24.1	0.777362
24.09	0.777365
24.08	0.777367
24.07	0.77737
24.06	0.777372
24.05	0.777375
24.04	0.777377
24.03	0.77738
24.02	0.777382
24.01	0.777385
24	0.777388
23.99	0.77739
23.98	0.777393
23.97	0.777395
23.96	0.777398
23.95	0.7774
23.94	0.777403
23.93	0.777406
23.92	0.777408
23.91	0.777411
23.9	0.777413
23.89	0.777416
23.88	0.777418
23.87	0.777421
23.86	0.777424
23.85	0.777426
23.84	0.777429
23.83	0.777431
23.82	0.777434
23.81	0.777436
23.8	0.777439
23.79	0.777442
23.78	0.777444
23.77	0.777447
23.76	0.77745
23.75	0.777452
23.74	0.777455
23.73	0.777457
23.72	0.77746
23.71	0.777463
23.7	0.777465
23.69	0.777468
23.68	0.77747
23.67	0.777473
23.66	0.777476
23.65	0.777478
23.64	0.777481
23.63	0.777484
23.62	0.777486
23.61	0.777489
23.6	0.777492
23.59	0.777494
23.58	0.777497
23.57	0.777499
23.56	0.777502
23.55	0.777505
23.54	0.777507
23.53	0.77751
23.52	0.777513
23.51	0.777515
23.5	0.777518
23.49	0.777521
23.48	0.777523
23.47	0.777526
23.46	0.777529
23.45	0.777531
23.44	0.777534
23.43	0.777537
23.42	0.777539
23.41	0.777542
23.4	0.777545
23.39	0.777548
23.38	0.77755
23.37	0.777553
23.36	0.777556
23.35	0.777558
23.34	0.777561
23.33	0.777564
23.32	0.777566
23.31	0.777569
23.3	0.777572
23.29	0.777575
23.28	0.777577
23.27	0.77758
23.26	0.777583
23.25	0.777585
23.24	0.777588
23.23	0.777591
23.22	0.777594
23.21	0.777596
23.2	0.777599
23.19	0.777602
23.18	0.777605
23.17	0.777607
23.16	0.77761
23.15	0.777613
23.14	0.777615
23.13	0.777618
23.12	0.777621
23.11	0.777624
23.1	0.777627
23.09	0.777629
23.08	0.777632
23.07	0.777635
23.06	0.777638
23.05	0.77764
23.04	0.777643
23.03	0.777646
23.02	0.777649
23.01	0.777651
23	0.777654
22.99	0.777657
22.98	0.77766
22.97	0.777663
22.96	0.777665
22.95	0.777668
22.94	0.777671
22.93	0.777674
22.92	0.777677
22.91	0.777679
22.9	0.777682
22.89	0.777685
22.88	0.777688
22.87	0.777691
22.86	0.777693
22.85	0.777696
22.84	0.777699
22.83	0.777702
22.82	0.777705
22.81	0.777708
22.8	0.77771
22.79	0.777713
22.78	0.777716
22.77	0.777719
22.76	0.777722
22.75	0.777725
22.74	0.777727
22.73	0.77773
22.72	0.777733
22.71	0.777736
22.7	0.777739
22.69	0.777742
22.68	0.777745
22.67	0.777747
22.66	0.77775
22.65	0.777753
22.64	0.777756
22.63	0.777759
22.62	0.777762
22.61	0.777765
22.6	0.777768
22.59	0.77777
22.58	0.777773
22.57	0.777776
22.56	0.777779
22.55	0.777782
22.54	0.777785
22.53	0.777788
22.52	0.777791
22.51	0.777794
22.5	0.777797
22.49	0.777799
22.48	0.777802
22.47	0.777805
22.46	0.777808
22.45	0.777811
22.44	0.777814
22.43	0.777817
22.42	0.77782
22.41	0.777823
22.4	0.777826
22.39	0.777829
22.38	0.777832
22.37	0.777835
22.36	0.777838
22.35	0.77784
22.34	0.777843
22.33	0.777846
22.32	0.777849
22.31	0.777852
22.3	0.777855
22.29	0.777858
22.28	0.777861
22.27	0.777864
22.26	0.777867
22.25	0.77787
22.24	0.777873
22.23	0.777876
22.22	0.777879
22.21	0.777882
22.2	0.777885
22.19	0.777888
22.18	0.777891
22.17	0.777894
22.16	0.777897
22.15	0.7779
22.14	0.777903
22.13	0.777906
22.12	0.777909
22.11	0.777912
22.1	0.777915
22.09	0.777918
22.08	0.777921
22.07	0.777924
22.06	0.777927
22.05	0.77793
22.04	0.777933
22.03	0.777936
22.02	0.777939
22.01	0.777942
22	0.777945
21.99	0.777948
21.98	0.777951
21.97	0.777954
21.96	0.777957
21.95	0.777961
21.94	0.777964
21.93	0.777967
21.92	0.77797
21.91	0.777973
21.9	0.777976
21.89	0.777979
21.88	0.777982
21.87	0.777985
21.86	0.777988
21.85	0.777991
21.84	0.777994
21.83	0.777997
21.82	0.778001
21.81	0.778004
21.8	0.778007
21.79	0.77801
21.78	0.778013
21.77	0.778016
21.76	0.778019
21.75	0.778022
21.74	0.778025
21.73	0.778028
21.72	0.778032
21.71	0.778035
21.7	0.778038
21.69	0.778041
21.68	0.778044
21.67	0.778047
21.66	0.77805
21.65	0.778054
21.64	0.778057
21.63	0.77806
21.62	0.778063
21.61	0.778066
21.6	0.778069
21.59	0.778072
21.58	0.778076
21.57	0.778079
21.56	0.778082
21.55	0.778085
21.54	0.778088
21.53	0.778091
21.52	0.778095
21.51	0.778098
21.5	0.778101
21.49	0.778104
21.48	0.778107
21.47	0.778111
21.46	0.778114
21.45	0.778117
21.44	0.77812
21.43	0.778123
21.42	0.778127
21.41	0.77813
21.4	0.778133
21.39	0.778136
21.38	0.77814
21.37	0.778143
21.36	0.778146
21.35	0.778149
21.34	0.778152
21.33	0.778156
21.32	0.778159
21.31	0.778162
21.3	0.778165
21.29	0.778169
21.28	0.778172
21.27	0.778175
21.26	0.778178
21.25	0.778182
21.24	0.778185
21.23	0.778188
21.22	0.778192
21.21	0.778195
21.2	0.778198
21.19	0.778201
21.18	0.778205
21.17	0.778208
21.16	0.778211
21.15	0.778215
21.14	0.778218
21.13	0.778221
21.12	0.778224
21.11	0.778228
21.1	0.778231
21.09	0.778234
21.08	0.778238
21.07	0.778241
21.06	0.778244
21.05	0.778248
21.04	0.778251
21.03	0.778254
21.02	0.778258
21.01	0.778261
21	0.778264
20.99	0.778268
20.98	0.778271
20.97	0.778274
20.96	0.778278
20.95	0.778281
20.94	0.778284
20.93	0.778288
20.92	0.778291
20.91	0.778295
20.9	0.778298
20.89	0.778301
20.88	0.778305
20.87	0.778308
20.86	0.778311
20.85	0.778315
20.84	0.778318
20.83	0.778322
20.82	0.778325
20.81	0.778328
20.8	0.778332
20.79	0.778335
20.78	0.778339
20.77	0.778342
20.76	0.778345
20.75	0.778349
20.74	0.778352
20.73	0.778356
20.72	0.778359
20.71	0.778363
20.7	0.778366
20.69	0.778369
20.68	0.778373
20.67	0.778376
20.66	0.77838
20.65	0.778383
20.64	0.778387
20.63	0.77839
20.62	0.778394
20.61	0.778397
20.6	0.778401
20.59	0.778404
20.58	0.778408
20.57	0.778411
20.56	0.778415
20.55	0.778418
20.54	0.778422
20.53	0.778425
20.52	0.778429
20.51	0.778432
20.5	0.778436
20.49	0.778439
20.48	0.778443
20.47	0.778446
20.46	0.77845
20.45	0.778453
20.44	0.778457
20.43	0.77846
20.42	0.778464
20.41	0.778467
20.4	0.778471
20.39	0.778474
20.38	0.778478
20.37	0.778481
20.36	0.778485
20.35	0.778489
20.34	0.778492
20.33	0.778496
20.32	0.778499
20.31	0.778503
20.3	0.778506
20.29	0.77851
20.28	0.778514
20.27	0.778517
20.26	0.778521
20.25	0.778524
20.24	0.778528
20.23	0.778532
20.22	0.778535
20.21	0.778539
20.2	0.778542
20.19	0.778546
20.18	0.77855
20.17	0.778553
20.16	0.778557
20.15	0.778561
20.14	0.778564
20.13	0.778568
20.12	0.778571
20.11	0.778575
20.1	0.778579
20.09	0.778582
20.08	0.778586
20.07	0.77859
20.06	0.778593
20.05	0.778597
20.04	0.778601
20.03	0.778604
20.02	0.778608
20.01	0.778612
20	0.778615
19.99	0.778619
19.98	0.778623
19.97	0.778627
19.96	0.77863
19.95	0.778634
19.94	0.778638
19.93	0.778641
19.92	0.778645
19.91	0.778649
19.9	0.778653
19.89	0.778656
19.88	0.77866
19.87	0.778664
19.86	0.778667
19.85	0.778671
19.84	0.778675
19.83	0.778679
19.82	0.778682
19.81	0.778686
19.8	0.77869
19.79	0.778694
19.78	0.778697
19.77	0.778701
19.76	0.778705
19.75	0.778709
19.74	0.778713
19.73	0.778716
19.72	0.77872
19.71	0.778724
19.7	0.778728
19.69	0.778732
19.68	0.778735
19.67	0.778739
19.66	0.778743
19.65	0.778747
19.64	0.778751
19.63	0.778755
19.62	0.778758
19.61	0.778762
19.6	0.778766
19.59	0.77877
19.58	0.778774
19.57	0.778778
19.56	0.778781
19.55	0.778785
19.54	0.778789
19.53	0.778793
19.52	0.778797
19.51	0.778801
19.5	0.778805
19.49	0.778809
19.48	0.778812
19.47	0.778816
19.46	0.77882
19.45	0.778824
19.44	0.778828
19.43	0.778832
19.42	0.778836
19.41	0.77884
19.4	0.778844
19.39	0.778848
19.38	0.778852
19.37	0.778855
19.36	0.778859
19.35	0.778863
19.34	0.778867
19.33	0.778871
19.32	0.778875
19.31	0.778879
19.3	0.778883
19.29	0.778887
19.28	0.778891
19.27	0.778895
19.26	0.778899
19.25	0.778903
19.24	0.778907
19.23	0.778911
19.22	0.778915
19.21	0.778919
19.2	0.778923
19.19	0.778927
19.18	0.778931
19.17	0.778935
19.16	0.778939
19.15	0.778943
19.14	0.778947
19.13	0.778951
19.12	0.778955
19.11	0.778959
19.1	0.778963
19.09	0.778967
19.08	0.778971
19.07	0.778975
19.06	0.778979
19.05	0.778983
19.04	0.778988
19.03	0.778992
19.02	0.778996
19.01	0.779
19	0.779004
18.99	0.779008
18.98	0.779012
18.97	0.779016
18.96	0.77902
18.95	0.779024
18.94	0.779029
18.93	0.779033
18.92	0.779037
18.91	0.779041
18.9	0.779045
18.89	0.779049
18.88	0.779053
18.87	0.779057
18.86	0.779062
18.85	0.779066
18.84	0.77907
18.83	0.779074
18.82	0.779078
18.81	0.779082
18.8	0.779087
18.79	0.779091
18.78	0.779095
18.77	0.779099
18.76	0.779103
18.75	0.779108
18.74	0.779112
18.73	0.779116
18.72	0.77912
18.71	0.779124
18.7	0.779129
18.69	0.779133
18.68	0.779137
18.67	0.779141
18.66	0.779146
18.65	0.77915
18.64	0.779154
18.63	0.779158
18.62	0.779163
18.61	0.779167
18.6	0.779171
18.59	0.779175
18.58	0.77918
18.57	0.779184
18.56	0.779188
18.55	0.779193
18.54	0.779197
18.53	0.779201
18.52	0.779205
18.51	0.77921
18.5	0.779214
18.49	0.779218
18.48	0.779223
18.47	0.779227
18.46	0.779231
18.45	0.779236
18.44	0.77924
18.43	0.779244
18.42	0.779249
18.41	0.779253
18.4	0.779257
18.39	0.779262
18.38	0.779266
18.37	0.779271
18.36	0.779275
18.35	0.779279
18.34	0.779284
18.33	0.779288
18.32	0.779292
18.31	0.779297
18.3	0.779301
18.29	0.779306
18.28	0.77931
18.27	0.779315
18.26	0.779319
18.25	0.779323
18.24	0.779328
18.23	0.779332
18.22	0.779337
18.21	0.779341
18.2	0.779346
18.19	0.77935
18.18	0.779355
18.17	0.779359
18.16	0.779364
18.15	0.779368
18.14	0.779373
18.13	0.779377
18.12	0.779382
18.11	0.779386
18.1	0.779391
18.09	0.779395
18.08	0.7794
18.07	0.779404
18.06	0.779409
18.05	0.779413
18.04	0.779418
18.03	0.779422
18.02	0.779427
18.01	0.779431
18	0.779436
17.99	0.77944
17.98	0.779445
17.97	0.77945
17.96	0.779454
17.95	0.779459
17.94	0.779463
17.93	0.779468
17.92	0.779473
17.91	0.779477
17.9	0.779482
17.89	0.779486
17.88	0.779491
17.87	0.779496
17.86	0.7795
17.85	0.779505
17.84	0.77951
17.83	0.779514
17.82	0.779519
17.81	0.779524
17.8	0.779528
17.79	0.779533
17.78	0.779538
17.77	0.779542
17.76	0.779547
17.75	0.779552
17.74	0.779556
17.73	0.779561
17.72	0.779566
17.71	0.77957
17.7	0.779575
17.69	0.77958
17.68	0.779585
17.67	0.779589
17.66	0.779594
17.65	0.779599
17.64	0.779604
17.63	0.779608
17.62	0.779613
17.61	0.779618
17.6	0.779623
17.59	0.779627
17.58	0.779632
17.57	0.779637
17.56	0.779642
17.55	0.779647
17.54	0.779651
17.53	0.779656
17.52	0.779661
17.51	0.779666
17.5	0.779671
17.49	0.779675
17.48	0.77968
17.47	0.779685
17.46	0.77969
17.45	0.779695
17.44	0.7797
17.43	0.779705
17.42	0.779709
17.41	0.779714
17.4	0.779719
17.39	0.779724
17.38	0.779729
17.37	0.779734
17.36	0.779739
17.35	0.779744
17.34	0.779749
17.33	0.779754
17.32	0.779758
17.31	0.779763
17.3	0.779768
17.29	0.779773
17.28	0.779778
17.27	0.779783
17.26	0.779788
17.25	0.779793
17.24	0.779798
17.23	0.779803
17.22	0.779808
17.21	0.779813
17.2	0.779818
17.19	0.779823
17.18	0.779828
17.17	0.779833
17.16	0.779838
17.15	0.779843
17.14	0.779848
17.13	0.779853
17.12	0.779858
17.11	0.779863
17.1	0.779868
17.09	0.779873
17.08	0.779878
17.07	0.779884
17.06	0.779889
17.05	0.779894
17.04	0.779899
17.03	0.779904
17.02	0.779909
17.01	0.779914
17	0.779919
16.99	0.779924
16.98	0.77993
16.97	0.779935
16.96	0.77994
16.95	0.779945
16.94	0.77995
16.93	0.779955
16.92	0.77996
16.91	0.779966
16.9	0.779971
16.89	0.779976
16.88	0.779981
16.87	0.779986
16.86	0.779992
16.85	0.779997
16.84	0.780002
16.83	0.780007
16.82	0.780012
16.81	0.780018
16.8	0.780023
16.79	0.780028
16.78	0.780033
16.77	0.780039
16.76	0.780044
16.75	0.780049
16.74	0.780054
16.73	0.78006
16.72	0.780065
16.71	0.78007
16.7	0.780076
16.69	0.780081
16.68	0.780086
16.67	0.780092
16.66	0.780097
16.65	0.780102
16.64	0.780108
16.63	0.780113
16.62	0.780118
16.61	0.780124
16.6	0.780129
16.59	0.780134
16.58	0.78014
16.57	0.780145
16.56	0.780151
16.55	0.780156
16.54	0.780161
16.53	0.780167
16.52	0.780172
16.51	0.780178
16.5	0.780183
16.49	0.780189
16.48	0.780194
16.47	0.780199
16.46	0.780205
16.45	0.78021
16.44	0.780216
16.43	0.780221
16.42	0.780227
16.41	0.780232
16.4	0.780238
16.39	0.780243
16.38	0.780249
16.37	0.780254
16.36	0.78026
16.35	0.780265
16.34	0.780271
16.33	0.780277
16.32	0.780282
16.31	0.780288
16.3	0.780293
16.29	0.780299
16.28	0.780304
16.27	0.78031
16.26	0.780316
16.25	0.780321
16.24	0.780327
16.23	0.780332
16.22	0.780338
16.21	0.780344
16.2	0.780349
16.19	0.780355
16.18	0.780361
16.17	0.780366
16.16	0.780372
16.15	0.780378
16.14	0.780383
16.13	0.780389
16.12	0.780395
16.11	0.7804
16.1	0.780406
16.09	0.780412
16.08	0.780418
16.07	0.780423
16.06	0.780429
16.05	0.780435
16.04	0.780441
16.03	0.780446
16.02	0.780452
16.01	0.780458
16	0.780464
15.99	0.780469
15.98	0.780475
15.97	0.780481
15.96	0.780487
15.95	0.780493
15.94	0.780498
15.93	0.780504
15.92	0.78051
15.91	0.780516
15.9	0.780522
15.89	0.780528
15.88	0.780534
15.87	0.780539
15.86	0.780545
15.85	0.780551
15.84	0.780557
15.83	0.780563
15.82	0.780569
15.81	0.780575
15.8	0.780581
15.79	0.780587
15.78	0.780593
15.77	0.780599
15.76	0.780605
15.75	0.780611
15.74	0.780617
15.73	0.780623
15.72	0.780629
15.71	0.780635
15.7	0.780641
15.69	0.780647
15.68	0.780653
15.67	0.780659
15.66	0.780665
15.65	0.780671
15.64	0.780677
15.63	0.780683
15.62	0.780689
15.61	0.780695
15.6	0.780701
15.59	0.780707
15.58	0.780713
15.57	0.780719
15.56	0.780726
15.55	0.780732
15.54	0.780738
15.53	0.780744
15.52	0.78075
15.51	0.780756
15.5	0.780762
15.49	0.780769
15.48	0.780775
15.47	0.780781
15.46	0.780787
15.45	0.780793
15.44	0.7808
15.43	0.780806
15.42	0.780812
15.41	0.780818
15.4	0.780825
15.39	0.780831
15.38	0.780837
15.37	0.780843
15.36	0.78085
15.35	0.780856
15.34	0.780862
15.33	0.780869
15.32	0.780875
15.31	0.780881
15.3	0.780887
15.29	0.780894
15.28	0.7809
15.27	0.780906
15.26	0.780913
15.25	0.780919
15.24	0.780926
15.23	0.780932
15.22	0.780938
15.21	0.780945
15.2	0.780951
15.19	0.780958
15.18	0.780964
15.17	0.780971
15.16	0.780977
15.15	0.780983
15.14	0.78099
15.13	0.780996
15.12	0.781003
15.11	0.781009
15.1	0.781016
15.09	0.781022
15.08	0.781029
15.07	0.781035
15.06	0.781042
15.05	0.781049
15.04	0.781055
15.03	0.781062
15.02	0.781068
15.01	0.781075
15	0.781081
14.99	0.781088
14.98	0.781095
14.97	0.781101
14.96	0.781108
14.95	0.781114
14.94	0.781121
14.93	0.781128
14.92	0.781134
14.91	0.781141
14.9	0.781148
14.89	0.781154
14.88	0.781161
14.87	0.781168
14.86	0.781175
14.85	0.781181
14.84	0.781188
14.83	0.781195
14.82	0.781202
14.81	0.781208
14.8	0.781215
14.79	0.781222
14.78	0.781229
14.77	0.781235
14.76	0.781242
14.75	0.781249
14.74	0.781256
14.73	0.781263
14.72	0.78127
14.71	0.781276
14.7	0.781283
14.69	0.78129
14.68	0.781297
14.67	0.781304
14.66	0.781311
14.65	0.781318
14.64	0.781325
14.63	0.781332
14.62	0.781339
14.61	0.781345
14.6	0.781352
14.59	0.781359
14.58	0.781366
14.57	0.781373
14.56	0.78138
14.55	0.781387
14.54	0.781394
14.53	0.781401
14.52	0.781408
14.51	0.781416
14.5	0.781423
14.49	0.78143
14.48	0.781437
14.47	0.781444
14.46	0.781451
14.45	0.781458
14.44	0.781465
14.43	0.781472
14.42	0.781479
14.41	0.781487
14.4	0.781494
14.39	0.781501
14.38	0.781508
14.37	0.781515
14.36	0.781522
14.35	0.78153
14.34	0.781537
14.33	0.781544
14.32	0.781551
14.31	0.781559
14.3	0.781566
14.29	0.781573
14.28	0.78158
14.27	0.781588
14.26	0.781595
14.25	0.781602
14.24	0.78161
14.23	0.781617
14.22	0.781624
14.21	0.781632
14.2	0.781639
14.19	0.781646
14.18	0.781654
14.17	0.781661
14.16	0.781669
14.15	0.781676
14.14	0.781683
14.13	0.781691
14.12	0.781698
14.11	0.781706
14.1	0.781713
14.09	0.781721
14.08	0.781728
14.07	0.781736
14.06	0.781743
14.05	0.781751
14.04	0.781758
14.03	0.781766
14.02	0.781773
14.01	0.781781
14	0.781788
13.99	0.781796
13.98	0.781804
13.97	0.781811
13.96	0.781819
13.95	0.781826
13.94	0.781834
13.93	0.781842
13.92	0.781849
13.91	0.781857
13.9	0.781865
13.89	0.781873
13.88	0.78188
13.87	0.781888
13.86	0.781896
13.85	0.781903
13.84	0.781911
13.83	0.781919
13.82	0.781927
13.81	0.781934
13.8	0.781942
13.79	0.78195
13.78	0.781958
13.77	0.781966
13.76	0.781974
13.75	0.781981
13.74	0.781989
13.73	0.781997
13.72	0.782005
13.71	0.782013
13.7	0.782021
13.69	0.782029
13.68	0.782037
13.67	0.782045
13.66	0.782053
13.65	0.782061
13.64	0.782069
13.63	0.782077
13.62	0.782085
13.61	0.782093
13.6	0.782101
13.59	0.782109
13.58	0.782117
13.57	0.782125
13.56	0.782133
13.55	0.782141
13.54	0.782149
13.53	0.782157
13.52	0.782165
13.51	0.782174
13.5	0.782182
13.49	0.78219
13.48	0.782198
13.47	0.782206
13.46	0.782214
13.45	0.782223
13.44	0.782231
13.43	0.782239
13.42	0.782247
13.41	0.782256
13.4	0.782264
13.39	0.782272
13.38	0.782281
13.37	0.782289
13.36	0.782297
13.35	0.782306
13.34	0.782314
13.33	0.782322
13.32	0.782331
13.31	0.782339
13.3	0.782347
13.29	0.782356
13.28	0.782364
13.27	0.782373
13.26	0.782381
13.25	0.78239
13.24	0.782398
13.23	0.782407
13.22	0.782415
13.21	0.782424
13.2	0.782432
13.19	0.782441
13.18	0.782449
13.17	0.782458
13.16	0.782466
13.15	0.782475
13.14	0.782484
13.13	0.782492
13.12	0.782501
13.11	0.78251
13.1	0.782518
13.09	0.782527
13.08	0.782536
13.07	0.782544
13.06	0.782553
13.05	0.782562
13.04	0.782571
13.03	0.782579
13.02	0.782588
13.01	0.782597
13	0.782606
12.99	0.782615
12.98	0.782623
12.97	0.782632
12.96	0.782641
12.95	0.78265
12.94	0.782659
12.93	0.782668
12.92	0.782677
12.91	0.782686
12.9	0.782694
12.89	0.782703
12.88	0.782712
12.87	0.782721
12.86	0.78273
12.85	0.782739
12.84	0.782748
12.83	0.782757
12.82	0.782767
12.81	0.782776
12.8	0.782785
12.79	0.782794
12.78	0.782803
12.77	0.782812
12.76	0.782821
12.75	0.78283
12.74	0.782839
12.73	0.782849
12.72	0.782858
12.71	0.782867
12.7	0.782876
12.69	0.782886
12.68	0.782895
12.67	0.782904
12.66	0.782913
12.65	0.782923
12.64	0.782932
12.63	0.782941
12.62	0.782951
12.61	0.78296
12.6	0.782969
12.59	0.782979
12.58	0.782988
12.57	0.782998
12.56	0.783007
12.55	0.783017
12.54	0.783026
12.53	0.783035
12.52	0.783045
12.51	0.783054
12.5	0.783064
12.49	0.783074
12.48	0.783083
12.47	0.783093
12.46	0.783102
12.45	0.783112
12.44	0.783122
12.43	0.783131
12.42	0.783141
12.41	0.78315
12.4	0.78316
12.39	0.78317
12.38	0.78318
12.37	0.783189
12.36	0.783199
12.35	0.783209
12.34	0.783219
12.33	0.783228
12.32	0.783238
12.31	0.783248
12.3	0.783258
12.29	0.783268
12.28	0.783278
12.27	0.783288
12.26	0.783297
12.25	0.783307
12.24	0.783317
12.23	0.783327
12.22	0.783337
12.21	0.783347
12.2	0.783357
12.19	0.783367
12.18	0.783377
12.17	0.783387
12.16	0.783397
12.15	0.783408
12.14	0.783418
12.13	0.783428
12.12	0.783438
12.11	0.783448
12.1	0.783458
12.09	0.783468
12.08	0.783479
12.07	0.783489
12.06	0.783499
12.05	0.783509
12.04	0.78352
12.03	0.78353
12.02	0.78354
12.01	0.783551
12	0.783561
11.99	0.783571
11.98	0.783582
11.97	0.783592
11.96	0.783603
11.95	0.783613
11.94	0.783624
11.93	0.783634
11.92	0.783644
11.91	0.783655
11.9	0.783666
11.89	0.783676
11.88	0.783687
11.87	0.783697
11.86	0.783708
11.85	0.783718
11.84	0.783729
11.83	0.78374
11.82	0.78375
11.81	0.783761
11.8	0.783772
11.79	0.783783
11.78	0.783793
11.77	0.783804
11.76	0.783815
11.75	0.783826
11.74	0.783836
11.73	0.783847
11.72	0.783858
11.71	0.783869
11.7	0.78388
11.69	0.783891
11.68	0.783902
11.67	0.783913
11.66	0.783924
11.65	0.783935
11.64	0.783946
11.63	0.783957
11.62	0.783968
11.61	0.783979
11.6	0.78399
11.59	0.784001
11.58	0.784012
11.57	0.784023
11.56	0.784034
11.55	0.784046
11.54	0.784057
11.53	0.784068
11.52	0.784079
11.51	0.784091
11.5	0.784102
11.49	0.784113
11.48	0.784125
11.47	0.784136
11.46	0.784147
11.45	0.784159
11.44	0.78417
11.43	0.784181
11.42	0.784193
11.41	0.784204
11.4	0.784216
11.39	0.784227
11.38	0.784239
11.37	0.78425
11.36	0.784262
11.35	0.784274
11.34	0.784285
11.33	0.784297
11.32	0.784308
11.31	0.78432
11.3	0.784332
11.29	0.784344
11.28	0.784355
11.27	0.784367
11.26	0.784379
11.25	0.784391
11.24	0.784402
11.23	0.784414
11.22	0.784426
11.21	0.784438
11.2	0.78445
11.19	0.784462
11.18	0.784474
11.17	0.784486
11.16	0.784498
11.15	0.78451
11.14	0.784522
11.13	0.784534
11.12	0.784546
11.11	0.784558
11.1	0.78457
11.09	0.784582
11.08	0.784595
11.07	0.784607
11.06	0.784619
11.05	0.784631
11.04	0.784643
11.03	0.784656
11.02	0.784668
11.01	0.78468
11	0.784693
10.99	0.784705
10.98	0.784718
10.97	0.78473
10.96	0.784742
10.95	0.784755
10.94	0.784767
10.93	0.78478
10.92	0.784792
10.91	0.784805
10.9	0.784818
10.89	0.78483
10.88	0.784843
10.87	0.784855
10.86	0.784868
10.85	0.784881
10.84	0.784893
10.83	0.784906
10.82	0.784919
10.81	0.784932
10.8	0.784945
10.79	0.784957
10.78	0.78497
10.77	0.784983
10.76	0.784996
10.75	0.785009
10.74	0.785022
10.73	0.785035
10.72	0.785048
10.71	0.785061
10.7	0.785074
10.69	0.785087
10.68	0.7851
10.67	0.785113
10.66	0.785127
10.65	0.78514
10.64	0.785153
10.63	0.785166
10.62	0.785179
10.61	0.785193
10.6	0.785206
10.59	0.785219
10.58	0.785233
10.57	0.785246
10.56	0.78526
10.55	0.785273
10.54	0.785287
10.53	0.7853
10.52	0.785314
10.51	0.785327
10.5	0.785341
10.49	0.785354
10.48	0.785368
10.47	0.785382
10.46	0.785395
10.45	0.785409
10.44	0.785423
10.43	0.785436
10.42	0.78545
10.41	0.785464
10.4	0.785478
10.39	0.785492
10.38	0.785506
10.37	0.78552
10.36	0.785533
10.35	0.785547
10.34	0.785562
10.33	0.785576
10.32	0.78559
10.31	0.785604
10.3	0.785618
10.29	0.785632
10.28	0.785646
10.27	0.78566
10.26	0.785675
10.25	0.785689
10.24	0.785703
10.23	0.785717
10.22	0.785732
10.21	0.785746
10.2	0.78576
10.19	0.785775
10.18	0.785789
10.17	0.785804
10.16	0.785818
10.15	0.785833
10.14	0.785847
10.13	0.785862
10.12	0.785877
10.11	0.785891
10.1	0.785906
10.09	0.785921
10.08	0.785935
10.07	0.78595
10.06	0.785965
10.05	0.78598
10.04	0.785995
10.03	0.78601
10.02	0.786025
10.01	0.78604
10	0.786055
9.99	0.78607
9.98	0.786085
9.97	0.7861
9.96	0.786115
9.95	0.78613
9.94	0.786145
9.93	0.78616
9.92	0.786176
9.91	0.786191
9.9	0.786206
9.89	0.786221
9.88	0.786237
9.87	0.786252
9.86	0.786268
9.85	0.786283
9.84	0.786299
9.83	0.786314
9.82	0.78633
9.81	0.786345
9.8	0.786361
9.79	0.786376
9.78	0.786392
9.77	0.786408
9.76	0.786424
9.75	0.786439
9.74	0.786455
9.73	0.786471
9.72	0.786487
9.71	0.786503
9.7	0.786519
9.69	0.786535
9.68	0.786551
9.67	0.786567
9.66	0.786583
9.65	0.786599
9.64	0.786615
9.63	0.786631
9.62	0.786648
9.61	0.786664
9.6	0.78668
9.59	0.786696
9.58	0.786713
9.57	0.786729
9.56	0.786746
9.55	0.786762
9.54	0.786779
9.53	0.786795
9.52	0.786812
9.51	0.786828
9.5	0.786845
9.49	0.786862
9.48	0.786878
9.47	0.786895
9.46	0.786912
9.45	0.786929
9.44	0.786945
9.43	0.786962
9.42	0.786979
9.41	0.786996
9.4	0.787013
9.39	0.78703
9.38	0.787047
9.37	0.787064
9.36	0.787082
9.35	0.787099
9.34	0.787116
9.33	0.787133
9.32	0.787151
9.31	0.787168
9.3	0.787185
9.29	0.787203
9.28	0.78722
9.27	0.787238
9.26	0.787255
9.25	0.787273
9.24	0.78729
9.23	0.787308
9.22	0.787326
9.21	0.787343
9.2	0.787361
9.19	0.787379
9.18	0.787397
9.17	0.787415
9.16	0.787432
9.15	0.78745
9.14	0.787468
9.13	0.787486
9.12	0.787504
9.11	0.787523
9.1	0.787541
9.09	0.787559
9.08	0.787577
9.07	0.787596
9.06	0.787614
9.05	0.787632
9.04	0.787651
9.03	0.787669
9.02	0.787687
9.01	0.787706
9	0.787725
8.99	0.787743
8.98	0.787762
8.97	0.787781
8.96	0.787799
8.95	0.787818
8.94	0.787837
8.93	0.787856
8.92	0.787875
8.91	0.787894
8.9	0.787913
8.89	0.787932
8.88	0.787951
8.87	0.78797
8.86	0.787989
8.85	0.788008
8.84	0.788028
8.83	0.788047
8.82	0.788066
8.81	0.788086
8.8	0.788105
8.79	0.788125
8.78	0.788144
8.77	0.788164
8.76	0.788183
8.75	0.788203
8.74	0.788223
8.73	0.788242
8.72	0.788262
8.71	0.788282
8.7	0.788302
8.69	0.788322
8.68	0.788342
8.67	0.788362
8.66	0.788382
8.65	0.788402
8.64	0.788422
8.63	0.788443
8.62	0.788463
8.61	0.788483
8.6	0.788503
8.59	0.788524
8.58	0.788544
8.57	0.788565
8.56	0.788585
8.55	0.788606
8.54	0.788627
8.53	0.788647
8.52	0.788668
8.51	0.788689
8.5	0.78871
8.49	0.788731
8.48	0.788752
8.47	0.788773
8.46	0.788794
8.45	0.788815
8.44	0.788836
8.43	0.788857
8.42	0.788879
8.41	0.7889
8.4	0.788921
8.39	0.788943
8.38	0.788964
8.37	0.788986
8.36	0.789007
8.35	0.789029
8.34	0.789051
8.33	0.789072
8.32	0.789094
8.31	0.789116
8.3	0.789138
8.29	0.78916
8.28	0.789182
8.27	0.789204
8.26	0.789226
8.25	0.789248
8.24	0.78927
8.23	0.789293
8.22	0.789315
8.21	0.789337
8.2	0.78936
8.19	0.789382
8.18	0.789405
8.17	0.789428
8.16	0.78945
8.15	0.789473
8.14	0.789496
8.13	0.789519
8.12	0.789542
8.11	0.789564
8.1	0.789588
8.09	0.789611
8.08	0.789634
8.07	0.789657
8.06	0.78968
8.05	0.789703
8.04	0.789727
8.03	0.78975
8.02	0.789774
8.01	0.789797
8	0.789821
7.99	0.789845
7.98	0.789868
7.97	0.789892
7.96	0.789916
7.95	0.78994
7.94	0.789964
7.93	0.789988
7.92	0.790012
7.91	0.790036
7.9	0.79006
7.89	0.790085
7.88	0.790109
7.87	0.790133
7.86	0.790158
7.85	0.790182
7.84	0.790207
7.83	0.790232
7.82	0.790256
7.81	0.790281
7.8	0.790306
7.79	0.790331
7.78	0.790356
7.77	0.790381
7.76	0.790406
7.75	0.790431
7.74	0.790457
7.73	0.790482
7.72	0.790507
7.71	0.790533
7.7	0.790558
7.69	0.790584
7.68	0.79061
7.67	0.790635
7.66	0.790661
7.65	0.790687
7.64	0.790713
7.63	0.790739
7.62	0.790765
7.61	0.790791
7.6	0.790817
7.59	0.790844
7.58	0.79087
7.57	0.790896
7.56	0.790923
7.55	0.79095
7.54	0.790976
7.53	0.791003
7.52	0.79103
7.51	0.791057
7.5	0.791083
7.49	0.79111
7.48	0.791138
7.47	0.791165
7.46	0.791192
7.45	0.791219
7.44	0.791247
7.43	0.791274
7.42	0.791302
7.41	0.791329
7.4	0.791357
7.39	0.791385
7.38	0.791412
7.37	0.79144
7.36	0.791468
7.35	0.791496
7.34	0.791525
7.33	0.791553
7.32	0.791581
7.31	0.79161
7.3	0.791638
7.29	0.791667
7.28	0.791695
7.27	0.791724
7.26	0.791753
7.25	0.791781
7.24	0.79181
7.23	0.791839
7.22	0.791869
7.21	0.791898
7.2	0.791927
7.19	0.791956
7.18	0.791986
7.17	0.792015
7.16	0.792045
7.15	0.792075
7.14	0.792104
7.13	0.792134
7.12	0.792164
7.11	0.792194
7.1	0.792225
7.09	0.792255
7.08	0.792285
7.07	0.792315
7.06	0.792346
7.05	0.792376
7.04	0.792407
7.03	0.792438
7.02	0.792469
7.01	0.7925
7	0.792531
6.99	0.792562
6.98	0.792593
6.97	0.792624
6.96	0.792656
6.95	0.792687
6.94	0.792719
6.93	0.79275
6.92	0.792782
6.91	0.792814
6.9	0.792846
6.89	0.792878
6.88	0.79291
6.87	0.792942
6.86	0.792975
6.85	0.793007
6.84	0.79304
6.83	0.793072
6.82	0.793105
6.81	0.793138
6.8	0.793171
6.79	0.793204
6.78	0.793237
6.77	0.79327
6.76	0.793303
6.75	0.793337
6.74	0.79337
6.73	0.793404
6.72	0.793437
6.71	0.793471
6.7	0.793505
6.69	0.793539
6.68	0.793573
6.67	0.793608
6.66	0.793642
6.65	0.793676
6.64	0.793711
6.63	0.793746
6.62	0.79378
6.61	0.793815
6.6	0.79385
6.59	0.793885
6.58	0.793921
6.57	0.793956
6.56	0.793991
6.55	0.794027
6.54	0.794062
6.53	0.794098
6.52	0.794134
6.51	0.79417
6.5	0.794206
6.49	0.794242
6.48	0.794279
6.47	0.794315
6.46	0.794352
6.45	0.794388
6.44	0.794425
6.43	0.794462
6.42	0.794499
6.41	0.794536
6.4	0.794574
6.39	0.794611
6.38	0.794649
6.37	0.794686
6.36	0.794724
6.35	0.794762
6.34	0.7948
6.33	0.794838
6.32	0.794876
6.31	0.794914
6.3	0.794953
6.29	0.794992
6.28	0.79503
6.27	0.795069
6.26	0.795108
6.25	0.795147
6.24	0.795187
6.23	0.795226
6.22	0.795265
6.21	0.795305
6.2	0.795345
6.19	0.795385
6.18	0.795425
6.17	0.795465
6.16	0.795505
6.15	0.795546
6.14	0.795586
6.13	0.795627
6.12	0.795668
6.11	0.795709
6.1	0.79575
6.09	0.795791
6.08	0.795833
6.07	0.795874
6.06	0.795916
6.05	0.795958
6.04	0.796
6.03	0.796042
6.02	0.796084
6.01	0.796126
6	0.796169
5.99	0.796212
5.98	0.796255
5.97	0.796297
5.96	0.796341
5.95	0.796384
5.94	0.796427
5.93	0.796471
5.92	0.796515
5.91	0.796559
5.9	0.796603
5.89	0.796647
5.88	0.796691
5.87	0.796736
5.86	0.79678
5.85	0.796825
5.84	0.79687
5.83	0.796915
5.82	0.79696
5.81	0.797006
5.8	0.797052
5.79	0.797097
5.78	0.797143
5.77	0.797189
5.76	0.797236
5.75	0.797282
5.74	0.797329
5.73	0.797375
5.72	0.797422
5.71	0.797469
5.7	0.797517
5.69	0.797564
5.68	0.797612
5.67	0.79766
5.66	0.797708
5.65	0.797756
5.64	0.797804
5.63	0.797853
5.62	0.797901
5.61	0.79795
5.6	0.797999
5.59	0.798048
5.58	0.798098
5.57	0.798147
5.56	0.798197
5.55	0.798247
5.54	0.798297
5.53	0.798347
5.52	0.798398
5.51	0.798449
5.5	0.7985
5.49	0.798551
5.48	0.798602
5.47	0.798653
5.46	0.798705
5.45	0.798757
5.44	0.798809
5.43	0.798861
5.42	0.798914
5.41	0.798966
5.4	0.799019
5.39	0.799072
5.38	0.799125
5.37	0.799179
5.36	0.799232
5.35	0.799286
5.34	0.79934
5.33	0.799395
5.32	0.799449
5.31	0.799504
5.3	0.799559
5.29	0.799614
5.28	0.799669
5.27	0.799725
5.26	0.799781
5.25	0.799837
5.24	0.799893
5.23	0.799949
5.22	0.800006
5.21	0.800063
5.2	0.80012
5.19	0.800177
5.18	0.800235
5.17	0.800293
5.16	0.800351
5.15	0.800409
5.14	0.800467
5.13	0.800526
5.12	0.800585
5.11	0.800644
5.1	0.800704
5.09	0.800764
5.08	0.800824
5.07	0.800884
5.06	0.800944
5.05	0.801005
5.04	0.801066
5.03	0.801127
5.02	0.801188
5.01	0.80125
5	0.801312
4.99	0.801374
4.98	0.801437
4.97	0.801499
4.96	0.801562
4.95	0.801626
4.94	0.801689
4.93	0.801753
4.92	0.801817
4.91	0.801881
4.9	0.801946
4.89	0.802011
4.88	0.802076
4.87	0.802141
4.86	0.802207
4.85	0.802273
4.84	0.802339
4.83	0.802406
4.82	0.802472
4.81	0.802539
4.8	0.802607
4.79	0.802674
4.78	0.802742
4.77	0.802811
4.76	0.802879
4.75	0.802948
4.74	0.803017
4.73	0.803087
4.72	0.803157
4.71	0.803227
4.7	0.803297
4.69	0.803368
4.68	0.803439
4.67	0.80351
4.66	0.803582
4.65	0.803654
4.64	0.803726
4.63	0.803799
4.62	0.803872
4.61	0.803945
4.6	0.804018
4.59	0.804092
4.58	0.804167
4.57	0.804241
4.56	0.804316
4.55	0.804391
4.54	0.804467
4.53	0.804543
4.52	0.804619
4.51	0.804696
4.5	0.804773
4.49	0.80485
4.48	0.804928
4.47	0.805006
4.46	0.805085
4.45	0.805164
4.44	0.805243
4.43	0.805322
4.42	0.805402
4.41	0.805483
4.4	0.805563
4.39	0.805644
4.38	0.805726
4.37	0.805808
4.36	0.80589
4.35	0.805973
4.34	0.806056
4.33	0.806139
4.32	0.806223
4.31	0.806307
4.3	0.806392
4.29	0.806477
4.28	0.806562
4.27	0.806648
4.26	0.806734
4.25	0.806821
4.24	0.806908
4.23	0.806996
4.22	0.807084
4.21	0.807172
4.2	0.807261
4.19	0.807351
4.18	0.80744
4.17	0.807531
4.16	0.807621
4.15	0.807712
4.14	0.807804
4.13	0.807896
4.12	0.807988
4.11	0.808081
4.1	0.808175
4.09	0.808269
4.08	0.808363
4.07	0.808458
4.06	0.808554
4.05	0.808649
4.04	0.808746
4.03	0.808843
4.02	0.80894
4.01	0.809038
4	0.809136
3.99	0.809235
3.98	0.809335
3.97	0.809434
3.96	0.809535
3.95	0.809636
3.94	0.809737
3.93	0.809839
3.92	0.809942
3.91	0.810045
3.9	0.810149
3.89	0.810253
3.88	0.810358
3.87	0.810463
3.86	0.810569
3.85	0.810676
3.84	0.810783
3.83	0.810891
3.82	0.810999
3.81	0.811108
3.8	0.811217
3.79	0.811328
3.78	0.811438
3.77	0.811549
3.76	0.811661
3.75	0.811774
3.74	0.811887
3.73	0.812001
3.72	0.812115
3.71	0.812231
3.7	0.812346
3.69	0.812463
3.68	0.81258
3.67	0.812698
3.66	0.812816
3.65	0.812935
3.64	0.813055
3.63	0.813175
3.62	0.813296
3.61	0.813418
3.6	0.813541
3.59	0.813664
3.58	0.813788
3.57	0.813913
3.56	0.814038
3.55	0.814165
3.54	0.814292
3.53	0.814419
3.52	0.814548
3.51	0.814677
3.5	0.814807
3.49	0.814938
3.48	0.815069
3.47	0.815202
3.46	0.815335
3.45	0.815469
3.44	0.815604
3.43	0.815739
3.42	0.815876
3.41	0.816013
3.4	0.816151
3.39	0.81629
3.38	0.81643
3.37	0.816571
3.36	0.816713
3.35	0.816855
3.34	0.816999
3.33	0.817143
3.32	0.817288
3.31	0.817434
3.3	0.817582
3.29	0.81773
3.28	0.817879
3.27	0.818029
3.26	0.818179
3.25	0.818331
3.24	0.818484
3.23	0.818638
3.22	0.818793
3.21	0.818949
3.2	0.819106
3.19	0.819264
3.18	0.819423
3.17	0.819583
3.16	0.819744
3.15	0.819906
3.14	0.82007
3.13	0.820234
3.12	0.8204
3.11	0.820566
3.1	0.820734
3.09	0.820903
3.08	0.821073
3.07	0.821244
3.06	0.821417
3.05	0.82159
3.04	0.821765
3.03	0.821941
3.02	0.822118
3.01	0.822297
3	0.822477
2.99	0.822658
2.98	0.82284
2.97	0.823024
2.96	0.823209
2.95	0.823395
2.94	0.823583
2.93	0.823772
2.92	0.823962
2.91	0.824154
2.9	0.824347
2.89	0.824542
2.88	0.824738
2.87	0.824935
2.86	0.825134
2.85	0.825334
2.84	0.825536
2.83	0.82574
2.82	0.825944
2.81	0.826151
2.8	0.826359
2.79	0.826569
2.78	0.82678
2.77	0.826993
2.76	0.827207
2.75	0.827423
2.74	0.827641
2.73	0.827861
2.72	0.828082
2.71	0.828305
2.7	0.82853
2.69	0.828756
2.68	0.828984
2.67	0.829215
2.66	0.829447
2.65	0.82968
2.64	0.829916
2.63	0.830154
2.62	0.830393
2.61	0.830635
2.6	0.830878
2.59	0.831124
2.58	0.831371
2.57	0.831621
2.56	0.831873
2.55	0.832126
2.54	0.832382
2.53	0.83264
2.52	0.832901
2.51	0.833163
2.5	0.833428
2.49	0.833695
2.48	0.833964
2.47	0.834236
2.46	0.83451
2.45	0.834786
2.44	0.835065
2.43	0.835347
2.42	0.83563
2.41	0.835917
2.4	0.836205
2.39	0.836497
2.38	0.836791
2.37	0.837088
2.36	0.837387
2.35	0.837689
2.34	0.837994
2.33	0.838302
2.32	0.838613
2.31	0.838926
2.3	0.839243
2.29	0.839562
2.28	0.839885
2.27	0.84021
2.26	0.840539
2.25	0.840871
2.24	0.841206
2.23	0.841544
2.22	0.841885
2.21	0.84223
2.2	0.842578
2.19	0.84293
2.18	0.843285
2.17	0.843644
2.16	0.844006
2.15	0.844372
2.14	0.844741
2.13	0.845115
2.12	0.845492
2.11	0.845873
2.1	0.846258
2.09	0.846647
2.08	0.84704
2.07	0.847437
2.06	0.847838
2.05	0.848244
2.04	0.848654
2.03	0.849068
2.02	0.849487
2.01	0.84991
2	0.850338
1.99	0.85077
1.98	0.851208
1.97	0.85165
1.96	0.852097
1.95	0.852549
1.94	0.853006
1.93	0.853468
1.92	0.853936
1.91	0.854409
1.9	0.854887
1.89	0.855371
1.88	0.85586
1.87	0.856356
1.86	0.856857
1.85	0.857364
1.84	0.857877
1.83	0.858396
1.82	0.858921
1.81	0.859453
1.8	0.859991
1.79	0.860536
1.78	0.861088
1.77	0.861647
1.76	0.862212
1.75	0.862785
1.74	0.863365
1.73	0.863952
1.72	0.864547
1.71	0.865149
1.7	0.865759
1.69	0.866378
1.68	0.867004
1.67	0.867639
1.66	0.868282
1.65	0.868934
1.64	0.869594
1.63	0.870264
1.62	0.870943
1.61	0.871631
1.6	0.872329
1.59	0.873036
1.58	0.873754
1.57	0.874481
1.56	0.875219
1.55	0.875968
1.54	0.876727
1.53	0.877498
1.52	0.87828
1.51	0.879073
1.5	0.879879
1.49	0.880696
1.48	0.881526
1.47	0.882369
1.46	0.883224
1.45	0.884093
1.44	0.884975
1.43	0.885872
1.42	0.886782
1.41	0.887707
1.4	0.888647
1.39	0.889602
1.38	0.890573
1.37	0.89156
1.36	0.892563
1.35	0.893584
1.34	0.894621
1.33	0.895676
1.32	0.89675
1.31	0.897842
1.3	0.898953
1.29	0.900084
1.28	0.901235
1.27	0.902407
1.26	0.9036
1.25	0.904815
1.24	0.906052
1.23	0.907313
1.22	0.908597
1.21	0.909906
1.2	0.91124
1.19	0.9126
1.18	0.913986
1.17	0.9154
1.16	0.916842
1.15	0.918313
1.14	0.919814
1.13	0.921346
1.12	0.92291
1.11	0.924507
1.1	0.926138
1.09	0.927803
1.08	0.929505
1.07	0.931244
1.06	0.933022
1.05	0.93484
1.04	0.936698
1.03	0.9386
1.02	0.940545
1.01	0.942537
1	0.944575
0.99	0.946663
0.98	0.948801
0.97	0.950992
0.96	0.953237
0.95	0.955539
0.94	0.9579
0.93	0.960322
0.92	0.962808
0.91	0.965359
0.9	0.967979
0.89	0.970671
0.88	0.973437
0.87	0.97628
0.86	0.979205
0.85	0.982214
0.84	0.98531
0.83	0.988499
0.82	0.991784
0.81	0.995169
0.8	0.998659
0.79	1.00226
0.78	1.00597
0.77	1.00981
0.76	1.01377
0.75	1.01787
0.74	1.02211
0.73	1.02649
0.72	1.03103
0.71	1.03573
0.7	1.04061
0.69	1.04566
0.68	1.05091
0.67	1.05637
0.66	1.06203
0.65	1.06793
0.64	1.07407
0.63	1.08047
0.62	1.08714
0.61	1.0941
0.6	1.10137
0.59	1.10898
0.58	1.11694
0.57	1.12528
0.56	1.13403
0.55	1.14322
0.54	1.15288
0.53	1.16305
0.52	1.17377
0.51	1.18509
0.5	1.19706
0.49	1.20973
0.48	1.22316
0.47	1.23743
0.46	1.25262
0.45	1.26882
0.44	1.28613
0.43	1.30466
0.42	1.32455
0.41	1.34595
0.4	1.36904
0.39	1.39402
0.38	1.42114
0.37	1.45065
0.36	1.48291
0.35	1.5183
0.34	1.55728
0.33	1.60042
0.32	1.64841
0.31	1.70208
0.3	1.7625
0.29	1.83096
0.28	1.90914
0.27	1.99921
0.26	2.10401
0.25	2.22735
0.24	2.37447
0.23	2.55278
0.22	2.77314
0.21	3.05223
0.2	3.4173
0.19	3.9172
0.18	4.65279
0.17	5.89424
0.16	9.07936
-0.16	9.07936
-0.17	5.89424
-0.18	4.65279
-0.19	3.9172
-0.2	3.4173
-0.21	3.05223
-0.22	2.77314
-0.23	2.55278
-0.24	2.37447
-0.25	2.22735
-0.26	2.10401
-0.27	1.99921
-0.28	1.90914
-0.29	1.83096
-0.3	1.7625
-0.31	1.70208
-0.32	1.64841
-0.33	1.60042
-0.34	1.55728
-0.35	1.5183
-0.36	1.48291
-0.37	1.45065
-0.38	1.42114
-0.39	1.39402
-0.4	1.36904
-0.41	1.34595
-0.42	1.32455
-0.43	1.30466
-0.44	1.28613
-0.45	1.26882
-0.46	1.25262
-0.47	1.23743
-0.48	1.22316
-0.49	1.20973
-0.5	1.19706
-0.51	1.18509
-0.52	1.17377
-0.53	1.16305
-0.54	1.15288
-0.55	1.14322
-0.56	1.13403
-0.57	1.12528
-0.58	1.11694
-0.59	1.10898
-0.6	1.10137
-0.61	1.0941
-0.62	1.08714
-0.63	1.08047
-0.64	1.07407
-0.65	1.06793
-0.66	1.06203
-0.67	1.05637
-0.68	1.05091
-0.69	1.04566
-0.7	1.04061
-0.71	1.03573
-0.72	1.03103
-0.73	1.02649
-0.74	1.02211
-0.75	1.01787
-0.76	1.01377
-0.77	1.00981
-0.78	1.00597
-0.79	1.00226
-0.8	0.998659
-0.81	0.995169
-0.82	0.991784
-0.83	0.988499
-0.84	0.98531
-0.85	0.982214
-0.86	0.979205
-0.87	0.97628
-0.88	0.973437
-0.89	0.970671
-0.9	0.967979
-0.91	0.965359
-0.92	0.962808
-0.93	0.960322
-0.94	0.9579
-0.95	0.955539
-0.96	0.953237
-0.97	0.950992
-0.98	0.948801
-0.99	0.946663
-1	0.944575
-1.01	0.942537
-1.02	0.940545
-1.03	0.9386
-1.04	0.936698
-1.05	0.93484
-1.06	0.933022
-1.07	0.931244
-1.08	0.929505
-1.09	0.927803
-1.1	0.926138
-1.11	0.924507
-1.12	0.92291
-1.13	0.921346
-1.14	0.919814
-1.15	0.918313
-1.16	0.916842
-1.17	0.9154
-1.18	0.913986
-1.19	0.9126
-1.2	0.91124
-1.21	0.909906
-1.22	0.908597
-1.23	0.907313
-1.24	0.906052
-1.25	0.904815
-1.26	0.9036
-1.27	0.902407
-1.28	0.901235
-1.29	0.900084
-1.3	0.898953
-1.31	0.897842
-1.32	0.89675
-1.33	0.895676
-1.34	0.894621
-1.35	0.893584
-1.36	0.892563
-1.37	0.89156
-1.38	0.890573
-1.39	0.889602
-1.4	0.888647
-1.41	0.887707
-1.42	0.886782
-1.43	0.885872
-1.44	0.884975
-1.45	0.884093
-1.46	0.883224
-1.47	0.882369
-1.48	0.881526
-1.49	0.880696
-1.5	0.879879
-1.51	0.879073
-1.52	0.87828
-1.53	0.877498
-1.54	0.876727
-1.55	0.875968
-1.56	0.875219
-1.57	0.874481
-1.58	0.873754
-1.59	0.873036
-1.6	0.872329
-1.61	0.871631
-1.62	0.870943
-1.63	0.870264
-1.64	0.869594
-1.65	0.868934
-1.66	0.868282
-1.67	0.867639
-1.68	0.867004
-1.69	0.866378
-1.7	0.865759
-1.71	0.865149
-1.72	0.864547
-1.73	0.863952
-1.74	0.863365
-1.75	0.862785
-1.76	0.862212
-1.77	0.861647
-1.78	0.861088
-1.79	0.860536
-1.8	0.859991
-1.81	0.859453
-1.82	0.858921
-1.83	0.858396
-1.84	0.857877
-1.85	0.857364
-1.86	0.856857
-1.87	0.856356
-1.88	0.85586
-1.89	0.855371
-1.9	0.854887
-1.91	0.854409
-1.92	0.853936
-1.93	0.853468
-1.94	0.853006
-1.95	0.852549
-1.96	0.852097
-1.97	0.85165
-1.98	0.851208
-1.99	0.85077
-2	0.850338
-2.01	0.84991
-2.02	0.849487
-2.03	0.849068
-2.04	0.848654
-2.05	0.848244
-2.06	0.847838
-2.07	0.847437
-2.08	0.84704
-2.09	0.846647
-2.1	0.846258
-2.11	0.845873
-2.12	0.845492
-2.13	0.845115
-2.14	0.844741
-2.15	0.844372
-2.16	0.844006
-2.17	0.843644
-2.18	0.843285
-2.19	0.84293
-2.2	0.842578
-2.21	0.84223
-2.22	0.841885
-2.23	0.841544
-2.24	0.841206
-2.25	0.840871
-2.26	0.840539
-2.27	0.84021
-2.28	0.839885
-2.29	0.839562
-2.3	0.839243
-2.31	0.838926
-2.32	0.838613
-2.33	0.838302
-2.34	0.837994
-2.35	0.837689
-2.36	0.837387
-2.37	0.837088
-2.38	0.836791
-2.39	0.836497
-2.4	0.836205
-2.41	0.835917
-2.42	0.83563
-2.43	0.835347
-2.44	0.835065
-2.45	0.834786
-2.46	0.83451
-2.47	0.834236
-2.48	0.833964
-2.49	0.833695
-2.5	0.833428
-2.51	0.833163
-2.52	0.832901
-2.53	0.83264
-2.54	0.832382
-2.55	0.832126
-2.56	0.831873
-2.57	0.831621
-2.58	0.831371
-2.59	0.831124
-2.6	0.830878
-2.61	0.830635
-2.62	0.830393
-2.63	0.830154
-2.64	0.829916
-2.65	0.82968
-2.66	0.829447
-2.67	0.829215
-2.68	0.828984
-2.69	0.828756
-2.7	0.82853
-2.71	0.828305
-2.72	0.828082
-2.73	0.827861
-2.74	0.827641
-2.75	0.827423
-2.76	0.827207
-2.77	0.826993
-2.78	0.82678
-2.79	0.826569
-2.8	0.826359
-2.81	0.826151
-2.82	0.825944
-2.83	0.82574
-2.84	0.825536
-2.85	0.825334
-2.86	0.825134
-2.87	0.824935
-2.88	0.824738
-2.89	0.824542
-2.9	0.824347
-2.91	0.824154
-2.92	0.823962
-2.93	0.823772
-2.94	0.823583
-2.95	0.823395
-2.96	0.823209
-2.97	0.823024
-2.98	0.82284
-2.99	0.822658
-3	0.822477
-3.01	0.822297
-3.02	0.822118
-3.03	0.821941
-3.04	0.821765
-3.05	0.82159
-3.06	0.821417
-3.07	0.821244
-3.08	0.821073
-3.09	0.820903
-3.1	0.820734
-3.11	0.820566
-3.12	0.8204
-3.13	0.820234
-3.14	0.82007
-3.15	0.819906
-3.16	0.819744
-3.17	0.819583
-3.18	0.819423
-3.19	0.819264
-3.2	0.819106
-3.21	0.818949
-3.22	0.818793
-3.23	0.818638
-3.24	0.818484
-3.25	0.818331
-3.26	0.818179
-3.27	0.818029
-3.28	0.817879
-3.29	0.81773
-3.3	0.817582
-3.31	0.817434
-3.32	0.817288
-3.33	0.817143
-3.34	0.816999
-3.35	0.816855
-3.36	0.816713
-3.37	0.816571
-3.38	0.81643
-3.39	0.81629
-3.4	0.816151
-3.41	0.816013
-3.42	0.815876
-3.43	0.815739
-3.44	0.815604
-3.45	0.815469
-3.46	0.815335
-3.47	0.815202
-3.48	0.815069
-3.49	0.814938
-3.5	0.814807
-3.51	0.814677
-3.52	0.814548
-3.53	0.814419
-3.54	0.814292
-3.55	0.814165
-3.56	0.814038
-3.57	0.813913
-3.58	0.813788
-3.59	0.813664
-3.6	0.813541
-3.61	0.813418
-3.62	0.813296
-3.63	0.813175
-3.64	0.813055
-3.65	0.812935
-3.66	0.812816
-3.67	0.812698
-3.68	0.81258
-3.69	0.812463
-3.7	0.812346
-3.71	0.812231
-3.72	0.812115
-3.73	0.812001
-3.74	0.811887
-3.75	0.811774
-3.76	0.811661
-3.77	0.811549
-3.78	0.811438
-3.79	0.811328
-3.8	0.811217
-3.81	0.811108
-3.82	0.810999
-3.83	0.810891
-3.84	0.810783
-3.85	0.810676
-3.86	0.810569
-3.87	0.810463
-3.88	0.810358
-3.89	0.810253
-3.9	0.810149
-3.91	0.810045
-3.92	0.809942
-3.93	0.809839
-3.94	0.809737
-3.95	0.809636
-3.96	0.809535
-3.97	0.809434
-3.98	0.809335
-3.99	0.809235
-4	0.809136
-4.01	0.809038
-4.02	0.80894
-4.03	0.808843
-4.04	0.808746
-4.05	0.808649
-4.06	0.808554
-4.07	0.808458
-4.08	0.808363
-4.09	0.808269
-4.1	0.808175
-4.11	0.808081
-4.12	0.807988
-4.13	0.807896
-4.14	0.807804
-4.15	0.807712
-4.16	0.807621
-4.17	0.807531
-4.18	0.80744
-4.19	0.807351
-4.2	0.807261
-4.21	0.807172
-4.22	0.807084
-4.23	0.806996
-4.24	0.806908
-4.25	0.806821
-4.26	0.806734
-4.27	0.806648
-4.28	0.806562
-4.29	0.806477
-4.3	0.806392
-4.31	0.806307
-4.32	0.806223
-4.33	0.806139
-4.34	0.806056
-4.35	0.805973
-4.36	0.80589
-4.37	0.805808
-4.38	0.805726
-4.39	0.805644
-4.4	0.805563
-4.41	0.805483
-4.42	0.805402
-4.43	0.805322
-4.44	0.805243
-4.45	0.805164
-4.46	0.805085
-4.47	0.805006
-4.48	0.804928
-4.49	0.80485
-4.5	0.804773
-4.51	0.804696
-4.52	0.804619
-4.53	0.804543
-4.54	0.804467
-4.55	0.804391
-4.56	0.804316
-4.57	0.804241
-4.58	0.804167
-4.59	0.804092
-4.6	0.804018
-4.61	0.803945
-4.62	0.803872
-4.63	0.803799
-4.64	0.803726
-4.65	0.803654
-4.66	0.803582
-4.67	0.80351
-4.68	0.803439
-4.69	0.803368
-4.7	0.803297
-4.71	0.803227
-4.72	0.803157
-4.73	0.803087
-4.74	0.803017
-4.75	0.802948
-4.76	0.802879
-4.77	0.802811
-4.78	0.802742
-4.79	0.802674
-4.8	0.802607
-4.81	0.802539
-4.82	0.802472
-4.83	0.802406
-4.84	0.802339
-4.85	0.802273
-4.86	0.802207
-4.87	0.802141
-4.88	0.802076
-4.89	0.802011
-4.9	0.801946
-4.91	0.801881
-4.92	0.801817
-4.93	0.801753
-4.94	0.801689
-4.95	0.801626
-4.96	0.801562
-4.97	0.801499
-4.98	0.801437
-4.99	0.801374
-5	0.801312
-5.01	0.80125
-5.02	0.801188
-5.03	0.801127
-5.04	0.801066
-5.05	0.801005
-5.06	0.800944
-5.07	0.800884
-5.08	0.800824
-5.09	0.800764
-5.1	0.800704
-5.11	0.800644
-5.12	0.800585
-5.13	0.800526
-5.14	0.800467
-5.15	0.800409
-5.16	0.800351
-5.17	0.800293
-5.18	0.800235
-5.19	0.800177
-5.2	0.80012
-5.21	0.800063
-5.22	0.800006
-5.23	0.799949
-5.24	0.799893
-5.25	0.799837
-5.26	0.799781
-5.27	0.799725
-5.28	0.799669
-5.29	0.799614
-5.3	0.799559
-5.31	0.799504
-5.32	0.799449
-5.33	0.799395
-5.34	0.79934
-5.35	0.799286
-5.36	0.799232
-5.37	0.799179
-5.38	0.799125
-5.39	0.799072
-5.4	0.799019
-5.41	0.798966
-5.42	0.798914
-5.43	0.798861
-5.44	0.798809
-5.45	0.798757
-5.46	0.798705
-5.47	0.798653
-5.48	0.798602
-5.49	0.798551
-5.5	0.7985
-5.51	0.798449
-5.52	0.798398
-5.53	0.798347
-5.54	0.798297
-5.55	0.798247
-5.56	0.798197
-5.57	0.798147
-5.58	0.798098
-5.59	0.798048
-5.6	0.797999
-5.61	0.79795
-5.62	0.797901
-5.63	0.797853
-5.64	0.797804
-5.65	0.797756
-5.66	0.797708
-5.67	0.79766
-5.68	0.797612
-5.69	0.797564
-5.7	0.797517
-5.71	0.797469
-5.72	0.797422
-5.73	0.797375
-5.74	0.797329
-5.75	0.797282
-5.76	0.797236
-5.77	0.797189
-5.78	0.797143
-5.79	0.797097
-5.8	0.797052
-5.81	0.797006
-5.82	0.79696
-5.83	0.796915
-5.84	0.79687
-5.85	0.796825
-5.86	0.79678
-5.87	0.796736
-5.88	0.796691
-5.89	0.796647
-5.9	0.796603
-5.91	0.796559
-5.92	0.796515
-5.93	0.796471
-5.94	0.796427
-5.95	0.796384
-5.96	0.796341
-5.97	0.796297
-5.98	0.796255
-5.99	0.796212
-6	0.796169
-6.01	0.796126
-6.02	0.796084
-6.03	0.796042
-6.04	0.796
-6.05	0.795958
-6.06	0.795916
-6.07	0.795874
-6.08	0.795833
-6.09	0.795791
-6.1	0.79575
-6.11	0.795709
-6.12	0.795668
-6.13	0.795627
-6.14	0.795586
-6.15	0.795546
-6.16	0.795505
-6.17	0.795465
-6.18	0.795425
-6.19	0.795385
-6.2	0.795345
-6.21	0.795305
-6.22	0.795265
-6.23	0.795226
-6.24	0.795187
-6.25	0.795147
-6.26	0.795108
-6.27	0.795069
-6.28	0.79503
-6.29	0.794992
-6.3	0.794953
-6.31	0.794914
-6.32	0.794876
-6.33	0.794838
-6.34	0.7948
-6.35	0.794762
-6.36	0.794724
-6.37	0.794686
-6.38	0.794649
-6.39	0.794611
-6.4	0.794574
-6.41	0.794536
-6.42	0.794499
-6.43	0.794462
-6.44	0.794425
-6.45	0.794388
-6.46	0.794352
-6.47	0.794315
-6.48	0.794279
-6.49	0.794242
-6.5	0.794206
-6.51	0.79417
-6.52	0.794134
-6.53	0.794098
-6.54	0.794062
-6.55	0.794027
-6.56	0.793991
-6.57	0.793956
-6.58	0.793921
-6.59	0.793885
-6.6	0.79385
-6.61	0.793815
-6.62	0.79378
-6.63	0.793746
-6.64	0.793711
-6.65	0.793676
-6.66	0.793642
-6.67	0.793608
-6.68	0.793573
-6.69	0.793539
-6.7	0.793505
-6.71	0.793471
-6.72	0.793437
-6.73	0.793404
-6.74	0.79337
-6.75	0.793337
-6.76	0.793303
-6.77	0.79327
-6.78	0.793237
-6.79	0.793204
-6.8	0.793171
-6.81	0.793138
-6.82	0.793105
-6.83	0.793072
-6.84	0.79304
-6.85	0.793007
-6.86	0.792975
-6.87	0.792942
-6.88	0.79291
-6.89	0.792878
-6.9	0.792846
-6.91	0.792814
-6.92	0.792782
-6.93	0.79275
-6.94	0.792719
-6.95	0.792687
-6.96	0.792656
-6.97	0.792624
-6.98	0.792593
-6.99	0.792562
-7	0.792531
-7.01	0.7925
-7.02	0.792469
-7.03	0.792438
-7.04	0.792407
-7.05	0.792376
-7.06	0.792346
-7.07	0.792315
-7.08	0.792285
-7.09	0.792255
-7.1	0.792225
-7.11	0.792194
-7.12	0.792164
-7.13	0.792134
-7.14	0.792104
-7.15	0.792075
-7.16	0.792045
-7.17	0.792015
-7.18	0.791986
-7.19	0.791956
-7.2	0.791927
-7.21	0.791898
-7.22	0.791869
-7.23	0.791839
-7.24	0.79181
-7.25	0.791781
-7.26	0.791753
-7.27	0.791724
-7.28	0.791695
-7.29	0.791667
-7.3	0.791638
-7.31	0.79161
-7.32	0.791581
-7.33	0.791553
-7.34	0.791525
-7.35	0.791496
-7.36	0.791468
-7.37	0.79144
-7.38	0.791412
-7.39	0.791385
-7.4	0.791357
-7.41	0.791329
-7.42	0.791302
-7.43	0.791274
-7.44	0.791247
-7.45	0.791219
-7.46	0.791192
-7.47	0.791165
-7.48	0.791138
-7.49	0.79111
-7.5	0.791083
-7.51	0.791057
-7.52	0.79103
-7.53	0.791003
-7.54	0.790976
-7.55	0.79095
-7.56	0.790923
-7.57	0.790896
-7.58	0.79087
-7.59	0.790844
-7.6	0.790817
-7.61	0.790791
-7.62	0.790765
-7.63	0.790739
-7.64	0.790713
-7.65	0.790687
-7.66	0.790661
-7.67	0.790635
-7.68	0.79061
-7.69	0.790584
-7.7	0.790558
-7.71	0.790533
-7.72	0.790507
-7.73	0.790482
-7.74	0.790457
-7.75	0.790431
-7.76	0.790406
-7.77	0.790381
-7.78	0.790356
-7.79	0.790331
-7.8	0.790306
-7.81	0.790281
-7.82	0.790256
-7.83	0.790232
-7.84	0.790207
-7.85	0.790182
-7.86	0.790158
-7.87	0.790133
-7.88	0.790109
-7.89	0.790085
-7.9	0.79006
-7.91	0.790036
-7.92	0.790012
-7.93	0.789988
-7.94	0.789964
-7.95	0.78994
-7.96	0.789916
-7.97	0.789892
-7.98	0.789868
-7.99	0.789845
-8	0.789821
-8.01	0.789797
-8.02	0.789774
-8.03	0.78975
-8.04	0.789727
-8.05	0.789703
-8.06	0.78968
-8.07	0.789657
-8.08	0.789634
-8.09	0.789611
-8.1	0.789588
-8.11	0.789564
-8.12	0.789542
-8.13	0.789519
-8.14	0.789496
-8.15	0.789473
-8.16	0.78945
-8.17	0.789428
-8.18	0.789405
-8.19	0.789382
-8.2	0.78936
-8.21	0.789337
-8.22	0.789315
-8.23	0.789293
-8.24	0.78927
-8.25	0.789248
-8.26	0.789226
-8.27	0.789204
-8.28	0.789182
-8.29	0.78916
-8.3	0.789138
-8.31	0.789116
-8.32	0.789094
-8.33	0.789072
-8.34	0.789051
-8.35	0.789029
-8.36	0.789007
-8.37	0.788986
-8.38	0.788964
-8.39	0.788943
-8.4	0.788921
-8.41	0.7889
-8.42	0.788879
-8.43	0.788857
-8.44	0.788836
-8.45	0.788815
-8.46	0.788794
-8.47	0.788773
-8.48	0.788752
-8.49	0.788731
-8.5	0.78871
-8.51	0.788689
-8.52	0.788668
-8.53	0.788647
-8.54	0.788627
-8.55	0.788606
-8.56	0.788585
-8.57	0.788565
-8.58	0.788544
-8.59	0.788524
-8.6	0.788503
-8.61	0.788483
-8.62	0.788463
-8.63	0.788443
-8.64	0.788422
-8.65	0.788402
-8.66	0.788382
-8.67	0.788362
-8.68	0.788342
-8.69	0.788322
-8.7	0.788302
-8.71	0.788282
-8.72	0.788262
-8.73	0.788242
-8.74	0.788223
-8.75	0.788203
-8.76	0.788183
-8.77	0.788164
-8.78	0.788144
-8.79	0.788125
-8.8	0.788105
-8.81	0.788086
-8.82	0.788066
-8.83	0.788047
-8.84	0.788028
-8.85	0.788008
-8.86	0.787989
-8.87	0.78797
-8.88	0.787951
-8.89	0.787932
-8.9	0.787913
-8.91	0.787894
-8.92	0.787875
-8.93	0.787856
-8.94	0.787837
-8.95	0.787818
-8.96	0.787799
-8.97	0.787781
-8.98	0.787762
-8.99	0.787743
-9	0.787725
-9.01	0.787706
-9.02	0.787687
-9.03	0.787669
-9.04	0.787651
-9.05	0.787632
-9.06	0.787614
-9.07	0.787596
-9.08	0.787577
-9.09	0.787559
-9.1	0.787541
-9.11	0.787523
-9.12	0.787504
-9.13	0.787486
-9.14	0.787468
-9.15	0.78745
-9.16	0.787432
-9.17	0.787415
-9.18	0.787397
-9.19	0.787379
-9.2	0.787361
-9.21	0.787343
-9.22	0.787326
-9.23	0.787308
-9.24	0.78729
-9.25	0.787273
-9.26	0.787255
-9.27	0.787238
-9.28	0.78722
-9.29	0.787203
-9.3	0.787185
-9.31	0.787168
-9.32	0.787151
-9.33	0.787133
-9.34	0.787116
-9.35	0.787099
-9.36	0.787082
-9.37	0.787064
-9.38	0.787047
-9.39	0.78703
-9.4	0.787013
-9.41	0.786996
-9.42	0.786979
-9.43	0.786962
-9.44	0.786945
-9.45	0.786929
-9.46	0.786912
-9.47	0.786895
-9.48	0.786878
-9.49	0.786862
-9.5	0.786845
-9.51	0.786828
-9.52	0.786812
-9.53	0.786795
-9.54	0.786779
-9.55	0.786762
-9.56	0.786746
-9.57	0.786729
-9.58	0.786713
-9.59	0.786696
-9.6	0.78668
-9.61	0.786664
-9.62	0.786648
-9.63	0.786631
-9.64	0.786615
-9.65	0.786599
-9.66	0.786583
-9.67	0.786567
-9.68	0.786551
-9.69	0.786535
-9.7	0.786519
-9.71	0.786503
-9.72	0.786487
-9.73	0.786471
-9.74	0.786455
-9.75	0.786439
-9.76	0.786424
-9.77	0.786408
-9.78	0.786392
-9.79	0.786376
-9.8	0.786361
-9.81	0.786345
-9.82	0.78633
-9.83	0.786314
-9.84	0.786299
-9.85	0.786283
-9.86	0.786268
-9.87	0.786252
-9.88	0.786237
-9.89	0.786221
-9.9	0.786206
-9.91	0.786191
-9.92	0.786176
-9.93	0.78616
-9.94	0.786145
-9.95	0.78613
-9.96	0.786115
-9.97	0.7861
-9.98	0.786085
-9.99	0.78607
-10	0.786055
-10.01	0.78604
-10.02	0.786025
-10.03	0.78601
-10.04	0.785995
-10.05	0.78598
-10.06	0.785965
-10.07	0.78595
-10.08	0.785935
-10.09	0.785921
-10.1	0.785906
-10.11	0.785891
-10.12	0.785877
-10.13	0.785862
-10.14	0.785847
-10.15	0.785833
-10.16	0.785818
-10.17	0.785804
-10.18	0.785789
-10.19	0.785775
-10.2	0.78576
-10.21	0.785746
-10.22	0.785732
-10.23	0.785717
-10.24	0.785703
-10.25	0.785689
-10.26	0.785675
-10.27	0.78566
-10.28	0.785646
-10.29	0.785632
-10.3	0.785618
-10.31	0.785604
-10.32	0.78559
-10.33	0.785576
-10.34	0.785562
-10.35	0.785547
-10.36	0.785533
-10.37	0.78552
-10.38	0.785506
-10.39	0.785492
-10.4	0.785478
-10.41	0.785464
-10.42	0.78545
-10.43	0.785436
-10.44	0.785423
-10.45	0.785409
-10.46	0.785395
-10.47	0.785382
-10.48	0.785368
-10.49	0.785354
-10.5	0.785341
-10.51	0.785327
-10.52	0.785314
-10.53	0.7853
-10.54	0.785287
-10.55	0.785273
-10.56	0.78526
-10.57	0.785246
-10.58	0.785233
-10.59	0.785219
-10.6	0.785206
-10.61	0.785193
-10.62	0.785179
-10.63	0.785166
-10.64	0.785153
-10.65	0.78514
-10.66	0.785127
-10.67	0.785113
-10.68	0.7851
-10.69	0.785087
-10.7	0.785074
-10.71	0.785061
-10.72	0.785048
-10.73	0.785035
-10.74	0.785022
-10.75	0.785009
-10.76	0.784996
-10.77	0.784983
-10.78	0.78497
-10.79	0.784957
-10.8	0.784945
-10.81	0.784932
-10.82	0.784919
-10.83	0.784906
-10.84	0.784893
-10.85	0.784881
-10.86	0.784868
-10.87	0.784855
-10.88	0.784843
-10.89	0.78483
-10.9	0.784818
-10.91	0.784805
-10.92	0.784792
-10.93	0.78478
-10.94	0.784767
-10.95	0.784755
-10.96	0.784742
-10.97	0.78473
-10.98	0.784718
-10.99	0.784705
-11	0.784693
-11.01	0.78468
-11.02	0.784668
-11.03	0.784656
-11.04	0.784643
-11.05	0.784631
-11.06	0.784619
-11.07	0.784607
-11.08	0.784595
-11.09	0.784582
-11.1	0.78457
-11.11	0.784558
-11.12	0.784546
-11.13	0.784534
-11.14	0.784522
-11.15	0.78451
-11.16	0.784498
-11.17	0.784486
-11.18	0.784474
-11.19	0.784462
-11.2	0.78445
-11.21	0.784438
-11.22	0.784426
-11.23	0.784414
-11.24	0.784402
-11.25	0.784391
-11.26	0.784379
-11.27	0.784367
-11.28	0.784355
-11.29	0.784344
-11.3	0.784332
-11.31	0.78432
-11.32	0.784308
-11.33	0.784297
-11.34	0.784285
-11.35	0.784274
-11.36	0.784262
-11.37	0.78425
-11.38	0.784239
-11.39	0.784227
-11.4	0.784216
-11.41	0.784204
-11.42	0.784193
-11.43	0.784181
-11.44	0.78417
-11.45	0.784159
-11.46	0.784147
-11.47	0.784136
-11.48	0.784125
-11.49	0.784113
-11.5	0.784102
-11.51	0.784091
-11.52	0.784079
-11.53	0.784068
-11.54	0.784057
-11.55	0.784046
-11.56	0.784034
-11.57	0.784023
-11.58	0.784012
-11.59	0.784001
-11.6	0.78399
-11.61	0.783979
-11.62	0.783968
-11.63	0.783957
-11.64	0.783946
-11.65	0.783935
-11.66	0.783924
-11.67	0.783913
-11.68	0.783902
-11.69	0.783891
-11.7	0.78388
-11.71	0.783869
-11.72	0.783858
-11.73	0.783847
-11.74	0.783836
-11.75	0.783826
-11.76	0.783815
-11.77	0.783804
-11.78	0.783793
-11.79	0.783783
-11.8	0.783772
-11.81	0.783761
-11.82	0.78375
-11.83	0.78374
-11.84	0.783729
-11.85	0.783718
-11.86	0.783708
-11.87	0.783697
-11.88	0.783687
-11.89	0.783676
-11.9	0.783666
-11.91	0.783655
-11.92	0.783644
-11.93	0.783634
-11.94	0.783624
-11.95	0.783613
-11.96	0.783603
-11.97	0.783592
-11.98	0.783582
-11.99	0.783571
-12	0.783561
-12.01	0.783551
-12.02	0.78354
-12.03	0.78353
-12.04	0.78352
-12.05	0.783509
-12.06	0.783499
-12.07	0.783489
-12.08	0.783479
-12.09	0.783468
-12.1	0.783458
-12.11	0.783448
-12.12	0.783438
-12.13	0.783428
-12.14	0.783418
-12.15	0.783408
-12.16	0.783397
-12.17	0.783387
-12.18	0.783377
-12.19	0.783367
-12.2	0.783357
-12.21	0.783347
-12.22	0.783337
-12.23	0.783327
-12.24	0.783317
-12.25	0.783307
-12.26	0.783297
-12.27	0.783288
-12.28	0.783278
-12.29	0.783268
-12.3	0.783258
-12.31	0.783248
-12.32	0.783238
-12.33	0.783228
-12.34	0.783219
-12.35	0.783209
-12.36	0.783199
-12.37	0.783189
-12.38	0.78318
-12.39	0.78317
-12.4	0.78316
-12.41	0.78315
-12.42	0.783141
-12.43	0.783131
-12.44	0.783122
-12.45	0.783112
-12.46	0.783102
-12.47	0.783093
-12.48	0.783083
-12.49	0.783074
-12.5	0.783064
-12.51	0.783054
-12.52	0.783045
-12.53	0.783035
-12.54	0.783026
-12.55	0.783017
-12.56	0.783007
-12.57	0.782998
-12.58	0.782988
-12.59	0.782979
-12.6	0.782969
-12.61	0.78296
-12.62	0.782951
-12.63	0.782941
-12.64	0.782932
-12.65	0.782923
-12.66	0.782913
-12.67	0.782904
-12.68	0.782895
-12.69	0.782886
-12.7	0.782876
-12.71	0.782867
-12.72	0.782858
-12.73	0.782849
-12.74	0.782839
-12.75	0.78283
-12.76	0.782821
-12.77	0.782812
-12.78	0.782803
-12.79	0.782794
-12.8	0.782785
-12.81	0.782776
-12.82	0.782767
-12.83	0.782757
-12.84	0.782748
-12.85	0.782739
-12.86	0.78273
-12.87	0.782721
-12.88	0.782712
-12.89	0.782703
-12.9	0.782694
-12.91	0.782686
-12.92	0.782677
-12.93	0.782668
-12.94	0.782659
-12.95	0.78265
-12.96	0.782641
-12.97	0.782632
-12.98	0.782623
-12.99	0.782615
-13	0.782606
-13.01	0.782597
-13.02	0.782588
-13.03	0.782579
-13.04	0.782571
-13.05	0.782562
-13.06	0.782553
-13.07	0.782544
-13.08	0.782536
-13.09	0.782527
-13.1	0.782518
-13.11	0.78251
-13.12	0.782501
-13.13	0.782492
-13.14	0.782484
-13.15	0.782475
-13.16	0.782466
-13.17	0.782458
-13.18	0.782449
-13.19	0.782441
-13.2	0.782432
-13.21	0.782424
-13.22	0.782415
-13.23	0.782407
-13.24	0.782398
-13.25	0.78239
-13.26	0.782381
-13.27	0.782373
-13.28	0.782364
-13.29	0.782356
-13.3	0.782347
-13.31	0.782339
-13.32	0.782331
-13.33	0.782322
-13.34	0.782314
-13.35	0.782306
-13.36	0.782297
-13.37	0.782289
-13.38	0.782281
-13.39	0.782272
-13.4	0.782264
-13.41	0.782256
-13.42	0.782247
-13.43	0.782239
-13.44	0.782231
-13.45	0.782223
-13.46	0.782214
-13.47	0.782206
-13.48	0.782198
-13.49	0.78219
-13.5	0.782182
-13.51	0.782174
-13.52	0.782165
-13.53	0.782157
-13.54	0.782149
-13.55	0.782141
-13.56	0.782133
-13.57	0.782125
-13.58	0.782117
-13.59	0.782109
-13.6	0.782101
-13.61	0.782093
-13.62	0.782085
-13.63	0.782077
-13.64	0.782069
-13.65	0.782061
-13.66	0.782053
-13.67	0.782045
-13.68	0.782037
-13.69	0.782029
-13.7	0.782021
-13.71	0.782013
-13.72	0.782005
-13.73	0.781997
-13.74	0.781989
-13.75	0.781981
-13.76	0.781974
-13.77	0.781966
-13.78	0.781958
-13.79	0.78195
-13.8	0.781942
-13.81	0.781934
-13.82	0.781927
-13.83	0.781919
-13.84	0.781911
-13.85	0.781903
-13.86	0.781896
-13.87	0.781888
-13.88	0.78188
-13.89	0.781873
-13.9	0.781865
-13.91	0.781857
-13.92	0.781849
-13.93	0.781842
-13.94	0.781834
-13.95	0.781826
-13.96	0.781819
-13.97	0.781811
-13.98	0.781804
-13.99	0.781796
-14	0.781788
-14.01	0.781781
-14.02	0.781773
-14.03	0.781766
-14.04	0.781758
-14.05	0.781751
-14.06	0.781743
-14.07	0.781736
-14.08	0.781728
-14.09	0.781721
-14.1	0.781713
-14.11	0.781706
-14.12	0.781698
-14.13	0.781691
-14.14	0.781683
-14.15	0.781676
-14.16	0.781669
-14.17	0.781661
-14.18	0.781654
-14.19	0.781646
-14.2	0.781639
-14.21	0.781632
-14.22	0.781624
-14.23	0.781617
-14.24	0.78161
-14.25	0.781602
-14.26	0.781595
-14.27	0.781588
-14.28	0.78158
-14.29	0.781573
-14.3	0.781566
-14.31	0.781559
-14.32	0.781551
-14.33	0.781544
-14.34	0.781537
-14.35	0.78153
-14.36	0.781522
-14.37	0.781515
-14.38	0.781508
-14.39	0.781501
-14.4	0.781494
-14.41	0.781487
-14.42	0.781479
-14.43	0.781472
-14.44	0.781465
-14.45	0.781458
-14.46	0.781451
-14.47	0.781444
-14.48	0.781437
-14.49	0.78143
-14.5	0.781423
-14.51	0.781416
-14.52	0.781408
-14.53	0.781401
-14.54	0.781394
-14.55	0.781387
-14.56	0.78138
-14.57	0.781373
-14.58	0.781366
-14.59	0.781359
-14.6	0.781352
-14.61	0.781345
-14.62	0.781339
-14.63	0.781332
-14.64	0.781325
-14.65	0.781318
-14.66	0.781311
-14.67	0.781304
-14.68	0.781297
-14.69	0.78129
-14.7	0.781283
-14.71	0.781276
-14.72	0.78127
-14.73	0.781263
-14.74	0.781256
-14.75	0.781249
-14.76	0.781242
-14.77	0.781235
-14.78	0.781229
-14.79	0.781222
-14.8	0.781215
-14.81	0.781208
-14.82	0.781202
-14.83	0.781195
-14.84	0.781188
-14.85	0.781181
-14.86	0.781175
-14.87	0.781168
-14.88	0.781161
-14.89	0.781154
-14.9	0.781148
-14.91	0.781141
-14.92	0.781134
-14.93	0.781128
-14.94	0.781121
-14.95	0.781114
-14.96	0.781108
-14.97	0.781101
-14.98	0.781095
-14.99	0.781088
-15	0.781081
-15.01	0.781075
-15.02	0.781068
-15.03	0.781062
-15.04	0.781055
-15.05	0.781049
-15.06	0.781042
-15.07	0.781035
-15.08	0.781029
-15.09	0.781022
-15.1	0.781016
-15.11	0.781009
-15.12	0.781003
-15.13	0.780996
-15.14	0.78099
-15.15	0.780983
-15.16	0.780977
-15.17	0.780971
-15.18	0.780964
-15.19	0.780958
-15.2	0.780951
-15.21	0.780945
-15.22	0.780938
-15.23	0.780932
-15.24	0.780926
-15.25	0.780919
-15.26	0.780913
-15.27	0.780906
-15.28	0.7809
-15.29	0.780894
-15.3	0.780887
-15.31	0.780881
-15.32	0.780875
-15.33	0.780869
-15.34	0.780862
-15.35	0.780856
-15.36	0.78085
-15.37	0.780843
-15.38	0.780837
-15.39	0.780831
-15.4	0.780825
-15.41	0.780818
-15.42	0.780812
-15.43	0.780806
-15.44	0.7808
-15.45	0.780793
-15.46	0.780787
-15.47	0.780781
-15.48	0.780775
-15.49	0.780769
-15.5	0.780762
-15.51	0.780756
-15.52	0.78075
-15.53	0.780744
-15.54	0.780738
-15.55	0.780732
-15.56	0.780726
-15.57	0.780719
-15.58	0.780713
-15.59	0.780707
-15.6	0.780701
-15.61	0.780695
-15.62	0.780689
-15.63	0.780683
-15.64	0.780677
-15.65	0.780671
-15.66	0.780665
-15.67	0.780659
-15.68	0.780653
-15.69	0.780647
-15.7	0.780641
-15.71	0.780635
-15.72	0.780629
-15.73	0.780623
-15.74	0.780617
-15.75	0.780611
-15.76	0.780605
-15.77	0.780599
-15.78	0.780593
-15.79	0.780587
-15.8	0.780581
-15.81	0.780575
-15.82	0.780569
-15.83	0.780563
-15.84	0.780557
-15.85	0.780551
-15.86	0.780545
-15.87	0.780539
-15.88	0.780534
-15.89	0.780528
-15.9	0.780522
-15.91	0.780516
-15.92	0.78051
-15.93	0.780504
-15.94	0.780498
-15.95	0.780493
-15.96	0.780487
-15.97	0.780481
-15.98	0.780475
-15.99	0.780469
-16	0.780464
-16.01	0.780458
-16.02	0.780452
-16.03	0.780446
-16.04	0.780441
-16.05	0.780435
-16.06	0.780429
-16.07	0.780423
-16.08	0.780418
-16.09	0.780412
-16.1	0.780406
-16.11	0.7804
-16.12	0.780395
-16.13	0.780389
-16.14	0.780383
-16.15	0.780378
-16.16	0.780372
-16.17	0.780366
-16.18	0.780361
-16.19	0.780355
-16.2	0.780349
-16.21	0.780344
-16.22	0.780338
-16.23	0.780332
-16.24	0.780327
-16.25	0.780321
-16.26	0.780316
-16.27	0.78031
-16.28	0.780304
-16.29	0.780299
-16.3	0.780293
-16.31	0.780288
-16.32	0.780282
-16.33	0.780277
-16.34	0.780271
-16.35	0.780265
-16.36	0.78026
-16.37	0.780254
-16.38	0.780249
-16.39	0.780243
-16.4	0.780238
-16.41	0.780232
-16.42	0.780227
-16.43	0.780221
-16.44	0.780216
-16.45	0.78021
-16.46	0.780205
-16.47	0.780199
-16.48	0.780194
-16.49	0.780189
-16.5	0.780183
-16.51	0.780178
-16.52	0.780172
-16.53	0.780167
-16.54	0.780161
-16.55	0.780156
-16.56	0.780151
-16.57	0.780145
-16.58	0.78014
-16.59	0.780134
-16.6	0.780129
-16.61	0.780124
-16.62	0.780118
-16.63	0.780113
-16.64	0.780108
-16.65	0.780102
-16.66	0.780097
-16.67	0.780092
-16.68	0.780086
-16.69	0.780081
-16.7	0.780076
-16.71	0.78007
-16.72	0.780065
-16.73	0.78006
-16.74	0.780054
-16.75	0.780049
-16.76	0.780044
-16.77	0.780039
-16.78	0.780033
-16.79	0.780028
-16.8	0.780023
-16.81	0.780018
-16.82	0.780012
-16.83	0.780007
-16.84	0.780002
-16.85	0.779997
-16.86	0.779992
-16.87	0.779986
-16.88	0.779981
-16.89	0.779976
-16.9	0.779971
-16.91	0.779966
-16.92	0.77996
-16.93	0.779955
-16.94	0.77995
-16.95	0.779945
-16.96	0.77994
-16.97	0.779935
-16.98	0.77993
-16.99	0.779924
-17	0.779919
-17.01	0.779914
-17.02	0.779909
-17.03	0.779904
-17.04	0.779899
-17.05	0.779894
-17.06	0.779889
-17.07	0.779884
-17.08	0.779878
-17.09	0.779873
-17.1	0.779868
-17.11	0.779863
-17.12	0.779858
-17.13	0.779853
-17.14	0.779848
-17.15	0.779843
-17.16	0.779838
-17.17	0.779833
-17.18	0.779828
-17.19	0.779823
-17.2	0.779818
-17.21	0.779813
-17.22	0.779808
-17.23	0.779803
-17.24	0.779798
-17.25	0.779793
-17.26	0.779788
-17.27	0.779783
-17.28	0.779778
-17.29	0.779773
-17.3	0.779768
-17.31	0.779763
-17.32	0.779758
-17.33	0.779754
-17.34	0.779749
-17.35	0.779744
-17.36	0.779739
-17.37	0.779734
-17.38	0.779729
-17.39	0.779724
-17.4	0.779719
-17.41	0.779714
-17.42	0.779709
-17.43	0.779705
-17.44	0.7797
-17.45	0.779695
-17.46	0.77969
-17.47	0.779685
-17.48	0.77968
-17.49	0.779675
-17.5	0.779671
-17.51	0.779666
-17.52	0.779661
-17.53	0.779656
-17.54	0.779651
-17.55	0.779647
-17.56	0.779642
-17.57	0.779637
-17.58	0.779632
-17.59	0.779627
-17.6	0.779623
-17.61	0.779618
-17.62	0.779613
-17.63	0.779608
-17.64	0.779604
-17.65	0.779599
-17.66	0.779594
-17.67	0.779589
-17.68	0.779585
-17.69	0.77958
-17.7	0.779575
-17.71	0.77957
-17.72	0.779566
-17.73	0.779561
-17.74	0.779556
-17.75	0.779552
-17.76	0.779547
-17.77	0.779542
-17.78	0.779538
-17.79	0.779533
-17.8	0.779528
-17.81	0.779524
-17.82	0.779519
-17.83	0.779514
-17.84	0.77951
-17.85	0.779505
-17.86	0.7795
-17.87	0.779496
-17.88	0.779491
-17.89	0.779486
-17.9	0.779482
-17.91	0.779477
-17.92	0.779473
-17.93	0.779468
-17.94	0.779463
-17.95	0.779459
-17.96	0.779454
-17.97	0.77945
-17.98	0.779445
-17.99	0.77944
-18	0.779436
-18.01	0.779431
-18.02	0.779427
-18.03	0.779422
-18.04	0.779418
-18.05	0.779413
-18.06	0.779409
-18.07	0.779404
-18.08	0.7794
-18.09	0.779395
-18.1	0.779391
-18.11	0.779386
-18.12	0.779382
-18.13	0.779377
-18.14	0.779373
-18.15	0.779368
-18.16	0.779364
-18.17	0.779359
-18.18	0.779355
-18.19	0.77935
-18.2	0.779346
-18.21	0.779341
-18.22	0.779337
-18.23	0.779332
-18.24	0.779328
-18.25	0.779323
-18.26	0.779319
-18.27	0.779315
-18.28	0.77931
-18.29	0.779306
-18.3	0.779301
-18.31	0.779297
-18.32	0.779292
-18.33	0.779288
-18.34	0.779284
-18.35	0.779279
-18.36	0.779275
-18.37	0.779271
-18.38	0.779266
-18.39	0.779262
-18.4	0.779257
-18.41	0.779253
-18.42	0.779249
-18.43	0.779244
-18.44	0.77924
-18.45	0.779236
-18.46	0.779231
-18.47	0.779227
-18.48	0.779223
-18.49	0.779218
-18.5	0.779214
-18.51	0.77921
-18.52	0.779205
-18.53	0.779201
-18.54	0.779197
-18.55	0.779193
-18.56	0.779188
-18.57	0.779184
-18.58	0.77918
-18.59	0.779175
-18.6	0.779171
-18.61	0.779167
-18.62	0.779163
-18.63	0.779158
-18.64	0.779154
-18.65	0.77915
-18.66	0.779146
-18.67	0.779141
-18.68	0.779137
-18.69	0.779133
-18.7	0.779129
-18.71	0.779124
-18.72	0.77912
-18.73	0.779116
-18.74	0.779112
-18.75	0.779108
-18.76	0.779103
-18.77	0.779099
-18.78	0.779095
-18.79	0.779091
-18.8	0.779087
-18.81	0.779082
-18.82	0.779078
-18.83	0.779074
-18.84	0.77907
-18.85	0.779066
-18.86	0.779062
-18.87	0.779057
-18.88	0.779053
-18.89	0.779049
-18.9	0.779045
-18.91	0.779041
-18.92	0.779037
-18.93	0.779033
-18.94	0.779029
-18.95	0.779024
-18.96	0.77902
-18.97	0.779016
-18.98	0.779012
-18.99	0.779008
-19	0.779004
-19.01	0.779
-19.02	0.778996
-19.03	0.778992
-19.04	0.778988
-19.05	0.778983
-19.06	0.778979
-19.07	0.778975
-19.08	0.778971
-19.09	0.778967
-19.1	0.778963
-19.11	0.778959
-19.12	0.778955
-19.13	0.778951
-19.14	0.778947
-19.15	0.778943
-19.16	0.778939
-19.17	0.778935
-19.18	0.778931
-19.19	0.778927
-19.2	0.778923
-19.21	0.778919
-19.22	0.778915
-19.23	0.778911
-19.24	0.778907
-19.25	0.778903
-19.26	0.778899
-19.27	0.778895
-19.28	0.778891
-19.29	0.778887
-19.3	0.778883
-19.31	0.778879
-19.32	0.778875
-19.33	0.778871
-19.34	0.778867
-19.35	0.778863
-19.36	0.778859
-19.37	0.778855
-19.38	0.778852
-19.39	0.778848
-19.4	0.778844
-19.41	0.77884
-19.42	0.778836
-19.43	0.778832
-19.44	0.778828
-19.45	0.778824
-19.46	0.77882
-19.47	0.778816
-19.48	0.778812
-19.49	0.778809
-19.5	0.778805
-19.51	0.778801
-19.52	0.778797
-19.53	0.778793
-19.54	0.778789
-19.55	0.778785
-19.56	0.778781
-19.57	0.778778
-19.58	0.778774
-19.59	0.77877
-19.6	0.778766
-19.61	0.778762
-19.62	0.778758
-19.63	0.778755
-19.64	0.778751
-19.65	0.778747
-19.66	0.778743
-19.67	0.778739
-19.68	0.778735
-19.69	0.778732
-19.7	0.778728
-19.71	0.778724
-19.72	0.77872
-19.73	0.778716
-19.74	0.778713
-19.75	0.778709
-19.76	0.778705
-19.77	0.778701
-19.78	0.778697
-19.79	0.778694
-19.8	0.77869
-19.81	0.778686
-19.82	0.778682
-19.83	0.778679
-19.84	0.778675
-19.85	0.778671
-19.86	0.778667
-19.87	0.778664
-19.88	0.77866
-19.89	0.778656
-19.9	0.778653
-19.91	0.778649
-19.92	0.778645
-19.93	0.778641
-19.94	0.778638
-19.95	0.778634
-19.96	0.77863
-19.97	0.778627
-19.98	0.778623
-19.99	0.778619
-20	0.778615
-20.01	0.778612
-20.02	0.778608
-20.03	0.778604
-20.04	0.778601
-20.05	0.778597
-20.06	0.778593
-20.07	0.77859
-20.08	0.778586
-20.09	0.778582
-20.1	0.778579
-20.11	0.778575
-20.12	0.778571
-20.13	0.778568
-20.14	0.778564
-20.15	0.778561
-20.16	0.778557
-20.17	0.778553
-20.18	0.77855
-20.19	0.778546
-20.2	0.778542
-20.21	0.778539
-20.22	0.778535
-20.23	0.778532
-20.24	0.778528
-20.25	0.778524
-20.26	0.778521
-20.27	0.778517
-20.28	0.778514
-20.29	0.77851
-20.3	0.778506
-20.31	0.778503
-20.32	0.778499
-20.33	0.778496
-20.34	0.778492
-20.35	0.778489
-20.36	0.778485
-20.37	0.778481
-20.38	0.778478
-20.39	0.778474
-20.4	0.778471
-20.41	0.778467
-20.42	0.778464
-20.43	0.77846
-20.44	0.778457
-20.45	0.778453
-20.46	0.77845
-20.47	0.778446
-20.48	0.778443
-20.49	0.778439
-20.5	0.778436
-20.51	0.778432
-20.52	0.778429
-20.53	0.778425
-20.54	0.778422
-20.55	0.778418
-20.56	0.778415
-20.57	0.778411
-20.58	0.778408
-20.59	0.778404
-20.6	0.778401
-20.61	0.778397
-20.62	0.778394
-20.63	0.77839
-20.64	0.778387
-20.65	0.778383
-20.66	0.77838
-20.67	0.778376
-20.68	0.778373
-20.69	0.778369
-20.7	0.778366
-20.71	0.778363
-20.72	0.778359
-20.73	0.778356
-20.74	0.778352
-20.75	0.778349
-20.76	0.778345
-20.77	0.778342
-20.78	0.778339
-20.79	0.778335
-20.8	0.778332
-20.81	0.778328
-20.82	0.778325
-20.83	0.778322
-20.84	0.778318
-20.85	0.778315
-20.86	0.778311
-20.87	0.778308
-20.88	0.778305
-20.89	0.778301
-20.9	0.778298
-20.91	0.778295
-20.92	0.778291
-20.93	0.778288
-20.94	0.778284
-20.95	0.778281
-20.96	0.778278
-20.97	0.778274
-20.98	0.778271
-20.99	0.778268
-21	0.778264
-21.01	0.778261
-21.02	0.778258
-21.03	0.778254
-21.04	0.778251
-21.05	0.778248
-21.06	0.778244
-21.07	0.778241
-21.08	0.778238
-21.09	0.778234
-21.1	0.778231
-21.11	0.778228
-21.12	0.778224
-21.13	0.778221
-21.14	0.778218
-21.15	0.778215
-21.16	0.778211
-21.17	0.778208
-21.18	0.778205
-21.19	0.778201
-21.2	0.778198
-21.21	0.778195
-21.22	0.778192
-21.23	0.778188
-21.24	0.778185
-21.25	0.778182
-21.26	0.778178
-21.27	0.778175
-21.28	0.778172
-21.29	0.778169
-21.3	0.778165
-21.31	0.778162
-21.32	0.778159
-21.33	0.778156
-21.34	0.778152
-21.35	0.778149
-21.36	0.778146
-21.37	0.778143
-21.38	0.77814
-21.39	0.778136
-21.4	0.778133
-21.41	0.77813
-21.42	0.778127
-21.43	0.778123
-21.44	0.77812
-21.45	0.778117
-21.46	0.778114
-21.47	0.778111
-21.48	0.778107
-21.49	0.778104
-21.5	0.778101
-21.51	0.778098
-21.52	0.778095
-21.53	0.778091
-21.54	0.778088
-21.55	0.778085
-21.56	0.778082
-21.57	0.778079
-21.58	0.778076
-21.59	0.778072
-21.6	0.778069
-21.61	0.778066
-21.62	0.778063
-21.63	0.77806
-21.64	0.778057
-21.65	0.778054
-21.66	0.77805
-21.67	0.778047
-21.68	0.778044
-21.69	0.778041
-21.7	0.778038
-21.71	0.778035
-21.72	0.778032
-21.73	0.778028
-21.74	0.778025
-21.75	0.778022
-21.76	0.778019
-21.77	0.778016
-21.78	0.778013
-21.79	0.77801
-21.8	0.778007
-21.81	0.778004
-21.82	0.778001
-21.83	0.777997
-21.84	0.777994
-21.85	0.777991
-21.86	0.777988
-21.87	0.777985
-21.88	0.777982
-21.89	0.777979
-21.9	0.777976
-21.91	0.777973
-21.92	0.77797
-21.93	0.777967
-21.94	0.777964
-21.95	0.777961
-21.96	0.777957
-21.97	0.777954
-21.98	0.777951
-21.99	0.777948
-22	0.777945
-22.01	0.777942
-22.02	0.777939
-22.03	0.777936
-22.04	0.777933
-22.05	0.77793
-22.06	0.777927
-22.07	0.777924
-22.08	0.777921
-22.09	0.777918
-22.1	0.777915
-22.11	0.777912
-22.12	0.777909
-22.13	0.777906
-22.14	0.777903
-22.15	0.7779
-22.16	0.777897
-22.17	0.777894
-22.18	0.777891
-22.19	0.777888
-22.2	0.777885
-22.21	0.777882
-22.22	0.777879
-22.23	0.777876
-22.24	0.777873
-22.25	0.77787
-22.26	0.777867
-22.27	0.777864
-22.28	0.777861
-22.29	0.777858
-22.3	0.777855
-22.31	0.777852
-22.32	0.777849
-22.33	0.777846
-22.34	0.777843
-22.35	0.77784
-22.36	0.777838
-22.37	0.777835
-22.38	0.777832
-22.39	0.777829
-22.4	0.777826
-22.41	0.777823
-22.42	0.77782
-22.43	0.777817
-22.44	0.777814
-22.45	0.777811
-22.46	0.777808
-22.47	0.777805
-22.48	0.777802
-22.49	0.777799
-22.5	0.777797
-22.51	0.777794
-22.52	0.777791
-22.53	0.777788
-22.54	0.777785
-22.55	0.777782
-22.56	0.777779
-22.57	0.777776
-22.58	0.777773
-22.59	0.77777
-22.6	0.777768
-22.61	0.777765
-22.62	0.777762
-22.63	0.777759
-22.64	0.777756
-22.65	0.777753
-22.66	0.77775
-22.67	0.777747
-22.68	0.777745
-22.69	0.777742
-22.7	0.777739
-22.71	0.777736
-22.72	0.777733
-22.73	0.77773
-22.74	0.777727
-22.75	0.777725
-22.76	0.777722
-22.77	0.777719
-22.78	0.777716
-22.79	0.777713
-22.8	0.77771
-22.81	0.777708
-22.82	0.777705
-22.83	0.777702
-22.84	0.777699
-22.85	0.777696
-22.86	0.777693
-22.87	0.777691
-22.88	0.777688
-22.89	0.777685
-22.9	0.777682
-22.91	0.777679
-22.92	0.777677
-22.93	0.777674
-22.94	0.777671
-22.95	0.777668
-22.96	0.777665
-22.97	0.777663
-22.98	0.77766
-22.99	0.777657
-23	0.777654
-23.01	0.777651
-23.02	0.777649
-23.03	0.777646
-23.04	0.777643
-23.05	0.77764
-23.06	0.777638
-23.07	0.777635
-23.08	0.777632
-23.09	0.777629
-23.1	0.777627
-23.11	0.777624
-23.12	0.777621
-23.13	0.777618
-23.14	0.777615
-23.15	0.777613
-23.16	0.77761
-23.17	0.777607
-23.18	0.777605
-23.19	0.777602
-23.2	0.777599
-23.21	0.777596
-23.22	0.777594
-23.23	0.777591
-23.24	0.777588
-23.25	0.777585
-23.26	0.777583
-23.27	0.77758
-23.28	0.777577
-23.29	0.777575
-23.3	0.777572
-23.31	0.777569
-23.32	0.777566
-23.33	0.777564
-23.34	0.777561
-23.35	0.777558
-23.36	0.777556
-23.37	0.777553
-23.38	0.77755
-23.39	0.777548
-23.4	0.777545
-23.41	0.777542
-23.42	0.777539
-23.43	0.777537
-23.44	0.777534
-23.45	0.777531
-23.46	0.777529
-23.47	0.777526
-23.48	0.777523
-23.49	0.777521
-23.5	0.777518
-23.51	0.777515
-23.52	0.777513
-23.53	0.77751
-23.54	0.777507
-23.55	0.777505
-23.56	0.777502
-23.57	0.777499
-23.58	0.777497
-23.59	0.777494
-23.6	0.777492
-23.61	0.777489
-23.62	0.777486
-23.63	0.777484
-23.64	0.777481
-23.65	0.777478
-23.66	0.777476
-23.67	0.777473
-23.68	0.77747
-23.69	0.777468
-23.7	0.777465
-23.71	0.777463
-23.72	0.77746
-23.73	0.777457
-23.74	0.777455
-23.75	0.777452
-23.76	0.77745
-23.77	0.777447
-23.78	0.777444
-23.79	0.777442
-23.8	0.777439
-23.81	0.777436
-23.82	0.777434
-23.83	0.777431
-23.84	0.777429
-23.85	0.777426
-23.86	0.777424
-23.87	0.777421
-23.88	0.777418
-23.89	0.777416
-23.9	0.777413
-23.91	0.777411
-23.92	0.777408
-23.93	0.777406
-23.94	0.777403
-23.95	0.7774
-23.96	0.777398
-23.97	0.777395
-23.98	0.777393
-23.99	0.77739
-24	0.777388
-24.01	0.777385
-24.02	0.777382
-24.03	0.77738
-24.04	0.777377
-24.05	0.777375
-24.06	0.777372
-24.07	0.77737
-24.08	0.777367
-24.09	0.777365
-24.1	0.777362
-24.11	0.77736
-24.12	0.777357
-24.13	0.777355
-24.14	0.777352
-24.15	0.77735
-24.16	0.777347
-24.17	0.777344
-24.18	0.777342
-24.19	0.777339
-24.2	0.777337
-24.21	0.777334
-24.22	0.777332
-24.23	0.777329
-24.24	0.777327
-24.25	0.777324
-24.26	0.777322
-24.27	0.777319
-24.28	0.777317
-24.29	0.777314
-24.3	0.777312
-24.31	0.777309
-24.32	0.777307
-24.33	0.777304
-24.34	0.777302
-24.35	0.777299
-24.36	0.777297
-24.37	0.777295
-24.38	0.777292
-24.39	0.77729
-24.4	0.777287
-24.41	0.777285
-24.42	0.777282
-24.43	0.77728
-24.44	0.777277
-24.45	0.777275
-24.46	0.777272
-24.47	0.77727
-24.48	0.777267
-24.49	0.777265
-24.5	0.777263
-24.51	0.77726
-24.52	0.777258
-24.53	0.777255
-24.54	0.777253
-24.55	0.77725
-24.56	0.777248
-24.57	0.777245
-24.58	0.777243
-24.59	0.777241
-24.6	0.777238
-24.61	0.777236
-24.62	0.777233
-24.63	0.777231
-24.64	0.777228
-24.65	0.777226
-24.66	0.777224
-24.67	0.777221
-24.68	0.777219
-24.69	0.777216
-24.7	0.777214
-24.71	0.777211
-24.72	0.777209
-24.73	0.777207
-24.74	0.777204
-24.75	0.777202
-24.76	0.777199
-24.77	0.777197
-24.78	0.777195
-24.79	0.777192
-24.8	0.77719
-24.81	0.777187
-24.82	0.777185
-24.83	0.777183
-24.84	0.77718
-24.85	0.777178
-24.86	0.777176
-24.87	0.777173
-24.88	0.777171
-24.89	0.777168
-24.9	0.777166
-24.91	0.777164
-24.92	0.777161
-24.93	0.777159
-24.94	0.777157
-24.95	0.777154
-24.96	0.777152
-24.97	0.777149
-24.98	0.777147
-24.99	0.777145
-25	0.777142
-25.01	0.77714
-25.02	0.777138
-25.03	0.777135
-25.04	0.777133
-25.05	0.777131
-25.06	0.777128
-25.07	0.777126
-25.08	0.777124
-25.09	0.777121
-25.1	0.777119
-25.11	0.777117
-25.12	0.777114
-25.13	0.777112
-25.14	0.77711
-25.15	0.777107
-25.16	0.777105
-25.17	0.777103
-25.18	0.7771
-25.19	0.777098
-25.2	0.777096
-25.21	0.777093
-25.22	0.777091
-25.23	0.777089
-25.24	0.777086
-25.25	0.777084
-25.26	0.777082
-25.27	0.77708
-25.28	0.777077
-25.29	0.777075
-25.3	0.777073
-25.31	0.77707
-25.32	0.777068
-25.33	0.777066
-25.34	0.777063
-25.35	0.777061
-25.36	0.777059
-25.37	0.777057
-25.38	0.777054
-25.39	0.777052
-25.4	0.77705
-25.41	0.777048
-25.42	0.777045
-25.43	0.777043
-25.44	0.777041
-25.45	0.777038
-25.46	0.777036
-25.47	0.777034
-25.48	0.777032
-25.49	0.777029
-25.5	0.777027
-25.51	0.777025
-25.52	0.777023
-25.53	0.77702
-25.54	0.777018
-25.55	0.777016
-25.56	0.777014
-25.57	0.777011
-25.58	0.777009
-25.59	0.777007
-25.6	0.777005
-25.61	0.777002
-25.62	0.777
-25.63	0.776998
-25.64	0.776996
-25.65	0.776993
-25.66	0.776991
-25.67	0.776989
-25.68	0.776987
-25.69	0.776984
-25.7	0.776982
-25.71	0.77698
-25.72	0.776978
-25.73	0.776976
-25.74	0.776973
-25.75	0.776971
-25.76	0.776969
-25.77	0.776967
-25.78	0.776964
-25.79	0.776962
-25.8	0.77696
-25.81	0.776958
-25.82	0.776956
-25.83	0.776953
-25.84	0.776951
-25.85	0.776949
-25.86	0.776947
-25.87	0.776945
-25.88	0.776942
-25.89	0.77694
-25.9	0.776938
-25.91	0.776936
-25.92	0.776934
-25.93	0.776932
-25.94	0.776929
-25.95	0.776927
-25.96	0.776925
-25.97	0.776923
-25.98	0.776921
-25.99	0.776918
-26	0.776916
-26.01	0.776914
-26.02	0.776912
-26.03	0.77691
-26.04	0.776908
-26.05	0.776905
-26.06	0.776903
-26.07	0.776901
-26.08	0.776899
-26.09	0.776897
-26.1	0.776895
-26.11	0.776892
-26.12	0.77689
-26.13	0.776888
-26.14	0.776886
-26.15	0.776884
-26.16	0.776882
-26.17	0.77688
-26.18	0.776877
-26.19	0.776875
-26.2	0.776873
-26.21	0.776871
-26.22	0.776869
-26.23	0.776867
-26.24	0.776865
-26.25	0.776862
-26.26	0.77686
-26.27	0.776858
-26.28	0.776856
-26.29	0.776854
-26.3	0.776852
-26.31	0.77685
-26.32	0.776848
-26.33	0.776845
-26.34	0.776843
-26.35	0.776841
-26.36	0.776839
-26.37	0.776837
-26.38	0.776835
-26.39	0.776833
-26.4	0.776831
-26.41	0.776829
-26.42	0.776826
-26.43	0.776824
-26.44	0.776822
-26.45	0.77682
-26.46	0.776818
-26.47	0.776816
-26.48	0.776814
-26.49	0.776812
-26.5	0.77681
-26.51	0.776807
-26.52	0.776805
-26.53	0.776803
-26.54	0.776801
-26.55	0.776799
-26.56	0.776797
-26.57	0.776795
-26.58	0.776793
-26.59	0.776791
-26.6	0.776789
-26.61	0.776787
-26.62	0.776785
-26.63	0.776783
-26.64	0.77678
-26.65	0.776778
-26.66	0.776776
-26.67	0.776774
-26.68	0.776772
-26.69	0.77677
-26.7	0.776768
-26.71	0.776766
-26.72	0.776764
-26.73	0.776762
-26.74	0.77676
-26.75	0.776758
-26.76	0.776756
-26.77	0.776754
-26.78	0.776752
-26.79	0.77675
-26.8	0.776748
-26.81	0.776745
-26.82	0.776743
-26.83	0.776741
-26.84	0.776739
-26.85	0.776737
-26.86	0.776735
-26.87	0.776733
-26.88	0.776731
-26.89	0.776729
-26.9	0.776727
-26.91	0.776725
-26.92	0.776723
-26.93	0.776721
-26.94	0.776719
-26.95	0.776717
-26.96	0.776715
-26.97	0.776713
-26.98	0.776711
-26.99	0.776709
-27	0.776707
-27.01	0.776705
-27.02	0.776703
-27.03	0.776701
-27.04	0.776699
-27.05	0.776697
-27.06	0.776695
-27.07	0.776693
-27.08	0.776691
-27.09	0.776689
-27.1	0.776687
-27.11	0.776685
-27.12	0.776683
-27.13	0.776681
-27.14	0.776679
-27.15	0.776677
-27.16	0.776675
-27.17	0.776673
-27.18	0.776671
-27.19	0.776669
-27.2	0.776667
-27.21	0.776665
-27.22	0.776663
-27.23	0.776661
-27.24	0.776659
-27.25	0.776657
-27.26	0.776655
-27.27	0.776653
-27.28	0.776651
-27.29	0.776649
-27.3	0.776647
-27.31	0.776645
-27.32	0.776643
-27.33	0.776641
-27.34	0.776639
-27.35	0.776637
-27.36	0.776635
-27.37	0.776633
-27.38	0.776631
-27.39	0.776629
-27.4	0.776627
-27.41	0.776626
-27.42	0.776624
-27.43	0.776622
-27.44	0.77662
-27.45	0.776618
-27.46	0.776616
-27.47	0.776614
-27.48	0.776612
-27.49	0.77661
-27.5	0.776608
-27.51	0.776606
-27.52	0.776604
-27.53	0.776602
-27.54	0.7766
-27.55	0.776598
-27.56	0.776596
-27.57	0.776594
-27.58	0.776592
-27.59	0.776591
-27.6	0.776589
-27.61	0.776587
-27.62	0.776585
-27.63	0.776583
-27.64	0.776581
-27.65	0.776579
-27.66	0.776577
-27.67	0.776575
-27.68	0.776573
-27.69	0.776571
-27.7	0.776569
-27.71	0.776568
-27.72	0.776566
-27.73	0.776564
-27.74	0.776562
-27.75	0.77656
-27.76	0.776558
-27.77	0.776556
-27.78	0.776554
-27.79	0.776552
-27.8	0.77655
-27.81	0.776548
-27.82	0.776547
-27.83	0.776545
-27.84	0.776543
-27.85	0.776541
-27.86	0.776539
-27.87	0.776537
-27.88	0.776535
-27.89	0.776533
-27.9	0.776531
-27.91	0.77653
-27.92	0.776528
-27.93	0.776526
-27.94	0.776524
-27.95	0.776522
-27.96	0.77652
-27.97	0.776518
-27.98	0.776516
-27.99	0.776515
-28	0.776513
-28.01	0.776511
-28.02	0.776509
-28.03	0.776507
-28.04	0.776505
-28.05	0.776503
-28.06	0.776501
-28.07	0.7765
-28.08	0.776498
-28.09	0.776496
-28.1	0.776494
-28.11	0.776492
-28.12	0.77649
-28.13	0.776488
-28.14	0.776487
-28.15	0.776485
-28.16	0.776483
-28.17	0.776481
-28.18	0.776479
-28.19	0.776477
-28.2	0.776475
-28.21	0.776474
-28.22	0.776472
-28.23	0.77647
-28.24	0.776468
-28.25	0.776466
-28.26	0.776464
-28.27	0.776463
-28.28	0.776461
-28.29	0.776459
-28.3	0.776457
-28.31	0.776455
-28.32	0.776453
-28.33	0.776452
-28.34	0.77645
-28.35	0.776448
-28.36	0.776446
-28.37	0.776444
-28.38	0.776442
-28.39	0.776441
-28.4	0.776439
-28.41	0.776437
-28.42	0.776435
-28.43	0.776433
-28.44	0.776432
-28.45	0.77643
-28.46	0.776428
-28.47	0.776426
-28.48	0.776424
-28.49	0.776422
-28.5	0.776421
-28.51	0.776419
-28.52	0.776417
-28.53	0.776415
-28.54	0.776413
-28.55	0.776412
-28.56	0.77641
-28.57	0.776408
-28.58	0.776406
-28.59	0.776404
-28.6	0.776403
-28.61	0.776401
-28.62	0.776399
-28.63	0.776397
-28.64	0.776395
-28.65	0.776394
-28.66	0.776392
-28.67	0.77639
-28.68	0.776388
-28.69	0.776386
-28.7	0.776385
-28.71	0.776383
-28.72	0.776381
-28.73	0.776379
-28.74	0.776378
-28.75	0.776376
-28.76	0.776374
-28.77	0.776372
-28.78	0.776371
-28.79	0.776369
-28.8	0.776367
-28.81	0.776365
-28.82	0.776363
-28.83	0.776362
-28.84	0.77636
-28.85	0.776358
-28.86	0.776356
-28.87	0.776355
-28.88	0.776353
-28.89	0.776351
-28.9	0.776349
-28.91	0.776348
-28.92	0.776346
-28.93	0.776344
-28.94	0.776342
-28.95	0.776341
-28.96	0.776339
-28.97	0.776337
-28.98	0.776335
-28.99	0.776334
-29	0.776332
-29.01	0.77633
-29.02	0.776328
-29.03	0.776327
-29.04	0.776325
-29.05	0.776323
-29.06	0.776321
-29.07	0.77632
-29.08	0.776318
-29.09	0.776316
-29.1	0.776314
-29.11	0.776313
-29.12	0.776311
-29.13	0.776309
-29.14	0.776308
-29.15	0.776306
-29.16	0.776304
-29.17	0.776302
-29.18	0.776301
-29.19	0.776299
-29.2	0.776297
-29.21	0.776295
-29.22	0.776294
-29.23	0.776292
-29.24	0.77629
-29.25	0.776289
-29.26	0.776287
-29.27	0.776285
-29.28	0.776283
-29.29	0.776282
-29.3	0.77628
-29.31	0.776278
-29.32	0.776277
-29.33	0.776275
-29.34	0.776273
-29.35	0.776271
-29.36	0.77627
-29.37	0.776268
-29.38	0.776266
-29.39	0.776265
-29.4	0.776263
-29.41	0.776261
-29.42	0.77626
-29.43	0.776258
-29.44	0.776256
-29.45	0.776254
-29.46	0.776253
-29.47	0.776251
-29.48	0.776249
-29.49	0.776248
-29.5	0.776246
-29.51	0.776244
-29.52	0.776243
-29.53	0.776241
-29.54	0.776239
-29.55	0.776238
-29.56	0.776236
-29.57	0.776234
-29.58	0.776233
-29.59	0.776231
-29.6	0.776229
-29.61	0.776228
-29.62	0.776226
-29.63	0.776224
-29.64	0.776223
-29.65	0.776221
-29.66	0.776219
-29.67	0.776218
-29.68	0.776216
-29.69	0.776214
-29.7	0.776213
-29.71	0.776211
-29.72	0.776209
-29.73	0.776208
-29.74	0.776206
-29.75	0.776204
-29.76	0.776203
-29.77	0.776201
-29.78	0.776199
-29.79	0.776198
-29.8	0.776196
-29.81	0.776194
-29.82	0.776193
-29.83	0.776191
-29.84	0.776189
-29.85	0.776188
-29.86	0.776186
-29.87	0.776184
-29.88	0.776183
-29.89	0.776181
-29.9	0.776179
-29.91	0.776178
-29.92	0.776176
-29.93	0.776175
-29.94	0.776173
-29.95	0.776171
-29.96	0.77617
-29.97	0.776168
-29.98	0.776166
-29.99	0.776165
-30	0.776163
