x	y
30	0.838723
29.99	0.838725
29.98	0.838727
29.97	0.838729
29.96	0.838731
29.95	0.838732
29.94	0.838734
29.93	0.838736
29.92	0.838738
29.91	0.83874
29.9	0.838742
29.89	0.838744
29.88	0.838746
29.87	0.838747
29.86	0.838749
29.85	0.838751
29.84	0.838753
29.83	0.838755
29.82	0.838757
29.81	0.838759
29.8	0.838761
29.79	0.838763
29.78	0.838764
29.77	0.838766
29.76	0.838768
29.75	0.83877
29.74	0.838772
29.73	0.838774
29.72	0.838776
29.71	0.838778
29.7	0.83878
29.69	0.838781
29.68	0.838783
29.67	0.838785
29.66	0.838787
29.65	0.838789
29.64	0.838791
29.63	0.838793
29.62	0.838795
29.61	0.838797
29.6	0.838799
29.59	0.838801
29.58	0.838803
29.57	0.838804
29.56	0.838806
29.55	0.838808
29.54	0.83881
29.53	0.838812
29.52	0.838814
29.51	0.838816
29.5	0.838818
29.49	0.83882
29.48	0.838822
29.47	0.838824
29.46	0.838826
29.45	0.838828
29.44	0.83883
29.43	0.838831
29.42	0.838833
29.41	0.838835
29.4	0.838837
29.39	0.838839
29.38	0.838841
29.37	0.838843
29.36	0.838845
29.35	0.838847
29.34	0.838849
29.33	0.838851
29.32	0.838853
29.31	0.838855
29.3	0.838857
29.29	0.838859
29.28	0.838861
29.27	0.838863
29.26	0.838865
29.25	0.838867
29.24	0.838869
29.23	0.838871
29.22	0.838873
29.21	0.838875
29.2	0.838876
29.19	0.838878
29.18	0.83888
29.17	0.838882
29.16	0.838884
29.15	0.838886
29.14	0.838888
29.13	0.83889
29.12	0.838892
29.11	0.838894
29.1	0.838896
29.09	0.838898
29.08	0.8389
29.07	0.838902
29.06	0.838904
29.05	0.838906
29.04	0.838908
29.03	0.83891
29.02	0.838912
29.01	0.838914
29	0.838916
28.99	0.838918
28.98	0.83892
28.97	0.838922
28.96	0.838924
28.95	0.838926
28.94	0.838928
28.93	0.83893
28.92	0.838932
28.91	0.838934
28.9	0.838936
28.89	0.838938
28.88	0.83894
28.87	0.838942
28.86	0.838944
28.85	0.838946
28.84	0.838948
28.83	0.83895
28.82	0.838952
28.81	0.838954
28.8	0.838956
28.79	0.838958
28.78	0.83896
28.77	0.838962
28.76	0.838965
28.75	0.838967
28.74	0.838969
28.73	0.838971
28.72	0.838973
28.71	0.838975
28.7	0.838977
28.69	0.838979
28.68	0.838981
28.67	0.838983
28.66	0.838985
28.65	0.838987
28.64	0.838989
28.63	0.838991
28.62	0.838993
28.61	0.838995
28.6	0.838997
28.59	0.838999
28.58	0.839001
28.57	0.839003
28.56	0.839005
28.55	0.839008
28.54	0.83901
28.53	0.839012
28.52	0.839014
28.51	0.839016
28.5	0.839018
28.49	0.83902
28.48	0.839022
28.47	0.839024
28.46	0.839026
28.45	0.839028
28.44	0.83903
28.43	0.839032
28.42	0.839034
28.41	0.839037
28.4	0.839039
28.39	0.839041
28.38	0.839043
28.37	0.839045
28.36	0.839047
28.35	0.839049
28.34	0.839051
28.33	0.839053
28.32	0.839055
28.31	0.839057
28.3	0.83906
28.29	0.839062
28.28	0.839064
28.27	0.839066
28.26	0.839068
28.25	0.83907
28.24	0.839072
28.23	0.839074
28.22	0.839076
28.21	0.839078
28.2	0.839081
28.19	0.839083
28.18	0.839085
28.17	0.839087
28.16	0.839089
28.15	0.839091
28.14	0.839093
28.13	0.839095
28.12	0.839098
28.11	0.8391
28.1	0.839102
28.09	0.839104
28.08	0.839106
28.07	0.839108
28.06	0.83911
28.05	0.839113
28.04	0.839115
28.03	0.839117
28.02	0.839119
28.01	0.839121
28	0.839123
27.99	0.839125
27.98	0.839127
27.97	0.83913
27.96	0.839132
27.95	0.839134
27.94	0.839136
27.93	0.839138
27.92	0.83914
27.91	0.839143
27.9	0.839145
27.89	0.839147
27.88	0.839149
27.87	0.839151
27.86	0.839153
27.85	0.839156
27.84	0.839158
27.83	0.83916
27.82	0.839162
27.81	0.839164
27.8	0.839166
27.79	0.839169
27.78	0.839171
27.77	0.839173
27.76	0.839175
27.75	0.839177
27.74	0.83918
27.73	0.839182
27.72	0.839184
27.71	0.839186
27.7	0.839188
27.69	0.83919
27.68	0.839193
27.67	0.839195
27.66	0.839197
27.65	0.839199
27.64	0.839201
27.63	0.839204
27.62	0.839206
27.61	0.839208
27.6	0.83921
27.59	0.839212
27.58	0.839215
27.57	0.839217
27.56	0.839219
27.55	0.839221
27.54	0.839224
27.53	0.839226
27.52	0.839228
27.51	0.83923
27.5	0.839232
27.49	0.839235
27.48	0.839237
27.47	0.839239
27.46	0.839241
27.45	0.839244
27.44	0.839246
27.43	0.839248
27.42	0.83925
27.41	0.839252
27.4	0.839255
27.39	0.839257
27.38	0.839259
27.37	0.839261
27.36	0.839264
27.35	0.839266
27.34	0.839268
27.33	0.83927
27.32	0.839273
27.31	0.839275
27.3	0.839277
27.29	0.839279
27.28	0.839282
27.27	0.839284
27.26	0.839286
27.25	0.839289
27.24	0.839291
27.23	0.839293
27.22	0.839295
27.21	0.839298
27.2	0.8393
27.19	0.839302
27.18	0.839304
27.17	0.839307
27.16	0.839309
27.15	0.839311
27.14	0.839314
27.13	0.839316
27.12	0.839318
27.11	0.83932
27.1	0.839323
27.09	0.839325
27.08	0.839327
27.07	0.83933
27.06	0.839332
27.05	0.839334
27.04	0.839336
27.03	0.839339
27.02	0.839341
27.01	0.839343
27	0.839346
26.99	0.839348
26.98	0.83935
26.97	0.839353
26.96	0.839355
26.95	0.839357
26.94	0.83936
26.93	0.839362
26.92	0.839364
26.91	0.839366
26.9	0.839369
26.89	0.839371
26.88	0.839374
26.87	0.839376
26.86	0.839378
26.85	0.839381
26.84	0.839383
26.83	0.839385
26.82	0.839387
26.81	0.83939
26.8	0.839392
26.79	0.839395
26.78	0.839397
26.77	0.839399
26.76	0.839402
26.75	0.839404
26.74	0.839406
26.73	0.839409
26.72	0.839411
26.71	0.839413
26.7	0.839416
26.69	0.839418
26.68	0.83942
26.67	0.839423
26.66	0.839425
26.65	0.839428
26.64	0.83943
26.63	0.839432
26.62	0.839435
26.61	0.839437
26.6	0.839439
26.59	0.839442
26.58	0.839444
26.57	0.839447
26.56	0.839449
26.55	0.839451
26.54	0.839454
26.53	0.839456
26.52	0.839458
26.51	0.839461
26.5	0.839463
26.49	0.839466
26.48	0.839468
26.47	0.83947
26.46	0.839473
26.45	0.839475
26.44	0.839478
26.43	0.83948
26.42	0.839482
26.41	0.839485
26.4	0.839487
26.39	0.83949
26.38	0.839492
26.37	0.839495
26.36	0.839497
26.35	0.839499
26.34	0.839502
26.33	0.839504
26.32	0.839507
26.31	0.839509
26.3	0.839512
26.29	0.839514
26.28	0.839516
26.27	0.839519
26.26	0.839521
26.25	0.839524
26.24	0.839526
26.23	0.839529
26.22	0.839531
26.21	0.839534
26.2	0.839536
26.19	0.839538
26.18	0.839541
26.17	0.839543
26.16	0.839546
26.15	0.839548
26.14	0.839551
26.13	0.839553
26.12	0.839556
26.11	0.839558
26.1	0.839561
26.09	0.839563
26.08	0.839566
26.07	0.839568
26.06	0.83957
26.05	0.839573
26.04	0.839575
26.03	0.839578
26.02	0.83958
26.01	0.839583
26	0.839585
25.99	0.839588
25.98	0.83959
25.97	0.839593
25.96	0.839595
25.95	0.839598
25.94	0.8396
25.93	0.839603
25.92	0.839605
25.91	0.839608
25.9	0.83961
25.89	0.839613
25.88	0.839615
25.87	0.839618
25.86	0.83962
25.85	0.839623
25.84	0.839625
25.83	0.839628
25.82	0.83963
25.81	0.839633
25.8	0.839636
25.79	0.839638
25.78	0.839641
25.77	0.839643
25.76	0.839646
25.75	0.839648
25.74	0.839651
25.73	0.839653
25.72	0.839656
25.71	0.839658
25.7	0.839661
25.69	0.839664
25.68	0.839666
25.67	0.839669
25.66	0.839671
25.65	0.839674
25.64	0.839676
25.63	0.839679
25.62	0.839681
25.61	0.839684
25.6	0.839687
25.59	0.839689
25.58	0.839692
25.57	0.839694
25.56	0.839697
25.55	0.839699
25.54	0.839702
25.53	0.839705
25.52	0.839707
25.51	0.83971
25.5	0.839712
25.49	0.839715
25.48	0.839718
25.47	0.83972
25.46	0.839723
25.45	0.839725
25.44	0.839728
25.43	0.839731
25.42	0.839733
25.41	0.839736
25.4	0.839738
25.39	0.839741
25.38	0.839744
25.37	0.839746
25.36	0.839749
25.35	0.839751
25.34	0.839754
25.33	0.839757
25.32	0.839759
25.31	0.839762
25.3	0.839765
25.29	0.839767
25.28	0.83977
25.27	0.839772
25.26	0.839775
25.25	0.839778
25.24	0.83978
25.23	0.839783
25.22	0.839786
25.21	0.839788
25.2	0.839791
25.19	0.839794
25.18	0.839796
25.17	0.839799
25.16	0.839802
25.15	0.839804
25.14	0.839807
25.13	0.83981
25.12	0.839812
25.11	0.839815
25.1	0.839818
25.09	0.83982
25.08	0.839823
25.07	0.839826
25.06	0.839828
25.05	0.839831
25.04	0.839834
25.03	0.839836
25.02	0.839839
25.01	0.839842
25	0.839844
24.99	0.839847
24.98	0.83985
24.97	0.839853
24.96	0.839855
24.95	0.839858
24.94	0.839861
24.93	0.839863
24.92	0.839866
24.91	0.839869
24.9	0.839871
24.89	0.839874
24.88	0.839877
24.87	0.83988
24.86	0.839882
24.85	0.839885
24.84	0.839888
24.83	0.839891
24.82	0.839893
24.81	0.839896
24.8	0.839899
24.79	0.839901
24.78	0.839904
24.77	0.839907
24.76	0.83991
24.75	0.839912
24.74	0.839915
24.73	0.839918
24.72	0.839921
24.71	0.839923
24.7	0.839926
24.69	0.839929
24.68	0.839932
24.67	0.839935
24.66	0.839937
24.65	0.83994
24.64	0.839943
24.63	0.839946
24.62	0.839948
24.61	0.839951
24.6	0.839954
24.59	0.839957
24.58	0.83996
24.57	0.839962
24.56	0.839965
24.55	0.839968
24.54	0.839971
24.53	0.839973
24.52	0.839976
24.51	0.839979
24.5	0.839982
24.49	0.839985
24.48	0.839988
24.47	0.83999
24.46	0.839993
24.45	0.839996
24.44	0.839999
24.43	0.840002
24.42	0.840004
24.41	0.840007
24.4	0.84001
24.39	0.840013
24.38	0.840016
24.37	0.840019
24.36	0.840021
24.35	0.840024
24.34	0.840027
24.33	0.84003
24.32	0.840033
24.31	0.840036
24.3	0.840038
24.29	0.840041
24.28	0.840044
24.27	0.840047
24.26	0.84005
24.25	0.840053
24.24	0.840056
24.23	0.840059
24.22	0.840061
24.21	0.840064
24.2	0.840067
24.19	0.84007
24.18	0.840073
24.17	0.840076
24.16	0.840079
24.15	0.840082
24.14	0.840084
24.13	0.840087
24.12	0.84009
24.11	0.840093
24.1	0.840096
24.09	0.840099
24.08	0.840102
24.07	0.840105
24.06	0.840108
24.05	0.840111
24.04	0.840113
24.03	0.840116
24.02	0.840119
24.01	0.840122
24	0.840125
23.99	0.840128
23.98	0.840131
23.97	0.840134
23.96	0.840137
23.95	0.84014
23.94	0.840143
23.93	0.840146
23.92	0.840149
23.91	0.840152
23.9	0.840155
23.89	0.840157
23.88	0.84016
23.87	0.840163
23.86	0.840166
23.85	0.840169
23.84	0.840172
23.83	0.840175
23.82	0.840178
23.81	0.840181
23.8	0.840184
23.79	0.840187
23.78	0.84019
23.77	0.840193
23.76	0.840196
23.75	0.840199
23.74	0.840202
23.73	0.840205
23.72	0.840208
23.71	0.840211
23.7	0.840214
23.69	0.840217
23.68	0.84022
23.67	0.840223
23.66	0.840226
23.65	0.840229
23.64	0.840232
23.63	0.840235
23.62	0.840238
23.61	0.840241
23.6	0.840244
23.59	0.840247
23.58	0.84025
23.57	0.840253
23.56	0.840256
23.55	0.840259
23.54	0.840262
23.53	0.840265
23.52	0.840268
23.51	0.840271
23.5	0.840275
23.49	0.840278
23.48	0.840281
23.47	0.840284
23.46	0.840287
23.45	0.84029
23.44	0.840293
23.43	0.840296
23.42	0.840299
23.41	0.840302
23.4	0.840305
23.39	0.840308
23.38	0.840311
23.37	0.840314
23.36	0.840318
23.35	0.840321
23.34	0.840324
23.33	0.840327
23.32	0.84033
23.31	0.840333
23.3	0.840336
23.29	0.840339
23.28	0.840342
23.27	0.840345
23.26	0.840349
23.25	0.840352
23.24	0.840355
23.23	0.840358
23.22	0.840361
23.21	0.840364
23.2	0.840367
23.19	0.84037
23.18	0.840374
23.17	0.840377
23.16	0.84038
23.15	0.840383
23.14	0.840386
23.13	0.840389
23.12	0.840392
23.11	0.840396
23.1	0.840399
23.09	0.840402
23.08	0.840405
23.07	0.840408
23.06	0.840411
23.05	0.840415
23.04	0.840418
23.03	0.840421
23.02	0.840424
23.01	0.840427
23	0.84043
22.99	0.840434
22.98	0.840437
22.97	0.84044
22.96	0.840443
22.95	0.840446
22.94	0.84045
22.93	0.840453
22.92	0.840456
22.91	0.840459
22.9	0.840463
22.89	0.840466
22.88	0.840469
22.87	0.840472
22.86	0.840475
22.85	0.840479
22.84	0.840482
22.83	0.840485
22.82	0.840488
22.81	0.840492
22.8	0.840495
22.79	0.840498
22.78	0.840501
22.77	0.840505
22.76	0.840508
22.75	0.840511
22.74	0.840514
22.73	0.840518
22.72	0.840521
22.71	0.840524
22.7	0.840527
22.69	0.840531
22.68	0.840534
22.67	0.840537
22.66	0.84054
22.65	0.840544
22.64	0.840547
22.63	0.84055
22.62	0.840554
22.61	0.840557
22.6	0.84056
22.59	0.840564
22.58	0.840567
22.57	0.84057
22.56	0.840573
22.55	0.840577
22.54	0.84058
22.53	0.840583
22.52	0.840587
22.51	0.84059
22.5	0.840593
22.49	0.840597
22.48	0.8406
22.47	0.840603
22.46	0.840607
22.45	0.84061
22.44	0.840613
22.43	0.840617
22.42	0.84062
22.41	0.840623
22.4	0.840627
22.39	0.84063
22.38	0.840634
22.37	0.840637
22.36	0.84064
22.35	0.840644
22.34	0.840647
22.33	0.84065
22.32	0.840654
22.31	0.840657
22.3	0.840661
22.29	0.840664
22.28	0.840667
22.27	0.840671
22.26	0.840674
22.25	0.840678
22.24	0.840681
22.23	0.840684
22.22	0.840688
22.21	0.840691
22.2	0.840695
22.19	0.840698
22.18	0.840702
22.17	0.840705
22.16	0.840708
22.15	0.840712
22.14	0.840715
22.13	0.840719
22.12	0.840722
22.11	0.840726
22.1	0.840729
22.09	0.840733
22.08	0.840736
22.07	0.840739
22.06	0.840743
22.05	0.840746
22.04	0.84075
22.03	0.840753
22.02	0.840757
22.01	0.84076
22	0.840764
21.99	0.840767
21.98	0.840771
21.97	0.840774
21.96	0.840778
21.95	0.840781
21.94	0.840785
21.93	0.840788
21.92	0.840792
21.91	0.840795
21.9	0.840799
21.89	0.840802
21.88	0.840806
21.87	0.840809
21.86	0.840813
21.85	0.840816
21.84	0.84082
21.83	0.840824
21.82	0.840827
21.81	0.840831
21.8	0.840834
21.79	0.840838
21.78	0.840841
21.77	0.840845
21.76	0.840848
21.75	0.840852
21.74	0.840856
21.73	0.840859
21.72	0.840863
21.71	0.840866
21.7	0.84087
21.69	0.840873
21.68	0.840877
21.67	0.840881
21.66	0.840884
21.65	0.840888
21.64	0.840891
21.63	0.840895
21.62	0.840899
21.61	0.840902
21.6	0.840906
21.59	0.840909
21.58	0.840913
21.57	0.840917
21.56	0.84092
21.55	0.840924
21.54	0.840928
21.53	0.840931
21.52	0.840935
21.51	0.840939
21.5	0.840942
21.49	0.840946
21.48	0.84095
21.47	0.840953
21.46	0.840957
21.45	0.840961
21.44	0.840964
21.43	0.840968
21.42	0.840972
21.41	0.840975
21.4	0.840979
21.39	0.840983
21.38	0.840986
21.37	0.84099
21.36	0.840994
21.35	0.840997
21.34	0.841001
21.33	0.841005
21.32	0.841008
21.31	0.841012
21.3	0.841016
21.29	0.84102
21.28	0.841023
21.27	0.841027
21.26	0.841031
21.25	0.841035
21.24	0.841038
21.23	0.841042
21.22	0.841046
21.21	0.84105
21.2	0.841053
21.19	0.841057
21.18	0.841061
21.17	0.841065
21.16	0.841068
21.15	0.841072
21.14	0.841076
21.13	0.84108
21.12	0.841083
21.11	0.841087
21.1	0.841091
21.09	0.841095
21.08	0.841099
21.07	0.841102
21.06	0.841106
21.05	0.84111
21.04	0.841114
21.03	0.841118
21.02	0.841121
21.01	0.841125
21	0.841129
20.99	0.841133
20.98	0.841137
20.97	0.841141
20.96	0.841145
20.95	0.841148
20.94	0.841152
20.93	0.841156
20.92	0.84116
20.91	0.841164
20.9	0.841168
20.89	0.841172
20.88	0.841175
20.87	0.841179
20.86	0.841183
20.85	0.841187
20.84	0.841191
20.83	0.841195
20.82	0.841199
20.81	0.841203
20.8	0.841206
20.79	0.84121
20.78	0.841214
20.77	0.841218
20.76	0.841222
20.75	0.841226
20.74	0.84123
20.73	0.841234
20.72	0.841238
20.71	0.841242
20.7	0.841246
20.69	0.84125
20.68	0.841254
20.67	0.841258
20.66	0.841262
20.65	0.841265
20.64	0.841269
20.63	0.841273
20.62	0.841277
20.61	0.841281
20.6	0.841285
20.59	0.841289
20.58	0.841293
20.57	0.841297
20.56	0.841301
20.55	0.841305
20.54	0.841309
20.53	0.841313
20.52	0.841317
20.51	0.841321
20.5	0.841325
20.49	0.841329
20.48	0.841333
20.47	0.841337
20.46	0.841341
20.45	0.841345
20.44	0.841349
20.43	0.841354
20.42	0.841358
20.41	0.841362
20.4	0.841366
20.39	0.84137
20.38	0.841374
20.37	0.841378
20.36	0.841382
20.35	0.841386
20.34	0.84139
20.33	0.841394
20.32	0.841398
20.31	0.841402
20.3	0.841406
20.29	0.841411
20.28	0.841415
20.27	0.841419
20.26	0.841423
20.25	0.841427
20.24	0.841431
20.23	0.841435
20.22	0.841439
20.21	0.841444
20.2	0.841448
20.19	0.841452
20.18	0.841456
20.17	0.84146
20.16	0.841464
20.15	0.841468
20.14	0.841473
20.13	0.841477
20.12	0.841481
20.11	0.841485
20.1	0.841489
20.09	0.841493
20.08	0.841498
20.07	0.841502
20.06	0.841506
20.05	0.84151
20.04	0.841514
20.03	0.841519
20.02	0.841523
20.01	0.841527
20	0.841531
19.99	0.841536
19.98	0.84154
19.97	0.841544
19.96	0.841548
19.95	0.841552
19.94	0.841557
19.93	0.841561
19.92	0.841565
19.91	0.84157
19.9	0.841574
19.89	0.841578
19.88	0.841582
19.87	0.841587
19.86	0.841591
19.85	0.841595
19.84	0.841599
19.83	0.841604
19.82	0.841608
19.81	0.841612
19.8	0.841617
19.79	0.841621
19.78	0.841625
19.77	0.84163
19.76	0.841634
19.75	0.841638
19.74	0.841643
19.73	0.841647
19.72	0.841651
19.71	0.841656
19.7	0.84166
19.69	0.841664
19.68	0.841669
19.67	0.841673
19.66	0.841677
19.65	0.841682
19.64	0.841686
19.63	0.841691
19.62	0.841695
19.61	0.841699
19.6	0.841704
19.59	0.841708
19.58	0.841713
19.57	0.841717
19.56	0.841721
19.55	0.841726
19.54	0.84173
19.53	0.841735
19.52	0.841739
19.51	0.841744
19.5	0.841748
19.49	0.841752
19.48	0.841757
19.47	0.841761
19.46	0.841766
19.45	0.84177
19.44	0.841775
19.43	0.841779
19.42	0.841784
19.41	0.841788
19.4	0.841793
19.39	0.841797
19.38	0.841802
19.37	0.841806
19.36	0.841811
19.35	0.841815
19.34	0.84182
19.33	0.841824
19.32	0.841829
19.31	0.841833
19.3	0.841838
19.29	0.841842
19.28	0.841847
19.27	0.841852
19.26	0.841856
19.25	0.841861
19.24	0.841865
19.23	0.84187
19.22	0.841874
19.21	0.841879
19.2	0.841884
19.19	0.841888
19.18	0.841893
19.17	0.841897
19.16	0.841902
19.15	0.841907
19.14	0.841911
19.13	0.841916
19.12	0.84192
19.11	0.841925
19.1	0.84193
19.09	0.841934
19.08	0.841939
19.07	0.841944
19.06	0.841948
19.05	0.841953
19.04	0.841958
19.03	0.841962
19.02	0.841967
19.01	0.841972
19	0.841976
18.99	0.841981
18.98	0.841986
18.97	0.84199
18.96	0.841995
18.95	0.842
18.94	0.842004
18.93	0.842009
18.92	0.842014
18.91	0.842019
18.9	0.842023
18.89	0.842028
18.88	0.842033
18.87	0.842038
18.86	0.842042
18.85	0.842047
18.84	0.842052
18.83	0.842057
18.82	0.842061
18.81	0.842066
18.8	0.842071
18.79	0.842076
18.78	0.842081
18.77	0.842085
18.76	0.84209
18.75	0.842095
18.74	0.8421
18.73	0.842105
18.72	0.842109
18.71	0.842114
18.7	0.842119
18.69	0.842124
18.68	0.842129
18.67	0.842134
18.66	0.842138
18.65	0.842143
18.64	0.842148
18.63	0.842153
18.62	0.842158
18.61	0.842163
18.6	0.842168
18.59	0.842173
18.58	0.842178
18.57	0.842182
18.56	0.842187
18.55	0.842192
18.54	0.842197
18.53	0.842202
18.52	0.842207
18.51	0.842212
18.5	0.842217
18.49	0.842222
18.48	0.842227
18.47	0.842232
18.46	0.842237
18.45	0.842242
18.44	0.842247
18.43	0.842252
18.42	0.842257
18.41	0.842262
18.4	0.842267
18.39	0.842272
18.38	0.842277
18.37	0.842282
18.36	0.842287
18.35	0.842292
18.34	0.842297
18.33	0.842302
18.32	0.842307
18.31	0.842312
18.3	0.842317
18.29	0.842322
18.28	0.842327
18.27	0.842332
18.26	0.842337
18.25	0.842342
18.24	0.842347
18.23	0.842352
18.22	0.842358
18.21	0.842363
18.2	0.842368
18.19	0.842373
18.18	0.842378
18.17	0.842383
18.16	0.842388
18.15	0.842393
18.14	0.842398
18.13	0.842404
18.12	0.842409
18.11	0.842414
18.1	0.842419
18.09	0.842424
18.08	0.842429
18.07	0.842435
18.06	0.84244
18.05	0.842445
18.04	0.84245
18.03	0.842455
18.02	0.842461
18.01	0.842466
18	0.842471
17.99	0.842476
17.98	0.842482
17.97	0.842487
17.96	0.842492
17.95	0.842497
17.94	0.842503
17.93	0.842508
17.92	0.842513
17.91	0.842518
17.9	0.842524
17.89	0.842529
17.88	0.842534
17.87	0.842539
17.86	0.842545
17.85	0.84255
17.84	0.842555
17.83	0.842561
17.82	0.842566
17.81	0.842571
17.8	0.842577
17.79	0.842582
17.78	0.842587
17.77	0.842593
17.76	0.842598
17.75	0.842604
17.74	0.842609
17.73	0.842614
17.72	0.84262
17.71	0.842625
17.7	0.842631
17.69	0.842636
17.68	0.842641
17.67	0.842647
17.66	0.842652
17.65	0.842658
17.64	0.842663
17.63	0.842669
17.62	0.842674
17.61	0.842679
17.6	0.842685
17.59	0.84269
17.58	0.842696
17.57	0.842701
17.56	0.842707
17.55	0.842712
17.54	0.842718
17.53	0.842723
17.52	0.842729
17.51	0.842734
17.5	0.84274
17.49	0.842745
17.48	0.842751
17.47	0.842757
17.46	0.842762
17.45	0.842768
17.44	0.842773
17.43	0.842779
17.42	0.842784
17.41	0.84279
17.4	0.842796
17.39	0.842801
17.38	0.842807
17.37	0.842812
17.36	0.842818
17.35	0.842824
17.34	0.842829
17.33	0.842835
17.32	0.842841
17.31	0.842846
17.3	0.842852
17.29	0.842857
17.28	0.842863
17.27	0.842869
17.26	0.842875
17.25	0.84288
17.24	0.842886
17.23	0.842892
17.22	0.842897
17.21	0.842903
17.2	0.842909
17.19	0.842915
17.18	0.84292
17.17	0.842926
17.16	0.842932
17.15	0.842938
17.14	0.842943
17.13	0.842949
17.12	0.842955
17.11	0.842961
17.1	0.842966
17.09	0.842972
17.08	0.842978
17.07	0.842984
17.06	0.84299
17.05	0.842995
17.04	0.843001
17.03	0.843007
17.02	0.843013
17.01	0.843019
17	0.843025
16.99	0.843031
16.98	0.843036
16.97	0.843042
16.96	0.843048
16.95	0.843054
16.94	0.84306
16.93	0.843066
16.92	0.843072
16.91	0.843078
16.9	0.843084
16.89	0.84309
16.88	0.843096
16.87	0.843102
16.86	0.843108
16.85	0.843113
16.84	0.843119
16.83	0.843125
16.82	0.843131
16.81	0.843137
16.8	0.843143
16.79	0.843149
16.78	0.843155
16.77	0.843162
16.76	0.843168
16.75	0.843174
16.74	0.84318
16.73	0.843186
16.72	0.843192
16.71	0.843198
16.7	0.843204
16.69	0.84321
16.68	0.843216
16.67	0.843222
16.66	0.843228
16.65	0.843234
16.64	0.84324
16.63	0.843247
16.62	0.843253
16.61	0.843259
16.6	0.843265
16.59	0.843271
16.58	0.843277
16.57	0.843284
16.56	0.84329
16.55	0.843296
16.54	0.843302
16.53	0.843308
16.52	0.843315
16.51	0.843321
16.5	0.843327
16.49	0.843333
16.48	0.843339
16.47	0.843346
16.46	0.843352
16.45	0.843358
16.44	0.843364
16.43	0.843371
16.42	0.843377
16.41	0.843383
16.4	0.84339
16.39	0.843396
16.38	0.843402
16.37	0.843409
16.36	0.843415
16.35	0.843421
16.34	0.843428
16.33	0.843434
16.32	0.84344
16.31	0.843447
16.3	0.843453
16.29	0.843459
16.28	0.843466
16.27	0.843472
16.26	0.843479
16.25	0.843485
16.24	0.843492
16.23	0.843498
16.22	0.843504
16.21	0.843511
16.2	0.843517
16.19	0.843524
16.18	0.84353
16.17	0.843537
16.16	0.843543
16.15	0.84355
16.14	0.843556
16.13	0.843563
16.12	0.843569
16.11	0.843576
16.1	0.843582
16.09	0.843589
16.08	0.843596
16.07	0.843602
16.06	0.843609
16.05	0.843615
16.04	0.843622
16.03	0.843628
16.02	0.843635
16.01	0.843642
16	0.843648
15.99	0.843655
15.98	0.843662
15.97	0.843668
15.96	0.843675
15.95	0.843682
15.94	0.843688
15.93	0.843695
15.92	0.843702
15.91	0.843708
15.9	0.843715
15.89	0.843722
15.88	0.843728
15.87	0.843735
15.86	0.843742
15.85	0.843749
15.84	0.843755
15.83	0.843762
15.82	0.843769
15.81	0.843776
15.8	0.843783
15.79	0.843789
15.78	0.843796
15.77	0.843803
15.76	0.84381
15.75	0.843817
15.74	0.843824
15.73	0.84383
15.72	0.843837
15.71	0.843844
15.7	0.843851
15.69	0.843858
15.68	0.843865
15.67	0.843872
15.66	0.843879
15.65	0.843886
15.64	0.843893
15.63	0.843899
15.62	0.843906
15.61	0.843913
15.6	0.84392
15.59	0.843927
15.58	0.843934
15.57	0.843941
15.56	0.843948
15.55	0.843955
15.54	0.843962
15.53	0.843969
15.52	0.843976
15.51	0.843984
15.5	0.843991
15.49	0.843998
15.48	0.844005
15.47	0.844012
15.46	0.844019
15.45	0.844026
15.44	0.844033
15.43	0.84404
15.42	0.844047
15.41	0.844055
15.4	0.844062
15.39	0.844069
15.38	0.844076
15.37	0.844083
15.36	0.844091
15.35	0.844098
15.34	0.844105
15.33	0.844112
15.32	0.844119
15.31	0.844127
15.3	0.844134
15.29	0.844141
15.28	0.844148
15.27	0.844156
15.26	0.844163
15.25	0.84417
15.24	0.844178
15.23	0.844185
15.22	0.844192
15.21	0.8442
15.2	0.844207
15.19	0.844214
15.18	0.844222
15.17	0.844229
15.16	0.844236
15.15	0.844244
15.14	0.844251
15.13	0.844259
15.12	0.844266
15.11	0.844274
15.1	0.844281
15.09	0.844288
15.08	0.844296
15.07	0.844303
15.06	0.844311
15.05	0.844318
15.04	0.844326
15.03	0.844333
15.02	0.844341
15.01	0.844348
15	0.844356
14.99	0.844364
14.98	0.844371
14.97	0.844379
14.96	0.844386
14.95	0.844394
14.94	0.844402
14.93	0.844409
14.92	0.844417
14.91	0.844424
14.9	0.844432
14.89	0.84444
14.88	0.844447
14.87	0.844455
14.86	0.844463
14.85	0.844471
14.84	0.844478
14.83	0.844486
14.82	0.844494
14.81	0.844501
14.8	0.844509
14.79	0.844517
14.78	0.844525
14.77	0.844533
14.76	0.84454
14.75	0.844548
14.74	0.844556
14.73	0.844564
14.72	0.844572
14.71	0.84458
14.7	0.844587
14.69	0.844595
14.68	0.844603
14.67	0.844611
14.66	0.844619
14.65	0.844627
14.64	0.844635
14.63	0.844643
14.62	0.844651
14.61	0.844659
14.6	0.844667
14.59	0.844675
14.58	0.844683
14.57	0.844691
14.56	0.844699
14.55	0.844707
14.54	0.844715
14.53	0.844723
14.52	0.844731
14.51	0.844739
14.5	0.844747
14.49	0.844755
14.48	0.844763
14.47	0.844771
14.46	0.844779
14.45	0.844788
14.44	0.844796
14.43	0.844804
14.42	0.844812
14.41	0.84482
14.4	0.844828
14.39	0.844837
14.38	0.844845
14.37	0.844853
14.36	0.844861
14.35	0.84487
14.34	0.844878
14.33	0.844886
14.32	0.844894
14.31	0.844903
14.3	0.844911
14.29	0.844919
14.28	0.844928
14.27	0.844936
14.26	0.844944
14.25	0.844953
14.24	0.844961
14.23	0.84497
14.22	0.844978
14.21	0.844986
14.2	0.844995
14.19	0.845003
14.18	0.845012
14.17	0.84502
14.16	0.845029
14.15	0.845037
14.14	0.845046
14.13	0.845054
14.12	0.845063
14.11	0.845071
14.1	0.84508
14.09	0.845088
14.08	0.845097
14.07	0.845106
14.06	0.845114
14.05	0.845123
14.04	0.845131
14.03	0.84514
14.02	0.845149
14.01	0.845157
14	0.845166
13.99	0.845175
13.98	0.845184
13.97	0.845192
13.96	0.845201
13.95	0.84521
13.94	0.845218
13.93	0.845227
13.92	0.845236
13.91	0.845245
13.9	0.845254
13.89	0.845262
13.88	0.845271
13.87	0.84528
13.86	0.845289
13.85	0.845298
13.84	0.845307
13.83	0.845316
13.82	0.845325
13.81	0.845333
13.8	0.845342
13.79	0.845351
13.78	0.84536
13.77	0.845369
13.76	0.845378
13.75	0.845387
13.74	0.845396
13.73	0.845405
13.72	0.845414
13.71	0.845423
13.7	0.845433
13.69	0.845442
13.68	0.845451
13.67	0.84546
13.66	0.845469
13.65	0.845478
13.64	0.845487
13.63	0.845496
13.62	0.845506
13.61	0.845515
13.6	0.845524
13.59	0.845533
13.58	0.845542
13.57	0.845552
13.56	0.845561
13.55	0.84557
13.54	0.845579
13.53	0.845589
13.52	0.845598
13.51	0.845607
13.5	0.845617
13.49	0.845626
13.48	0.845635
13.47	0.845645
13.46	0.845654
13.45	0.845664
13.44	0.845673
13.43	0.845683
13.42	0.845692
13.41	0.845702
13.4	0.845711
13.39	0.84572
13.38	0.84573
13.37	0.84574
13.36	0.845749
13.35	0.845759
13.34	0.845768
13.33	0.845778
13.32	0.845787
13.31	0.845797
13.3	0.845807
13.29	0.845816
13.28	0.845826
13.27	0.845836
13.26	0.845845
13.25	0.845855
13.24	0.845865
13.23	0.845874
13.22	0.845884
13.21	0.845894
13.2	0.845904
13.19	0.845914
13.18	0.845923
13.17	0.845933
13.16	0.845943
13.15	0.845953
13.14	0.845963
13.13	0.845973
13.12	0.845982
13.11	0.845992
13.1	0.846002
13.09	0.846012
13.08	0.846022
13.07	0.846032
13.06	0.846042
13.05	0.846052
13.04	0.846062
13.03	0.846072
13.02	0.846082
13.01	0.846092
13	0.846103
12.99	0.846113
12.98	0.846123
12.97	0.846133
12.96	0.846143
12.95	0.846153
12.94	0.846163
12.93	0.846174
12.92	0.846184
12.91	0.846194
12.9	0.846204
12.89	0.846215
12.88	0.846225
12.87	0.846235
12.86	0.846245
12.85	0.846256
12.84	0.846266
12.83	0.846276
12.82	0.846287
12.81	0.846297
12.8	0.846308
12.79	0.846318
12.78	0.846328
12.77	0.846339
12.76	0.846349
12.75	0.84636
12.74	0.84637
12.73	0.846381
12.72	0.846391
12.71	0.846402
12.7	0.846413
12.69	0.846423
12.68	0.846434
12.67	0.846444
12.66	0.846455
12.65	0.846466
12.64	0.846476
12.63	0.846487
12.62	0.846498
12.61	0.846509
12.6	0.846519
12.59	0.84653
12.58	0.846541
12.57	0.846552
12.56	0.846562
12.55	0.846573
12.54	0.846584
12.53	0.846595
12.52	0.846606
12.51	0.846617
12.5	0.846628
12.49	0.846639
12.48	0.84665
12.47	0.846661
12.46	0.846672
12.45	0.846683
12.44	0.846694
12.43	0.846705
12.42	0.846716
12.41	0.846727
12.4	0.846738
12.39	0.846749
12.38	0.84676
12.37	0.846771
12.36	0.846782
12.35	0.846794
12.34	0.846805
12.33	0.846816
12.32	0.846827
12.31	0.846839
12.3	0.84685
12.29	0.846861
12.28	0.846873
12.27	0.846884
12.26	0.846895
12.25	0.846907
12.24	0.846918
12.23	0.846929
12.22	0.846941
12.21	0.846952
12.2	0.846964
12.19	0.846975
12.18	0.846987
12.17	0.846998
12.16	0.84701
12.15	0.847021
12.14	0.847033
12.13	0.847045
12.12	0.847056
12.11	0.847068
12.1	0.84708
12.09	0.847091
12.08	0.847103
12.07	0.847115
12.06	0.847126
12.05	0.847138
12.04	0.84715
12.03	0.847162
12.02	0.847174
12.01	0.847185
12	0.847197
11.99	0.847209
11.98	0.847221
11.97	0.847233
11.96	0.847245
11.95	0.847257
11.94	0.847269
11.93	0.847281
11.92	0.847293
11.91	0.847305
11.9	0.847317
11.89	0.847329
11.88	0.847341
11.87	0.847353
11.86	0.847365
11.85	0.847378
11.84	0.84739
11.83	0.847402
11.82	0.847414
11.81	0.847427
11.8	0.847439
11.79	0.847451
11.78	0.847463
11.77	0.847476
11.76	0.847488
11.75	0.847501
11.74	0.847513
11.73	0.847525
11.72	0.847538
11.71	0.84755
11.7	0.847563
11.69	0.847575
11.68	0.847588
11.67	0.8476
11.66	0.847613
11.65	0.847625
11.64	0.847638
11.63	0.847651
11.62	0.847663
11.61	0.847676
11.6	0.847689
11.59	0.847702
11.58	0.847714
11.57	0.847727
11.56	0.84774
11.55	0.847753
11.54	0.847766
11.53	0.847778
11.52	0.847791
11.51	0.847804
11.5	0.847817
11.49	0.84783
11.48	0.847843
11.47	0.847856
11.46	0.847869
11.45	0.847882
11.44	0.847895
11.43	0.847908
11.42	0.847921
11.41	0.847935
11.4	0.847948
11.39	0.847961
11.38	0.847974
11.37	0.847987
11.36	0.848001
11.35	0.848014
11.34	0.848027
11.33	0.848041
11.32	0.848054
11.31	0.848067
11.3	0.848081
11.29	0.848094
11.28	0.848108
11.27	0.848121
11.26	0.848135
11.25	0.848148
11.24	0.848162
11.23	0.848175
11.22	0.848189
11.21	0.848202
11.2	0.848216
11.19	0.84823
11.18	0.848243
11.17	0.848257
11.16	0.848271
11.15	0.848285
11.14	0.848298
11.13	0.848312
11.12	0.848326
11.11	0.84834
11.1	0.848354
11.09	0.848368
11.08	0.848382
11.07	0.848396
11.06	0.84841
11.05	0.848424
11.04	0.848438
11.03	0.848452
11.02	0.848466
11.01	0.84848
11	0.848494
10.99	0.848508
10.98	0.848523
10.97	0.848537
10.96	0.848551
10.95	0.848565
10.94	0.84858
10.93	0.848594
10.92	0.848608
10.91	0.848623
10.9	0.848637
10.89	0.848652
10.88	0.848666
10.87	0.848681
10.86	0.848695
10.85	0.84871
10.84	0.848724
10.83	0.848739
10.82	0.848754
10.81	0.848768
10.8	0.848783
10.79	0.848798
10.78	0.848812
10.77	0.848827
10.76	0.848842
10.75	0.848857
10.74	0.848872
10.73	0.848886
10.72	0.848901
10.71	0.848916
10.7	0.848931
10.69	0.848946
10.68	0.848961
10.67	0.848976
10.66	0.848992
10.65	0.849007
10.64	0.849022
10.63	0.849037
10.62	0.849052
10.61	0.849067
10.6	0.849083
10.59	0.849098
10.58	0.849113
10.57	0.849129
10.56	0.849144
10.55	0.849159
10.54	0.849175
10.53	0.84919
10.52	0.849206
10.51	0.849221
10.5	0.849237
10.49	0.849252
10.48	0.849268
10.47	0.849284
10.46	0.849299
10.45	0.849315
10.44	0.849331
10.43	0.849347
10.42	0.849362
10.41	0.849378
10.4	0.849394
10.39	0.84941
10.38	0.849426
10.37	0.849442
10.36	0.849458
10.35	0.849474
10.34	0.84949
10.33	0.849506
10.32	0.849522
10.31	0.849538
10.3	0.849554
10.29	0.849571
10.28	0.849587
10.27	0.849603
10.26	0.84962
10.25	0.849636
10.24	0.849652
10.23	0.849669
10.22	0.849685
10.21	0.849702
10.2	0.849718
10.19	0.849735
10.18	0.849751
10.17	0.849768
10.16	0.849784
10.15	0.849801
10.14	0.849818
10.13	0.849835
10.12	0.849851
10.11	0.849868
10.1	0.849885
10.09	0.849902
10.08	0.849919
10.07	0.849936
10.06	0.849953
10.05	0.84997
10.04	0.849987
10.03	0.850004
10.02	0.850021
10.01	0.850038
10	0.850055
9.99	0.850072
9.98	0.85009
9.97	0.850107
9.96	0.850124
9.95	0.850142
9.94	0.850159
9.93	0.850176
9.92	0.850194
9.91	0.850211
9.9	0.850229
9.89	0.850246
9.88	0.850264
9.87	0.850282
9.86	0.850299
9.85	0.850317
9.84	0.850335
9.83	0.850353
9.82	0.85037
9.81	0.850388
9.8	0.850406
9.79	0.850424
9.78	0.850442
9.77	0.85046
9.76	0.850478
9.75	0.850496
9.74	0.850514
9.73	0.850533
9.72	0.850551
9.71	0.850569
9.7	0.850587
9.69	0.850606
9.68	0.850624
9.67	0.850642
9.66	0.850661
9.65	0.850679
9.64	0.850698
9.63	0.850716
9.62	0.850735
9.61	0.850754
9.6	0.850772
9.59	0.850791
9.58	0.85081
9.57	0.850828
9.56	0.850847
9.55	0.850866
9.54	0.850885
9.53	0.850904
9.52	0.850923
9.51	0.850942
9.5	0.850961
9.49	0.85098
9.48	0.850999
9.47	0.851019
9.46	0.851038
9.45	0.851057
9.44	0.851076
9.43	0.851096
9.42	0.851115
9.41	0.851135
9.4	0.851154
9.39	0.851174
9.38	0.851193
9.37	0.851213
9.36	0.851232
9.35	0.851252
9.34	0.851272
9.33	0.851292
9.32	0.851311
9.31	0.851331
9.3	0.851351
9.29	0.851371
9.28	0.851391
9.27	0.851411
9.26	0.851431
9.25	0.851452
9.24	0.851472
9.23	0.851492
9.22	0.851512
9.21	0.851532
9.2	0.851553
9.19	0.851573
9.18	0.851594
9.17	0.851614
9.16	0.851635
9.15	0.851655
9.14	0.851676
9.13	0.851697
9.12	0.851717
9.11	0.851738
9.1	0.851759
9.09	0.85178
9.08	0.851801
9.07	0.851822
9.06	0.851843
9.05	0.851864
9.04	0.851885
9.03	0.851906
9.02	0.851927
9.01	0.851948
9	0.85197
8.99	0.851991
8.98	0.852012
8.97	0.852034
8.96	0.852055
8.95	0.852077
8.94	0.852098
8.93	0.85212
8.92	0.852142
8.91	0.852163
8.9	0.852185
8.89	0.852207
8.88	0.852229
8.87	0.852251
8.86	0.852273
8.85	0.852295
8.84	0.852317
8.83	0.852339
8.82	0.852361
8.81	0.852384
8.8	0.852406
8.79	0.852428
8.78	0.852451
8.77	0.852473
8.76	0.852495
8.75	0.852518
8.74	0.852541
8.73	0.852563
8.72	0.852586
8.71	0.852609
8.7	0.852632
8.69	0.852654
8.68	0.852677
8.67	0.8527
8.66	0.852723
8.65	0.852746
8.64	0.85277
8.63	0.852793
8.62	0.852816
8.61	0.852839
8.6	0.852863
8.59	0.852886
8.58	0.85291
8.57	0.852933
8.56	0.852957
8.55	0.85298
8.54	0.853004
8.53	0.853028
8.52	0.853052
8.51	0.853075
8.5	0.853099
8.49	0.853123
8.48	0.853147
8.47	0.853171
8.46	0.853196
8.45	0.85322
8.44	0.853244
8.43	0.853268
8.42	0.853293
8.41	0.853317
8.4	0.853342
8.39	0.853366
8.38	0.853391
8.37	0.853416
8.36	0.85344
8.35	0.853465
8.34	0.85349
8.33	0.853515
8.32	0.85354
8.31	0.853565
8.3	0.85359
8.29	0.853615
8.28	0.853641
8.27	0.853666
8.26	0.853691
8.25	0.853717
8.24	0.853742
8.23	0.853768
8.22	0.853793
8.21	0.853819
8.2	0.853845
8.19	0.853871
8.18	0.853896
8.17	0.853922
8.16	0.853948
8.15	0.853974
8.14	0.854001
8.13	0.854027
8.12	0.854053
8.11	0.854079
8.1	0.854106
8.09	0.854132
8.08	0.854159
8.07	0.854185
8.06	0.854212
8.05	0.854239
8.04	0.854266
8.03	0.854292
8.02	0.854319
8.01	0.854346
8	0.854373
7.99	0.854401
7.98	0.854428
7.97	0.854455
7.96	0.854482
7.95	0.85451
7.94	0.854537
7.93	0.854565
7.92	0.854593
7.91	0.85462
7.9	0.854648
7.89	0.854676
7.88	0.854704
7.87	0.854732
7.86	0.85476
7.85	0.854788
7.84	0.854816
7.83	0.854844
7.82	0.854873
7.81	0.854901
7.8	0.85493
7.79	0.854958
7.78	0.854987
7.77	0.855016
7.76	0.855045
7.75	0.855073
7.74	0.855102
7.73	0.855131
7.72	0.855161
7.71	0.85519
7.7	0.855219
7.69	0.855248
7.68	0.855278
7.67	0.855307
7.66	0.855337
7.65	0.855367
7.64	0.855396
7.63	0.855426
7.62	0.855456
7.61	0.855486
7.6	0.855516
7.59	0.855546
7.58	0.855577
7.57	0.855607
7.56	0.855637
7.55	0.855668
7.54	0.855698
7.53	0.855729
7.52	0.85576
7.51	0.85579
7.5	0.855821
7.49	0.855852
7.48	0.855883
7.47	0.855914
7.46	0.855946
7.45	0.855977
7.44	0.856008
7.43	0.85604
7.42	0.856072
7.41	0.856103
7.4	0.856135
7.39	0.856167
7.38	0.856199
7.37	0.856231
7.36	0.856263
7.35	0.856295
7.34	0.856327
7.33	0.85636
7.32	0.856392
7.31	0.856425
7.3	0.856457
7.29	0.85649
7.28	0.856523
7.27	0.856556
7.26	0.856589
7.25	0.856622
7.24	0.856655
7.23	0.856688
7.22	0.856722
7.21	0.856755
7.2	0.856789
7.19	0.856823
7.18	0.856856
7.17	0.85689
7.16	0.856924
7.15	0.856958
7.14	0.856992
7.13	0.857027
7.12	0.857061
7.11	0.857096
7.1	0.85713
7.09	0.857165
7.08	0.857199
7.07	0.857234
7.06	0.857269
7.05	0.857304
7.04	0.85734
7.03	0.857375
7.02	0.85741
7.01	0.857446
7	0.857481
6.99	0.857517
6.98	0.857553
6.97	0.857589
6.96	0.857625
6.95	0.857661
6.94	0.857697
6.93	0.857733
6.92	0.85777
6.91	0.857806
6.9	0.857843
6.89	0.85788
6.88	0.857916
6.87	0.857953
6.86	0.857991
6.85	0.858028
6.84	0.858065
6.83	0.858102
6.82	0.85814
6.81	0.858178
6.8	0.858215
6.79	0.858253
6.78	0.858291
6.77	0.858329
6.76	0.858368
6.75	0.858406
6.74	0.858444
6.73	0.858483
6.72	0.858522
6.71	0.85856
6.7	0.858599
6.69	0.858638
6.68	0.858678
6.67	0.858717
6.66	0.858756
6.65	0.858796
6.64	0.858835
6.63	0.858875
6.62	0.858915
6.61	0.858955
6.6	0.858995
6.59	0.859035
6.58	0.859076
6.57	0.859116
6.56	0.859157
6.55	0.859198
6.54	0.859239
6.53	0.85928
6.52	0.859321
6.51	0.859362
6.5	0.859404
6.49	0.859445
6.48	0.859487
6.47	0.859529
6.46	0.859571
6.45	0.859613
6.44	0.859655
6.43	0.859697
6.42	0.85974
6.41	0.859782
6.4	0.859825
6.39	0.859868
6.38	0.859911
6.37	0.859954
6.36	0.859997
6.35	0.860041
6.34	0.860084
6.33	0.860128
6.32	0.860172
6.31	0.860216
6.3	0.86026
6.29	0.860305
6.28	0.860349
6.27	0.860394
6.26	0.860438
6.25	0.860483
6.24	0.860528
6.23	0.860574
6.22	0.860619
6.21	0.860664
6.2	0.86071
6.19	0.860756
6.18	0.860802
6.17	0.860848
6.16	0.860894
6.15	0.86094
6.14	0.860987
6.13	0.861034
6.12	0.861081
6.11	0.861128
6.1	0.861175
6.09	0.861222
6.08	0.86127
6.07	0.861317
6.06	0.861365
6.05	0.861413
6.04	0.861461
6.03	0.86151
6.02	0.861558
6.01	0.861607
6	0.861656
5.99	0.861705
5.98	0.861754
5.97	0.861803
5.96	0.861853
5.95	0.861902
5.94	0.861952
5.93	0.862002
5.92	0.862052
5.91	0.862103
5.9	0.862153
5.89	0.862204
5.88	0.862255
5.87	0.862306
5.86	0.862357
5.85	0.862409
5.84	0.86246
5.83	0.862512
5.82	0.862564
5.81	0.862616
5.8	0.862669
5.79	0.862721
5.78	0.862774
5.77	0.862827
5.76	0.86288
5.75	0.862933
5.74	0.862987
5.73	0.86304
5.72	0.863094
5.71	0.863148
5.7	0.863203
5.69	0.863257
5.68	0.863312
5.67	0.863366
5.66	0.863421
5.65	0.863477
5.64	0.863532
5.63	0.863588
5.62	0.863644
5.61	0.8637
5.6	0.863756
5.59	0.863813
5.58	0.863869
5.57	0.863926
5.56	0.863983
5.55	0.864041
5.54	0.864098
5.53	0.864156
5.52	0.864214
5.51	0.864272
5.5	0.86433
5.49	0.864389
5.48	0.864448
5.47	0.864507
5.46	0.864566
5.45	0.864626
5.44	0.864686
5.43	0.864746
5.42	0.864806
5.41	0.864866
5.4	0.864927
5.39	0.864988
5.38	0.865049
5.37	0.86511
5.36	0.865172
5.35	0.865234
5.34	0.865296
5.33	0.865358
5.32	0.865421
5.31	0.865483
5.3	0.865546
5.29	0.86561
5.28	0.865673
5.27	0.865737
5.26	0.865801
5.25	0.865865
5.24	0.86593
5.23	0.865995
5.22	0.86606
5.21	0.866125
5.2	0.866191
5.19	0.866257
5.18	0.866323
5.17	0.866389
5.16	0.866456
5.15	0.866523
5.14	0.86659
5.13	0.866657
5.12	0.866725
5.11	0.866793
5.1	0.866861
5.09	0.86693
5.08	0.866998
5.07	0.867068
5.06	0.867137
5.05	0.867207
5.04	0.867277
5.03	0.867347
5.02	0.867417
5.01	0.867488
5	0.867559
4.99	0.867631
4.98	0.867702
4.97	0.867774
4.96	0.867847
4.95	0.867919
4.94	0.867992
4.93	0.868065
4.92	0.868139
4.91	0.868213
4.9	0.868287
4.89	0.868361
4.88	0.868436
4.87	0.868511
4.86	0.868587
4.85	0.868663
4.84	0.868739
4.83	0.868815
4.82	0.868892
4.81	0.868969
4.8	0.869046
4.79	0.869124
4.78	0.869202
4.77	0.86928
4.76	0.869359
4.75	0.869438
4.74	0.869518
4.73	0.869597
4.72	0.869678
4.71	0.869758
4.7	0.869839
4.69	0.86992
4.68	0.870002
4.67	0.870084
4.66	0.870166
4.65	0.870248
4.64	0.870332
4.63	0.870415
4.62	0.870499
4.61	0.870583
4.6	0.870667
4.59	0.870752
4.58	0.870838
4.57	0.870923
4.56	0.871009
4.55	0.871096
4.54	0.871183
4.53	0.87127
4.52	0.871358
4.51	0.871446
4.5	0.871534
4.49	0.871623
4.48	0.871712
4.47	0.871802
4.46	0.871892
4.45	0.871983
4.44	0.872074
4.43	0.872165
4.42	0.872257
4.41	0.872349
4.4	0.872442
4.39	0.872535
4.38	0.872629
4.37	0.872723
4.36	0.872817
4.35	0.872912
4.34	0.873007
4.33	0.873103
4.32	0.8732
4.31	0.873296
4.3	0.873394
4.29	0.873491
4.28	0.87359
4.27	0.873688
4.26	0.873787
4.25	0.873887
4.24	0.873987
4.23	0.874088
4.22	0.874189
4.21	0.87429
4.2	0.874393
4.19	0.874495
4.18	0.874598
4.17	0.874702
4.16	0.874806
4.15	0.874911
4.14	0.875016
4.13	0.875122
4.12	0.875228
4.11	0.875335
4.1	0.875442
4.09	0.87555
4.08	0.875659
4.07	0.875768
4.06	0.875877
4.05	0.875988
4.04	0.876098
4.03	0.87621
4.02	0.876322
4.01	0.876434
4	0.876547
3.99	0.876661
3.98	0.876775
3.97	0.87689
3.96	0.877005
3.95	0.877121
3.94	0.877238
3.93	0.877355
3.92	0.877473
3.91	0.877592
3.9	0.877711
3.89	0.877831
3.88	0.877951
3.87	0.878073
3.86	0.878194
3.85	0.878317
3.84	0.87844
3.83	0.878564
3.82	0.878688
3.81	0.878813
3.8	0.878939
3.79	0.879066
3.78	0.879193
3.77	0.879321
3.76	0.87945
3.75	0.879579
3.74	0.879709
3.73	0.87984
3.72	0.879971
3.71	0.880104
3.7	0.880237
3.69	0.880371
3.68	0.880505
3.67	0.880641
3.66	0.880777
3.65	0.880914
3.64	0.881051
3.63	0.88119
3.62	0.881329
3.61	0.881469
3.6	0.88161
3.59	0.881752
3.58	0.881895
3.57	0.882038
3.56	0.882182
3.55	0.882327
3.54	0.882473
3.53	0.88262
3.52	0.882768
3.51	0.882917
3.5	0.883066
3.49	0.883217
3.48	0.883368
3.47	0.88352
3.46	0.883673
3.45	0.883827
3.44	0.883982
3.43	0.884138
3.42	0.884295
3.41	0.884453
3.4	0.884612
3.39	0.884772
3.38	0.884933
3.37	0.885095
3.36	0.885258
3.35	0.885422
3.34	0.885587
3.33	0.885753
3.32	0.88592
3.31	0.886088
3.3	0.886257
3.29	0.886427
3.28	0.886599
3.27	0.886771
3.26	0.886945
3.25	0.88712
3.24	0.887295
3.23	0.887472
3.22	0.887651
3.21	0.88783
3.2	0.888011
3.19	0.888192
3.18	0.888375
3.17	0.888559
3.16	0.888745
3.15	0.888931
3.14	0.889119
3.13	0.889308
3.12	0.889499
3.11	0.889691
3.1	0.889884
3.09	0.890078
3.08	0.890274
3.07	0.890471
3.06	0.890669
3.05	0.890869
3.04	0.89107
3.03	0.891273
3.02	0.891477
3.01	0.891682
3	0.891889
2.99	0.892098
2.98	0.892308
2.97	0.892519
2.96	0.892732
2.95	0.892946
2.94	0.893162
2.93	0.89338
2.92	0.893599
2.91	0.89382
2.9	0.894042
2.89	0.894266
2.88	0.894491
2.87	0.894719
2.86	0.894948
2.85	0.895178
2.84	0.895411
2.83	0.895645
2.82	0.895881
2.81	0.896119
2.8	0.896358
2.79	0.8966
2.78	0.896843
2.77	0.897088
2.76	0.897335
2.75	0.897584
2.74	0.897834
2.73	0.898087
2.72	0.898342
2.71	0.898599
2.7	0.898858
2.69	0.899118
2.68	0.899381
2.67	0.899646
2.66	0.899914
2.65	0.900183
2.64	0.900454
2.63	0.900728
2.62	0.901004
2.61	0.901282
2.6	0.901563
2.59	0.901846
2.58	0.902131
2.57	0.902418
2.56	0.902708
2.55	0.903001
2.54	0.903295
2.53	0.903593
2.52	0.903893
2.51	0.904195
2.5	0.9045
2.49	0.904808
2.48	0.905118
2.47	0.905431
2.46	0.905747
2.45	0.906065
2.44	0.906387
2.43	0.906711
2.42	0.907038
2.41	0.907368
2.4	0.907701
2.39	0.908037
2.38	0.908376
2.37	0.908718
2.36	0.909063
2.35	0.909411
2.34	0.909763
2.33	0.910118
2.32	0.910476
2.31	0.910837
2.3	0.911202
2.29	0.91157
2.28	0.911942
2.27	0.912318
2.26	0.912696
2.25	0.913079
2.24	0.913465
2.23	0.913855
2.22	0.914249
2.21	0.914647
2.2	0.915048
2.19	0.915454
2.18	0.915863
2.17	0.916277
2.16	0.916695
2.15	0.917117
2.14	0.917543
2.13	0.917974
2.12	0.918409
2.11	0.918849
2.1	0.919293
2.09	0.919742
2.08	0.920195
2.07	0.920653
2.06	0.921117
2.05	0.921585
2.04	0.922058
2.03	0.922536
2.02	0.923019
2.01	0.923507
2	0.924001
1.99	0.924501
1.98	0.925005
1.97	0.925516
1.96	0.926032
1.95	0.926554
1.94	0.927082
1.93	0.927615
1.92	0.928155
1.91	0.928701
1.9	0.929254
1.89	0.929812
1.88	0.930378
1.87	0.93095
1.86	0.931529
1.85	0.932114
1.84	0.932707
1.83	0.933307
1.82	0.933914
1.81	0.934528
1.8	0.93515
1.79	0.93578
1.78	0.936417
1.77	0.937063
1.76	0.937716
1.75	0.938378
1.74	0.939048
1.73	0.939727
1.72	0.940414
1.71	0.941111
1.7	0.941816
1.69	0.942531
1.68	0.943255
1.67	0.943989
1.66	0.944733
1.65	0.945487
1.64	0.946251
1.63	0.947026
1.62	0.947811
1.61	0.948607
1.6	0.949414
1.59	0.950233
1.58	0.951063
1.57	0.951905
1.56	0.952759
1.55	0.953625
1.54	0.954504
1.53	0.955396
1.52	0.956301
1.51	0.95722
1.5	0.958152
1.49	0.959099
1.48	0.96006
1.47	0.961035
1.46	0.962026
1.45	0.963033
1.44	0.964055
1.43	0.965093
1.42	0.966148
1.41	0.967219
1.4	0.968309
1.39	0.969416
1.38	0.970541
1.37	0.971685
1.36	0.972848
1.35	0.974031
1.34	0.975234
1.33	0.976457
1.32	0.977702
1.31	0.978969
1.3	0.980258
1.29	0.98157
1.28	0.982906
1.27	0.984265
1.26	0.98565
1.25	0.98706
1.24	0.988496
1.23	0.98996
1.22	0.991451
1.21	0.992971
1.2	0.99452
1.19	0.9961
1.18	0.99771
1.17	0.999353
1.16	1.00103
1.15	1.00274
1.14	1.00448
1.13	1.00626
1.12	1.00808
1.11	1.00994
1.1	1.01184
1.09	1.01377
1.08	1.01575
1.07	1.01778
1.06	1.01985
1.05	1.02196
1.04	1.02413
1.03	1.02634
1.02	1.02861
1.01	1.03093
1	1.0333
0.99	1.03573
0.98	1.03823
0.97	1.04078
0.96	1.0434
0.95	1.04608
0.94	1.04884
0.93	1.05167
0.92	1.05457
0.91	1.05755
0.9	1.0606
0.89	1.06375
0.88	1.06698
0.87	1.0703
0.86	1.07372
0.85	1.07724
0.84	1.08086
0.83	1.08459
0.82	1.08844
0.81	1.0924
0.8	1.09649
0.79	1.1007
0.78	1.10506
0.77	1.10956
0.76	1.1142
0.75	1.11901
0.74	1.12398
0.73	1.12913
0.72	1.13446
0.71	1.13998
0.7	1.14571
0.69	1.15166
0.68	1.15784
0.67	1.16425
0.66	1.17093
0.65	1.17788
0.64	1.18511
0.63	1.19266
0.62	1.20053
0.61	1.20875
0.6	1.21735
0.59	1.22634
0.58	1.23576
0.57	1.24563
0.56	1.256
0.55	1.2669
0.54	1.27836
0.53	1.29044
0.52	1.30319
0.51	1.31666
0.5	1.33091
0.49	1.34601
0.48	1.36204
0.47	1.37909
0.46	1.39726
0.45	1.41666
0.44	1.43741
0.43	1.45966
0.42	1.48358
0.41	1.50936
0.4	1.53722
0.39	1.56741
0.38	1.60024
0.37	1.63606
0.36	1.67529
0.35	1.71843
0.34	1.76608
0.33	1.81898
0.32	1.878
0.31	1.94426
0.3	2.01914
0.29	2.10438
0.28	2.20223
0.27	2.31565
0.26	2.44857
0.25	2.60637
0.24	2.79663
0.23	3.03043
0.22	3.32473
0.21	3.70729
0.2	4.2279
0.19	4.99014
0.18	6.27555
0.17	9.66642
-0.17	9.66642
-0.18	6.27555
-0.19	4.99014
-0.2	4.2279
-0.21	3.70729
-0.22	3.32473
-0.23	3.03043
-0.24	2.79663
-0.25	2.60637
-0.26	2.44857
-0.27	2.31565
-0.28	2.20223
-0.29	2.10438
-0.3	2.01914
-0.31	1.94426
-0.32	1.878
-0.33	1.81898
-0.34	1.76608
-0.35	1.71843
-0.36	1.67529
-0.37	1.63606
-0.38	1.60024
-0.39	1.56741
-0.4	1.53722
-0.41	1.50936
-0.42	1.48358
-0.43	1.45966
-0.44	1.43741
-0.45	1.41666
-0.46	1.39726
-0.47	1.37909
-0.48	1.36204
-0.49	1.34601
-0.5	1.33091
-0.51	1.31666
-0.52	1.30319
-0.53	1.29044
-0.54	1.27836
-0.55	1.2669
-0.56	1.256
-0.57	1.24563
-0.58	1.23576
-0.59	1.22634
-0.6	1.21735
-0.61	1.20875
-0.62	1.20053
-0.63	1.19266
-0.64	1.18511
-0.65	1.17788
-0.66	1.17093
-0.67	1.16425
-0.68	1.15784
-0.69	1.15166
-0.7	1.14571
-0.71	1.13998
-0.72	1.13446
-0.73	1.12913
-0.74	1.12398
-0.75	1.11901
-0.76	1.1142
-0.77	1.10956
-0.78	1.10506
-0.79	1.1007
-0.8	1.09649
-0.81	1.0924
-0.82	1.08844
-0.83	1.08459
-0.84	1.08086
-0.85	1.07724
-0.86	1.07372
-0.87	1.0703
-0.88	1.06698
-0.89	1.06375
-0.9	1.0606
-0.91	1.05755
-0.92	1.05457
-0.93	1.05167
-0.94	1.04884
-0.95	1.04608
-0.96	1.0434
-0.97	1.04078
-0.98	1.03823
-0.99	1.03573
-1	1.0333
-1.01	1.03093
-1.02	1.02861
-1.03	1.02634
-1.04	1.02413
-1.05	1.02196
-1.06	1.01985
-1.07	1.01778
-1.08	1.01575
-1.09	1.01377
-1.1	1.01184
-1.11	1.00994
-1.12	1.00808
-1.13	1.00626
-1.14	1.00448
-1.15	1.00274
-1.16	1.00103
-1.17	0.999353
-1.18	0.99771
-1.19	0.9961
-1.2	0.99452
-1.21	0.992971
-1.22	0.991451
-1.23	0.98996
-1.24	0.988496
-1.25	0.98706
-1.26	0.98565
-1.27	0.984265
-1.28	0.982906
-1.29	0.98157
-1.3	0.980258
-1.31	0.978969
-1.32	0.977702
-1.33	0.976457
-1.34	0.975234
-1.35	0.974031
-1.36	0.972848
-1.37	0.971685
-1.38	0.970541
-1.39	0.969416
-1.4	0.968309
-1.41	0.967219
-1.42	0.966148
-1.43	0.965093
-1.44	0.964055
-1.45	0.963033
-1.46	0.962026
-1.47	0.961035
-1.48	0.96006
-1.49	0.959099
-1.5	0.958152
-1.51	0.95722
-1.52	0.956301
-1.53	0.955396
-1.54	0.954504
-1.55	0.953625
-1.56	0.952759
-1.57	0.951905
-1.58	0.951063
-1.59	0.950233
-1.6	0.949414
-1.61	0.948607
-1.62	0.947811
-1.63	0.947026
-1.64	0.946251
-1.65	0.945487
-1.66	0.944733
-1.67	0.943989
-1.68	0.943255
-1.69	0.942531
-1.7	0.941816
-1.71	0.941111
-1.72	0.940414
-1.73	0.939727
-1.74	0.939048
-1.75	0.938378
-1.76	0.937716
-1.77	0.937063
-1.78	0.936417
-1.79	0.93578
-1.8	0.93515
-1.81	0.934528
-1.82	0.933914
-1.83	0.933307
-1.84	0.932707
-1.85	0.932114
-1.86	0.931529
-1.87	0.93095
-1.88	0.930378
-1.89	0.929812
-1.9	0.929254
-1.91	0.928701
-1.92	0.928155
-1.93	0.927615
-1.94	0.927082
-1.95	0.926554
-1.96	0.926032
-1.97	0.925516
-1.98	0.925005
-1.99	0.924501
-2	0.924001
-2.01	0.923507
-2.02	0.923019
-2.03	0.922536
-2.04	0.922058
-2.05	0.921585
-2.06	0.921117
-2.07	0.920653
-2.08	0.920195
-2.09	0.919742
-2.1	0.919293
-2.11	0.918849
-2.12	0.918409
-2.13	0.917974
-2.14	0.917543
-2.15	0.917117
-2.16	0.916695
-2.17	0.916277
-2.18	0.915863
-2.19	0.915454
-2.2	0.915048
-2.21	0.914647
-2.22	0.914249
-2.23	0.913855
-2.24	0.913465
-2.25	0.913079
-2.26	0.912696
-2.27	0.912318
-2.28	0.911942
-2.29	0.91157
-2.3	0.911202
-2.31	0.910837
-2.32	0.910476
-2.33	0.910118
-2.34	0.909763
-2.35	0.909411
-2.36	0.909063
-2.37	0.908718
-2.38	0.908376
-2.39	0.908037
-2.4	0.907701
-2.41	0.907368
-2.42	0.907038
-2.43	0.906711
-2.44	0.906387
-2.45	0.906065
-2.46	0.905747
-2.47	0.905431
-2.48	0.905118
-2.49	0.904808
-2.5	0.9045
-2.51	0.904195
-2.52	0.903893
-2.53	0.903593
-2.54	0.903295
-2.55	0.903001
-2.56	0.902708
-2.57	0.902418
-2.58	0.902131
-2.59	0.901846
-2.6	0.901563
-2.61	0.901282
-2.62	0.901004
-2.63	0.900728
-2.64	0.900454
-2.65	0.900183
-2.66	0.899914
-2.67	0.899646
-2.68	0.899381
-2.69	0.899118
-2.7	0.898858
-2.71	0.898599
-2.72	0.898342
-2.73	0.898087
-2.74	0.897834
-2.75	0.897584
-2.76	0.897335
-2.77	0.897088
-2.78	0.896843
-2.79	0.8966
-2.8	0.896358
-2.81	0.896119
-2.82	0.895881
-2.83	0.895645
-2.84	0.895411
-2.85	0.895178
-2.86	0.894948
-2.87	0.894719
-2.88	0.894491
-2.89	0.894266
-2.9	0.894042
-2.91	0.89382
-2.92	0.893599
-2.93	0.89338
-2.94	0.893162
-2.95	0.892946
-2.96	0.892732
-2.97	0.892519
-2.98	0.892308
-2.99	0.892098
-3	0.891889
-3.01	0.891682
-3.02	0.891477
-3.03	0.891273
-3.04	0.89107
-3.05	0.890869
-3.06	0.890669
-3.07	0.890471
-3.08	0.890274
-3.09	0.890078
-3.1	0.889884
-3.11	0.889691
-3.12	0.889499
-3.13	0.889308
-3.14	0.889119
-3.15	0.888931
-3.16	0.888745
-3.17	0.888559
-3.18	0.888375
-3.19	0.888192
-3.2	0.888011
-3.21	0.88783
-3.22	0.887651
-3.23	0.887472
-3.24	0.887295
-3.25	0.88712
-3.26	0.886945
-3.27	0.886771
-3.28	0.886599
-3.29	0.886427
-3.3	0.886257
-3.31	0.886088
-3.32	0.88592
-3.33	0.885753
-3.34	0.885587
-3.35	0.885422
-3.36	0.885258
-3.37	0.885095
-3.38	0.884933
-3.39	0.884772
-3.4	0.884612
-3.41	0.884453
-3.42	0.884295
-3.43	0.884138
-3.44	0.883982
-3.45	0.883827
-3.46	0.883673
-3.47	0.88352
-3.48	0.883368
-3.49	0.883217
-3.5	0.883066
-3.51	0.882917
-3.52	0.882768
-3.53	0.88262
-3.54	0.882473
-3.55	0.882327
-3.56	0.882182
-3.57	0.882038
-3.58	0.881895
-3.59	0.881752
-3.6	0.88161
-3.61	0.881469
-3.62	0.881329
-3.63	0.88119
-3.64	0.881051
-3.65	0.880914
-3.66	0.880777
-3.67	0.880641
-3.68	0.880505
-3.69	0.880371
-3.7	0.880237
-3.71	0.880104
-3.72	0.879971
-3.73	0.87984
-3.74	0.879709
-3.75	0.879579
-3.76	0.87945
-3.77	0.879321
-3.78	0.879193
-3.79	0.879066
-3.8	0.878939
-3.81	0.878813
-3.82	0.878688
-3.83	0.878564
-3.84	0.87844
-3.85	0.878317
-3.86	0.878194
-3.87	0.878073
-3.88	0.877951
-3.89	0.877831
-3.9	0.877711
-3.91	0.877592
-3.92	0.877473
-3.93	0.877355
-3.94	0.877238
-3.95	0.877121
-3.96	0.877005
-3.97	0.87689
-3.98	0.876775
-3.99	0.876661
-4	0.876547
-4.01	0.876434
-4.02	0.876322
-4.03	0.87621
-4.04	0.876098
-4.05	0.875988
-4.06	0.875877
-4.07	0.875768
-4.08	0.875659
-4.09	0.87555
-4.1	0.875442
-4.11	0.875335
-4.12	0.875228
-4.13	0.875122
-4.14	0.875016
-4.15	0.874911
-4.16	0.874806
-4.17	0.874702
-4.18	0.874598
-4.19	0.874495
-4.2	0.874393
-4.21	0.87429
-4.22	0.874189
-4.23	0.874088
-4.24	0.873987
-4.25	0.873887
-4.26	0.873787
-4.27	0.873688
-4.28	0.87359
-4.29	0.873491
-4.3	0.873394
-4.31	0.873296
-4.32	0.8732
-4.33	0.873103
-4.34	0.873007
-4.35	0.872912
-4.36	0.872817
-4.37	0.872723
-4.38	0.872629
-4.39	0.872535
-4.4	0.872442
-4.41	0.872349
-4.42	0.872257
-4.43	0.872165
-4.44	0.872074
-4.45	0.871983
-4.46	0.871892
-4.47	0.871802
-4.48	0.871712
-4.49	0.871623
-4.5	0.871534
-4.51	0.871446
-4.52	0.871358
-4.53	0.87127
-4.54	0.871183
-4.55	0.871096
-4.56	0.871009
-4.57	0.870923
-4.58	0.870838
-4.59	0.870752
-4.6	0.870667
-4.61	0.870583
-4.62	0.870499
-4.63	0.870415
-4.64	0.870332
-4.65	0.870248
-4.66	0.870166
-4.67	0.870084
-4.68	0.870002
-4.69	0.86992
-4.7	0.869839
-4.71	0.869758
-4.72	0.869678
-4.73	0.869597
-4.74	0.869518
-4.75	0.869438
-4.76	0.869359
-4.77	0.86928
-4.78	0.869202
-4.79	0.869124
-4.8	0.869046
-4.81	0.868969
-4.82	0.868892
-4.83	0.868815
-4.84	0.868739
-4.85	0.868663
-4.86	0.868587
-4.87	0.868511
-4.88	0.868436
-4.89	0.868361
-4.9	0.868287
-4.91	0.868213
-4.92	0.868139
-4.93	0.868065
-4.94	0.867992
-4.95	0.867919
-4.96	0.867847
-4.97	0.867774
-4.98	0.867702
-4.99	0.867631
-5	0.867559
-5.01	0.867488
-5.02	0.867417
-5.03	0.867347
-5.04	0.867277
-5.05	0.867207
-5.06	0.867137
-5.07	0.867068
-5.08	0.866998
-5.09	0.86693
-5.1	0.866861
-5.11	0.866793
-5.12	0.866725
-5.13	0.866657
-5.14	0.86659
-5.15	0.866523
-5.16	0.866456
-5.17	0.866389
-5.18	0.866323
-5.19	0.866257
-5.2	0.866191
-5.21	0.866125
-5.22	0.86606
-5.23	0.865995
-5.24	0.86593
-5.25	0.865865
-5.26	0.865801
-5.27	0.865737
-5.28	0.865673
-5.29	0.86561
-5.3	0.865546
-5.31	0.865483
-5.32	0.865421
-5.33	0.865358
-5.34	0.865296
-5.35	0.865234
-5.36	0.865172
-5.37	0.86511
-5.38	0.865049
-5.39	0.864988
-5.4	0.864927
-5.41	0.864866
-5.42	0.864806
-5.43	0.864746
-5.44	0.864686
-5.45	0.864626
-5.46	0.864566
-5.47	0.864507
-5.48	0.864448
-5.49	0.864389
-5.5	0.86433
-5.51	0.864272
-5.52	0.864214
-5.53	0.864156
-5.54	0.864098
-5.55	0.864041
-5.56	0.863983
-5.57	0.863926
-5.58	0.863869
-5.59	0.863813
-5.6	0.863756
-5.61	0.8637
-5.62	0.863644
-5.63	0.863588
-5.64	0.863532
-5.65	0.863477
-5.66	0.863421
-5.67	0.863366
-5.68	0.863312
-5.69	0.863257
-5.7	0.863203
-5.71	0.863148
-5.72	0.863094
-5.73	0.86304
-5.74	0.862987
-5.75	0.862933
-5.76	0.86288
-5.77	0.862827
-5.78	0.862774
-5.79	0.862721
-5.8	0.862669
-5.81	0.862616
-5.82	0.862564
-5.83	0.862512
-5.84	0.86246
-5.85	0.862409
-5.86	0.862357
-5.87	0.862306
-5.88	0.862255
-5.89	0.862204
-5.9	0.862153
-5.91	0.862103
-5.92	0.862052
-5.93	0.862002
-5.94	0.861952
-5.95	0.861902
-5.96	0.861853
-5.97	0.861803
-5.98	0.861754
-5.99	0.861705
-6	0.861656
-6.01	0.861607
-6.02	0.861558
-6.03	0.86151
-6.04	0.861461
-6.05	0.861413
-6.06	0.861365
-6.07	0.861317
-6.08	0.86127
-6.09	0.861222
-6.1	0.861175
-6.11	0.861128
-6.12	0.861081
-6.13	0.861034
-6.14	0.860987
-6.15	0.86094
-6.16	0.860894
-6.17	0.860848
-6.18	0.860802
-6.19	0.860756
-6.2	0.86071
-6.21	0.860664
-6.22	0.860619
-6.23	0.860574
-6.24	0.860528
-6.25	0.860483
-6.26	0.860438
-6.27	0.860394
-6.28	0.860349
-6.29	0.860305
-6.3	0.86026
-6.31	0.860216
-6.32	0.860172
-6.33	0.860128
-6.34	0.860084
-6.35	0.860041
-6.36	0.859997
-6.37	0.859954
-6.38	0.859911
-6.39	0.859868
-6.4	0.859825
-6.41	0.859782
-6.42	0.85974
-6.43	0.859697
-6.44	0.859655
-6.45	0.859613
-6.46	0.859571
-6.47	0.859529
-6.48	0.859487
-6.49	0.859445
-6.5	0.859404
-6.51	0.859362
-6.52	0.859321
-6.53	0.85928
-6.54	0.859239
-6.55	0.859198
-6.56	0.859157
-6.57	0.859116
-6.58	0.859076
-6.59	0.859035
-6.6	0.858995
-6.61	0.858955
-6.62	0.858915
-6.63	0.858875
-6.64	0.858835
-6.65	0.858796
-6.66	0.858756
-6.67	0.858717
-6.68	0.858678
-6.69	0.858638
-6.7	0.858599
-6.71	0.85856
-6.72	0.858522
-6.73	0.858483
-6.74	0.858444
-6.75	0.858406
-6.76	0.858368
-6.77	0.858329
-6.78	0.858291
-6.79	0.858253
-6.8	0.858215
-6.81	0.858178
-6.82	0.85814
-6.83	0.858102
-6.84	0.858065
-6.85	0.858028
-6.86	0.857991
-6.87	0.857953
-6.88	0.857916
-6.89	0.85788
-6.9	0.857843
-6.91	0.857806
-6.92	0.85777
-6.93	0.857733
-6.94	0.857697
-6.95	0.857661
-6.96	0.857625
-6.97	0.857589
-6.98	0.857553
-6.99	0.857517
-7	0.857481
-7.01	0.857446
-7.02	0.85741
-7.03	0.857375
-7.04	0.85734
-7.05	0.857304
-7.06	0.857269
-7.07	0.857234
-7.08	0.857199
-7.09	0.857165
-7.1	0.85713
-7.11	0.857096
-7.12	0.857061
-7.13	0.857027
-7.14	0.856992
-7.15	0.856958
-7.16	0.856924
-7.17	0.85689
-7.18	0.856856
-7.19	0.856823
-7.2	0.856789
-7.21	0.856755
-7.22	0.856722
-7.23	0.856688
-7.24	0.856655
-7.25	0.856622
-7.26	0.856589
-7.27	0.856556
-7.28	0.856523
-7.29	0.85649
-7.3	0.856457
-7.31	0.856425
-7.32	0.856392
-7.33	0.85636
-7.34	0.856327
-7.35	0.856295
-7.36	0.856263
-7.37	0.856231
-7.38	0.856199
-7.39	0.856167
-7.4	0.856135
-7.41	0.856103
-7.42	0.856072
-7.43	0.85604
-7.44	0.856008
-7.45	0.855977
-7.46	0.855946
-7.47	0.855914
-7.48	0.855883
-7.49	0.855852
-7.5	0.855821
-7.51	0.85579
-7.52	0.85576
-7.53	0.855729
-7.54	0.855698
-7.55	0.855668
-7.56	0.855637
-7.57	0.855607
-7.58	0.855577
-7.59	0.855546
-7.6	0.855516
-7.61	0.855486
-7.62	0.855456
-7.63	0.855426
-7.64	0.855396
-7.65	0.855367
-7.66	0.855337
-7.67	0.855307
-7.68	0.855278
-7.69	0.855248
-7.7	0.855219
-7.71	0.85519
-7.72	0.855161
-7.73	0.855131
-7.74	0.855102
-7.75	0.855073
-7.76	0.855045
-7.77	0.855016
-7.78	0.854987
-7.79	0.854958
-7.8	0.85493
-7.81	0.854901
-7.82	0.854873
-7.83	0.854844
-7.84	0.854816
-7.85	0.854788
-7.86	0.85476
-7.87	0.854732
-7.88	0.854704
-7.89	0.854676
-7.9	0.854648
-7.91	0.85462
-7.92	0.854593
-7.93	0.854565
-7.94	0.854537
-7.95	0.85451
-7.96	0.854482
-7.97	0.854455
-7.98	0.854428
-7.99	0.854401
-8	0.854373
-8.01	0.854346
-8.02	0.854319
-8.03	0.854292
-8.04	0.854266
-8.05	0.854239
-8.06	0.854212
-8.07	0.854185
-8.08	0.854159
-8.09	0.854132
-8.1	0.854106
-8.11	0.854079
-8.12	0.854053
-8.13	0.854027
-8.14	0.854001
-8.15	0.853974
-8.16	0.853948
-8.17	0.853922
-8.18	0.853896
-8.19	0.853871
-8.2	0.853845
-8.21	0.853819
-8.22	0.853793
-8.23	0.853768
-8.24	0.853742
-8.25	0.853717
-8.26	0.853691
-8.27	0.853666
-8.28	0.853641
-8.29	0.853615
-8.3	0.85359
-8.31	0.853565
-8.32	0.85354
-8.33	0.853515
-8.34	0.85349
-8.35	0.853465
-8.36	0.85344
-8.37	0.853416
-8.38	0.853391
-8.39	0.853366
-8.4	0.853342
-8.41	0.853317
-8.42	0.853293
-8.43	0.853268
-8.44	0.853244
-8.45	0.85322
-8.46	0.853196
-8.47	0.853171
-8.48	0.853147
-8.49	0.853123
-8.5	0.853099
-8.51	0.853075
-8.52	0.853052
-8.53	0.853028
-8.54	0.853004
-8.55	0.85298
-8.56	0.852957
-8.57	0.852933
-8.58	0.85291
-8.59	0.852886
-8.6	0.852863
-8.61	0.852839
-8.62	0.852816
-8.63	0.852793
-8.64	0.85277
-8.65	0.852746
-8.66	0.852723
-8.67	0.8527
-8.68	0.852677
-8.69	0.852654
-8.7	0.852632
-8.71	0.852609
-8.72	0.852586
-8.73	0.852563
-8.74	0.852541
-8.75	0.852518
-8.76	0.852495
-8.77	0.852473
-8.78	0.852451
-8.79	0.852428
-8.8	0.852406
-8.81	0.852384
-8.82	0.852361
-8.83	0.852339
-8.84	0.852317
-8.85	0.852295
-8.86	0.852273
-8.87	0.852251
-8.88	0.852229
-8.89	0.852207
-8.9	0.852185
-8.91	0.852163
-8.92	0.852142
-8.93	0.85212
-8.94	0.852098
-8.95	0.852077
-8.96	0.852055
-8.97	0.852034
-8.98	0.852012
-8.99	0.851991
-9	0.85197
-9.01	0.851948
-9.02	0.851927
-9.03	0.851906
-9.04	0.851885
-9.05	0.851864
-9.06	0.851843
-9.07	0.851822
-9.08	0.851801
-9.09	0.85178
-9.1	0.851759
-9.11	0.851738
-9.12	0.851717
-9.13	0.851697
-9.14	0.851676
-9.15	0.851655
-9.16	0.851635
-9.17	0.851614
-9.18	0.851594
-9.19	0.851573
-9.2	0.851553
-9.21	0.851532
-9.22	0.851512
-9.23	0.851492
-9.24	0.851472
-9.25	0.851452
-9.26	0.851431
-9.27	0.851411
-9.28	0.851391
-9.29	0.851371
-9.3	0.851351
-9.31	0.851331
-9.32	0.851311
-9.33	0.851292
-9.34	0.851272
-9.35	0.851252
-9.36	0.851232
-9.37	0.851213
-9.38	0.851193
-9.39	0.851174
-9.4	0.851154
-9.41	0.851135
-9.42	0.851115
-9.43	0.851096
-9.44	0.851076
-9.45	0.851057
-9.46	0.851038
-9.47	0.851019
-9.48	0.850999
-9.49	0.85098
-9.5	0.850961
-9.51	0.850942
-9.52	0.850923
-9.53	0.850904
-9.54	0.850885
-9.55	0.850866
-9.56	0.850847
-9.57	0.850828
-9.58	0.85081
-9.59	0.850791
-9.6	0.850772
-9.61	0.850754
-9.62	0.850735
-9.63	0.850716
-9.64	0.850698
-9.65	0.850679
-9.66	0.850661
-9.67	0.850642
-9.68	0.850624
-9.69	0.850606
-9.7	0.850587
-9.71	0.850569
-9.72	0.850551
-9.73	0.850533
-9.74	0.850514
-9.75	0.850496
-9.76	0.850478
-9.77	0.85046
-9.78	0.850442
-9.79	0.850424
-9.8	0.850406
-9.81	0.850388
-9.82	0.85037
-9.83	0.850353
-9.84	0.850335
-9.85	0.850317
-9.86	0.850299
-9.87	0.850282
-9.88	0.850264
-9.89	0.850246
-9.9	0.850229
-9.91	0.850211
-9.92	0.850194
-9.93	0.850176
-9.94	0.850159
-9.95	0.850142
-9.96	0.850124
-9.97	0.850107
-9.98	0.85009
-9.99	0.850072
-10	0.850055
-10.01	0.850038
-10.02	0.850021
-10.03	0.850004
-10.04	0.849987
-10.05	0.84997
-10.06	0.849953
-10.07	0.849936
-10.08	0.849919
-10.09	0.849902
-10.1	0.849885
-10.11	0.849868
-10.12	0.849851
-10.13	0.849835
-10.14	0.849818
-10.15	0.849801
-10.16	0.849784
-10.17	0.849768
-10.18	0.849751
-10.19	0.849735
-10.2	0.849718
-10.21	0.849702
-10.22	0.849685
-10.23	0.849669
-10.24	0.849652
-10.25	0.849636
-10.26	0.84962
-10.27	0.849603
-10.28	0.849587
-10.29	0.849571
-10.3	0.849554
-10.31	0.849538
-10.32	0.849522
-10.33	0.849506
-10.34	0.84949
-10.35	0.849474
-10.36	0.849458
-10.37	0.849442
-10.38	0.849426
-10.39	0.84941
-10.4	0.849394
-10.41	0.849378
-10.42	0.849362
-10.43	0.849347
-10.44	0.849331
-10.45	0.849315
-10.46	0.849299
-10.47	0.849284
-10.48	0.849268
-10.49	0.849252
-10.5	0.849237
-10.51	0.849221
-10.52	0.849206
-10.53	0.84919
-10.54	0.849175
-10.55	0.849159
-10.56	0.849144
-10.57	0.849129
-10.58	0.849113
-10.59	0.849098
-10.6	0.849083
-10.61	0.849067
-10.62	0.849052
-10.63	0.849037
-10.64	0.849022
-10.65	0.849007
-10.66	0.848992
-10.67	0.848976
-10.68	0.848961
-10.69	0.848946
-10.7	0.848931
-10.71	0.848916
-10.72	0.848901
-10.73	0.848886
-10.74	0.848872
-10.75	0.848857
-10.76	0.848842
-10.77	0.848827
-10.78	0.848812
-10.79	0.848798
-10.8	0.848783
-10.81	0.848768
-10.82	0.848754
-10.83	0.848739
-10.84	0.848724
-10.85	0.84871
-10.86	0.848695
-10.87	0.848681
-10.88	0.848666
-10.89	0.848652
-10.9	0.848637
-10.91	0.848623
-10.92	0.848608
-10.93	0.848594
-10.94	0.84858
-10.95	0.848565
-10.96	0.848551
-10.97	0.848537
-10.98	0.848523
-10.99	0.848508
-11	0.848494
-11.01	0.84848
-11.02	0.848466
-11.03	0.848452
-11.04	0.848438
-11.05	0.848424
-11.06	0.84841
-11.07	0.848396
-11.08	0.848382
-11.09	0.848368
-11.1	0.848354
-11.11	0.84834
-11.12	0.848326
-11.13	0.848312
-11.14	0.848298
-11.15	0.848285
-11.16	0.848271
-11.17	0.848257
-11.18	0.848243
-11.19	0.84823
-11.2	0.848216
-11.21	0.848202
-11.22	0.848189
-11.23	0.848175
-11.24	0.848162
-11.25	0.848148
-11.26	0.848135
-11.27	0.848121
-11.28	0.848108
-11.29	0.848094
-11.3	0.848081
-11.31	0.848067
-11.32	0.848054
-11.33	0.848041
-11.34	0.848027
-11.35	0.848014
-11.36	0.848001
-11.37	0.847987
-11.38	0.847974
-11.39	0.847961
-11.4	0.847948
-11.41	0.847935
-11.42	0.847921
-11.43	0.847908
-11.44	0.847895
-11.45	0.847882
-11.46	0.847869
-11.47	0.847856
-11.48	0.847843
-11.49	0.84783
-11.5	0.847817
-11.51	0.847804
-11.52	0.847791
-11.53	0.847778
-11.54	0.847766
-11.55	0.847753
-11.56	0.84774
-11.57	0.847727
-11.58	0.847714
-11.59	0.847702
-11.6	0.847689
-11.61	0.847676
-11.62	0.847663
-11.63	0.847651
-11.64	0.847638
-11.65	0.847625
-11.66	0.847613
-11.67	0.8476
-11.68	0.847588
-11.69	0.847575
-11.7	0.847563
-11.71	0.84755
-11.72	0.847538
-11.73	0.847525
-11.74	0.847513
-11.75	0.847501
-11.76	0.847488
-11.77	0.847476
-11.78	0.847463
-11.79	0.847451
-11.8	0.847439
-11.81	0.847427
-11.82	0.847414
-11.83	0.847402
-11.84	0.84739
-11.85	0.847378
-11.86	0.847365
-11.87	0.847353
-11.88	0.847341
-11.89	0.847329
-11.9	0.847317
-11.91	0.847305
-11.92	0.847293
-11.93	0.847281
-11.94	0.847269
-11.95	0.847257
-11.96	0.847245
-11.97	0.847233
-11.98	0.847221
-11.99	0.847209
-12	0.847197
-12.01	0.847185
-12.02	0.847174
-12.03	0.847162
-12.04	0.84715
-12.05	0.847138
-12.06	0.847126
-12.07	0.847115
-12.08	0.847103
-12.09	0.847091
-12.1	0.84708
-12.11	0.847068
-12.12	0.847056
-12.13	0.847045
-12.14	0.847033
-12.15	0.847021
-12.16	0.84701
-12.17	0.846998
-12.18	0.846987
-12.19	0.846975
-12.2	0.846964
-12.21	0.846952
-12.22	0.846941
-12.23	0.846929
-12.24	0.846918
-12.25	0.846907
-12.26	0.846895
-12.27	0.846884
-12.28	0.846873
-12.29	0.846861
-12.3	0.84685
-12.31	0.846839
-12.32	0.846827
-12.33	0.846816
-12.34	0.846805
-12.35	0.846794
-12.36	0.846782
-12.37	0.846771
-12.38	0.84676
-12.39	0.846749
-12.4	0.846738
-12.41	0.846727
-12.42	0.846716
-12.43	0.846705
-12.44	0.846694
-12.45	0.846683
-12.46	0.846672
-12.47	0.846661
-12.48	0.84665
-12.49	0.846639
-12.5	0.846628
-12.51	0.846617
-12.52	0.846606
-12.53	0.846595
-12.54	0.846584
-12.55	0.846573
-12.56	0.846562
-12.57	0.846552
-12.58	0.846541
-12.59	0.84653
-12.6	0.846519
-12.61	0.846509
-12.62	0.846498
-12.63	0.846487
-12.64	0.846476
-12.65	0.846466
-12.66	0.846455
-12.67	0.846444
-12.68	0.846434
-12.69	0.846423
-12.7	0.846413
-12.71	0.846402
-12.72	0.846391
-12.73	0.846381
-12.74	0.84637
-12.75	0.84636
-12.76	0.846349
-12.77	0.846339
-12.78	0.846328
-12.79	0.846318
-12.8	0.846308
-12.81	0.846297
-12.82	0.846287
-12.83	0.846276
-12.84	0.846266
-12.85	0.846256
-12.86	0.846245
-12.87	0.846235
-12.88	0.846225
-12.89	0.846215
-12.9	0.846204
-12.91	0.846194
-12.92	0.846184
-12.93	0.846174
-12.94	0.846163
-12.95	0.846153
-12.96	0.846143
-12.97	0.846133
-12.98	0.846123
-12.99	0.846113
-13	0.846103
-13.01	0.846092
-13.02	0.846082
-13.03	0.846072
-13.04	0.846062
-13.05	0.846052
-13.06	0.846042
-13.07	0.846032
-13.08	0.846022
-13.09	0.846012
-13.1	0.846002
-13.11	0.845992
-13.12	0.845982
-13.13	0.845973
-13.14	0.845963
-13.15	0.845953
-13.16	0.845943
-13.17	0.845933
-13.18	0.845923
-13.19	0.845914
-13.2	0.845904
-13.21	0.845894
-13.22	0.845884
-13.23	0.845874
-13.24	0.845865
-13.25	0.845855
-13.26	0.845845
-13.27	0.845836
-13.28	0.845826
-13.29	0.845816
-13.3	0.845807
-13.31	0.845797
-13.32	0.845787
-13.33	0.845778
-13.34	0.845768
-13.35	0.845759
-13.36	0.845749
-13.37	0.84574
-13.38	0.84573
-13.39	0.84572
-13.4	0.845711
-13.41	0.845702
-13.42	0.845692
-13.43	0.845683
-13.44	0.845673
-13.45	0.845664
-13.46	0.845654
-13.47	0.845645
-13.48	0.845635
-13.49	0.845626
-13.5	0.845617
-13.51	0.845607
-13.52	0.845598
-13.53	0.845589
-13.54	0.845579
-13.55	0.84557
-13.56	0.845561
-13.57	0.845552
-13.58	0.845542
-13.59	0.845533
-13.6	0.845524
-13.61	0.845515
-13.62	0.845506
-13.63	0.845496
-13.64	0.845487
-13.65	0.845478
-13.66	0.845469
-13.67	0.84546
-13.68	0.845451
-13.69	0.845442
-13.7	0.845433
-13.71	0.845423
-13.72	0.845414
-13.73	0.845405
-13.74	0.845396
-13.75	0.845387
-13.76	0.845378
-13.77	0.845369
-13.78	0.84536
-13.79	0.845351
-13.8	0.845342
-13.81	0.845333
-13.82	0.845325
-13.83	0.845316
-13.84	0.845307
-13.85	0.845298
-13.86	0.845289
-13.87	0.84528
-13.88	0.845271
-13.89	0.845262
-13.9	0.845254
-13.91	0.845245
-13.92	0.845236
-13.93	0.845227
-13.94	0.845218
-13.95	0.84521
-13.96	0.845201
-13.97	0.845192
-13.98	0.845184
-13.99	0.845175
-14	0.845166
-14.01	0.845157
-14.02	0.845149
-14.03	0.84514
-14.04	0.845131
-14.05	0.845123
-14.06	0.845114
-14.07	0.845106
-14.08	0.845097
-14.09	0.845088
-14.1	0.84508
-14.11	0.845071
-14.12	0.845063
-14.13	0.845054
-14.14	0.845046
-14.15	0.845037
-14.16	0.845029
-14.17	0.84502
-14.18	0.845012
-14.19	0.845003
-14.2	0.844995
-14.21	0.844986
-14.22	0.844978
-14.23	0.84497
-14.24	0.844961
-14.25	0.844953
-14.26	0.844944
-14.27	0.844936
-14.28	0.844928
-14.29	0.844919
-14.3	0.844911
-14.31	0.844903
-14.32	0.844894
-14.33	0.844886
-14.34	0.844878
-14.35	0.84487
-14.36	0.844861
-14.37	0.844853
-14.38	0.844845
-14.39	0.844837
-14.4	0.844828
-14.41	0.84482
-14.42	0.844812
-14.43	0.844804
-14.44	0.844796
-14.45	0.844788
-14.46	0.844779
-14.47	0.844771
-14.48	0.844763
-14.49	0.844755
-14.5	0.844747
-14.51	0.844739
-14.52	0.844731
-14.53	0.844723
-14.54	0.844715
-14.55	0.844707
-14.56	0.844699
-14.57	0.844691
-14.58	0.844683
-14.59	0.844675
-14.6	0.844667
-14.61	0.844659
-14.62	0.844651
-14.63	0.844643
-14.64	0.844635
-14.65	0.844627
-14.66	0.844619
-14.67	0.844611
-14.68	0.844603
-14.69	0.844595
-14.7	0.844587
-14.71	0.84458
-14.72	0.844572
-14.73	0.844564
-14.74	0.844556
-14.75	0.844548
-14.76	0.84454
-14.77	0.844533
-14.78	0.844525
-14.79	0.844517
-14.8	0.844509
-14.81	0.844501
-14.82	0.844494
-14.83	0.844486
-14.84	0.844478
-14.85	0.844471
-14.86	0.844463
-14.87	0.844455
-14.88	0.844447
-14.89	0.84444
-14.9	0.844432
-14.91	0.844424
-14.92	0.844417
-14.93	0.844409
-14.94	0.844402
-14.95	0.844394
-14.96	0.844386
-14.97	0.844379
-14.98	0.844371
-14.99	0.844364
-15	0.844356
-15.01	0.844348
-15.02	0.844341
-15.03	0.844333
-15.04	0.844326
-15.05	0.844318
-15.06	0.844311
-15.07	0.844303
-15.08	0.844296
-15.09	0.844288
-15.1	0.844281
-15.11	0.844274
-15.12	0.844266
-15.13	0.844259
-15.14	0.844251
-15.15	0.844244
-15.16	0.844236
-15.17	0.844229
-15.18	0.844222
-15.19	0.844214
-15.2	0.844207
-15.21	0.8442
-15.22	0.844192
-15.23	0.844185
-15.24	0.844178
-15.25	0.84417
-15.26	0.844163
-15.27	0.844156
-15.28	0.844148
-15.29	0.844141
-15.3	0.844134
-15.31	0.844127
-15.32	0.844119
-15.33	0.844112
-15.34	0.844105
-15.35	0.844098
-15.36	0.844091
-15.37	0.844083
-15.38	0.844076
-15.39	0.844069
-15.4	0.844062
-15.41	0.844055
-15.42	0.844047
-15.43	0.84404
-15.44	0.844033
-15.45	0.844026
-15.46	0.844019
-15.47	0.844012
-15.48	0.844005
-15.49	0.843998
-15.5	0.843991
-15.51	0.843984
-15.52	0.843976
-15.53	0.843969
-15.54	0.843962
-15.55	0.843955
-15.56	0.843948
-15.57	0.843941
-15.58	0.843934
-15.59	0.843927
-15.6	0.84392
-15.61	0.843913
-15.62	0.843906
-15.63	0.843899
-15.64	0.843893
-15.65	0.843886
-15.66	0.843879
-15.67	0.843872
-15.68	0.843865
-15.69	0.843858
-15.7	0.843851
-15.71	0.843844
-15.72	0.843837
-15.73	0.84383
-15.74	0.843824
-15.75	0.843817
-15.76	0.84381
-15.77	0.843803
-15.78	0.843796
-15.79	0.843789
-15.8	0.843783
-15.81	0.843776
-15.82	0.843769
-15.83	0.843762
-15.84	0.843755
-15.85	0.843749
-15.86	0.843742
-15.87	0.843735
-15.88	0.843728
-15.89	0.843722
-15.9	0.843715
-15.91	0.843708
-15.92	0.843702
-15.93	0.843695
-15.94	0.843688
-15.95	0.843682
-15.96	0.843675
-15.97	0.843668
-15.98	0.843662
-15.99	0.843655
-16	0.843648
-16.01	0.843642
-16.02	0.843635
-16.03	0.843628
-16.04	0.843622
-16.05	0.843615
-16.06	0.843609
-16.07	0.843602
-16.08	0.843596
-16.09	0.843589
-16.1	0.843582
-16.11	0.843576
-16.12	0.843569
-16.13	0.843563
-16.14	0.843556
-16.15	0.84355
-16.16	0.843543
-16.17	0.843537
-16.18	0.84353
-16.19	0.843524
-16.2	0.843517
-16.21	0.843511
-16.22	0.843504
-16.23	0.843498
-16.24	0.843492
-16.25	0.843485
-16.26	0.843479
-16.27	0.843472
-16.28	0.843466
-16.29	0.843459
-16.3	0.843453
-16.31	0.843447
-16.32	0.84344
-16.33	0.843434
-16.34	0.843428
-16.35	0.843421
-16.36	0.843415
-16.37	0.843409
-16.38	0.843402
-16.39	0.843396
-16.4	0.84339
-16.41	0.843383
-16.42	0.843377
-16.43	0.843371
-16.44	0.843364
-16.45	0.843358
-16.46	0.843352
-16.47	0.843346
-16.48	0.843339
-16.49	0.843333
-16.5	0.843327
-16.51	0.843321
-16.52	0.843315
-16.53	0.843308
-16.54	0.843302
-16.55	0.843296
-16.56	0.84329
-16.57	0.843284
-16.58	0.843277
-16.59	0.843271
-16.6	0.843265
-16.61	0.843259
-16.62	0.843253
-16.63	0.843247
-16.64	0.84324
-16.65	0.843234
-16.66	0.843228
-16.67	0.843222
-16.68	0.843216
-16.69	0.84321
-16.7	0.843204
-16.71	0.843198
-16.72	0.843192
-16.73	0.843186
-16.74	0.84318
-16.75	0.843174
-16.76	0.843168
-16.77	0.843162
-16.78	0.843155
-16.79	0.843149
-16.8	0.843143
-16.81	0.843137
-16.82	0.843131
-16.83	0.843125
-16.84	0.843119
-16.85	0.843113
-16.86	0.843108
-16.87	0.843102
-16.88	0.843096
-16.89	0.84309
-16.9	0.843084
-16.91	0.843078
-16.92	0.843072
-16.93	0.843066
-16.94	0.84306
-16.95	0.843054
-16.96	0.843048
-16.97	0.843042
-16.98	0.843036
-16.99	0.843031
-17	0.843025
-17.01	0.843019
-17.02	0.843013
-17.03	0.843007
-17.04	0.843001
-17.05	0.842995
-17.06	0.84299
-17.07	0.842984
-17.08	0.842978
-17.09	0.842972
-17.1	0.842966
-17.11	0.842961
-17.12	0.842955
-17.13	0.842949
-17.14	0.842943
-17.15	0.842938
-17.16	0.842932
-17.17	0.842926
-17.18	0.84292
-17.19	0.842915
-17.2	0.842909
-17.21	0.842903
-17.22	0.842897
-17.23	0.842892
-17.24	0.842886
-17.25	0.84288
-17.26	0.842875
-17.27	0.842869
-17.28	0.842863
-17.29	0.842857
-17.3	0.842852
-17.31	0.842846
-17.32	0.842841
-17.33	0.842835
-17.34	0.842829
-17.35	0.842824
-17.36	0.842818
-17.37	0.842812
-17.38	0.842807
-17.39	0.842801
-17.4	0.842796
-17.41	0.84279
-17.42	0.842784
-17.43	0.842779
-17.44	0.842773
-17.45	0.842768
-17.46	0.842762
-17.47	0.842757
-17.48	0.842751
-17.49	0.842745
-17.5	0.84274
-17.51	0.842734
-17.52	0.842729
-17.53	0.842723
-17.54	0.842718
-17.55	0.842712
-17.56	0.842707
-17.57	0.842701
-17.58	0.842696
-17.59	0.84269
-17.6	0.842685
-17.61	0.842679
-17.62	0.842674
-17.63	0.842669
-17.64	0.842663
-17.65	0.842658
-17.66	0.842652
-17.67	0.842647
-17.68	0.842641
-17.69	0.842636
-17.7	0.842631
-17.71	0.842625
-17.72	0.84262
-17.73	0.842614
-17.74	0.842609
-17.75	0.842604
-17.76	0.842598
-17.77	0.842593
-17.78	0.842587
-17.79	0.842582
-17.8	0.842577
-17.81	0.842571
-17.82	0.842566
-17.83	0.842561
-17.84	0.842555
-17.85	0.84255
-17.86	0.842545
-17.87	0.842539
-17.88	0.842534
-17.89	0.842529
-17.9	0.842524
-17.91	0.842518
-17.92	0.842513
-17.93	0.842508
-17.94	0.842503
-17.95	0.842497
-17.96	0.842492
-17.97	0.842487
-17.98	0.842482
-17.99	0.842476
-18	0.842471
-18.01	0.842466
-18.02	0.842461
-18.03	0.842455
-18.04	0.84245
-18.05	0.842445
-18.06	0.84244
-18.07	0.842435
-18.08	0.842429
-18.09	0.842424
-18.1	0.842419
-18.11	0.842414
-18.12	0.842409
-18.13	0.842404
-18.14	0.842398
-18.15	0.842393
-18.16	0.842388
-18.17	0.842383
-18.18	0.842378
-18.19	0.842373
-18.2	0.842368
-18.21	0.842363
-18.22	0.842358
-18.23	0.842352
-18.24	0.842347
-18.25	0.842342
-18.26	0.842337
-18.27	0.842332
-18.28	0.842327
-18.29	0.842322
-18.3	0.842317
-18.31	0.842312
-18.32	0.842307
-18.33	0.842302
-18.34	0.842297
-18.35	0.842292
-18.36	0.842287
-18.37	0.842282
-18.38	0.842277
-18.39	0.842272
-18.4	0.842267
-18.41	0.842262
-18.42	0.842257
-18.43	0.842252
-18.44	0.842247
-18.45	0.842242
-18.46	0.842237
-18.47	0.842232
-18.48	0.842227
-18.49	0.842222
-18.5	0.842217
-18.51	0.842212
-18.52	0.842207
-18.53	0.842202
-18.54	0.842197
-18.55	0.842192
-18.56	0.842187
-18.57	0.842182
-18.58	0.842178
-18.59	0.842173
-18.6	0.842168
-18.61	0.842163
-18.62	0.842158
-18.63	0.842153
-18.64	0.842148
-18.65	0.842143
-18.66	0.842138
-18.67	0.842134
-18.68	0.842129
-18.69	0.842124
-18.7	0.842119
-18.71	0.842114
-18.72	0.842109
-18.73	0.842105
-18.74	0.8421
-18.75	0.842095
-18.76	0.84209
-18.77	0.842085
-18.78	0.842081
-18.79	0.842076
-18.8	0.842071
-18.81	0.842066
-18.82	0.842061
-18.83	0.842057
-18.84	0.842052
-18.85	0.842047
-18.86	0.842042
-18.87	0.842038
-18.88	0.842033
-18.89	0.842028
-18.9	0.842023
-18.91	0.842019
-18.92	0.842014
-18.93	0.842009
-18.94	0.842004
-18.95	0.842
-18.96	0.841995
-18.97	0.84199
-18.98	0.841986
-18.99	0.841981
-19	0.841976
-19.01	0.841972
-19.02	0.841967
-19.03	0.841962
-19.04	0.841958
-19.05	0.841953
-19.06	0.841948
-19.07	0.841944
-19.08	0.841939
-19.09	0.841934
-19.1	0.84193
-19.11	0.841925
-19.12	0.84192
-19.13	0.841916
-19.14	0.841911
-19.15	0.841907
-19.16	0.841902
-19.17	0.841897
-19.18	0.841893
-19.19	0.841888
-19.2	0.841884
-19.21	0.841879
-19.22	0.841874
-19.23	0.84187
-19.24	0.841865
-19.25	0.841861
-19.26	0.841856
-19.27	0.841852
-19.28	0.841847
-19.29	0.841842
-19.3	0.841838
-19.31	0.841833
-19.32	0.841829
-19.33	0.841824
-19.34	0.84182
-19.35	0.841815
-19.36	0.841811
-19.37	0.841806
-19.38	0.841802
-19.39	0.841797
-19.4	0.841793
-19.41	0.841788
-19.42	0.841784
-19.43	0.841779
-19.44	0.841775
-19.45	0.84177
-19.46	0.841766
-19.47	0.841761
-19.48	0.841757
-19.49	0.841752
-19.5	0.841748
-19.51	0.841744
-19.52	0.841739
-19.53	0.841735
-19.54	0.84173
-19.55	0.841726
-19.56	0.841721
-19.57	0.841717
-19.58	0.841713
-19.59	0.841708
-19.6	0.841704
-19.61	0.841699
-19.62	0.841695
-19.63	0.841691
-19.64	0.841686
-19.65	0.841682
-19.66	0.841677
-19.67	0.841673
-19.68	0.841669
-19.69	0.841664
-19.7	0.84166
-19.71	0.841656
-19.72	0.841651
-19.73	0.841647
-19.74	0.841643
-19.75	0.841638
-19.76	0.841634
-19.77	0.84163
-19.78	0.841625
-19.79	0.841621
-19.8	0.841617
-19.81	0.841612
-19.82	0.841608
-19.83	0.841604
-19.84	0.841599
-19.85	0.841595
-19.86	0.841591
-19.87	0.841587
-19.88	0.841582
-19.89	0.841578
-19.9	0.841574
-19.91	0.84157
-19.92	0.841565
-19.93	0.841561
-19.94	0.841557
-19.95	0.841552
-19.96	0.841548
-19.97	0.841544
-19.98	0.84154
-19.99	0.841536
-20	0.841531
-20.01	0.841527
-20.02	0.841523
-20.03	0.841519
-20.04	0.841514
-20.05	0.84151
-20.06	0.841506
-20.07	0.841502
-20.08	0.841498
-20.09	0.841493
-20.1	0.841489
-20.11	0.841485
-20.12	0.841481
-20.13	0.841477
-20.14	0.841473
-20.15	0.841468
-20.16	0.841464
-20.17	0.84146
-20.18	0.841456
-20.19	0.841452
-20.2	0.841448
-20.21	0.841444
-20.22	0.841439
-20.23	0.841435
-20.24	0.841431
-20.25	0.841427
-20.26	0.841423
-20.27	0.841419
-20.28	0.841415
-20.29	0.841411
-20.3	0.841406
-20.31	0.841402
-20.32	0.841398
-20.33	0.841394
-20.34	0.84139
-20.35	0.841386
-20.36	0.841382
-20.37	0.841378
-20.38	0.841374
-20.39	0.84137
-20.4	0.841366
-20.41	0.841362
-20.42	0.841358
-20.43	0.841354
-20.44	0.841349
-20.45	0.841345
-20.46	0.841341
-20.47	0.841337
-20.48	0.841333
-20.49	0.841329
-20.5	0.841325
-20.51	0.841321
-20.52	0.841317
-20.53	0.841313
-20.54	0.841309
-20.55	0.841305
-20.56	0.841301
-20.57	0.841297
-20.58	0.841293
-20.59	0.841289
-20.6	0.841285
-20.61	0.841281
-20.62	0.841277
-20.63	0.841273
-20.64	0.841269
-20.65	0.841265
-20.66	0.841262
-20.67	0.841258
-20.68	0.841254
-20.69	0.84125
-20.7	0.841246
-20.71	0.841242
-20.72	0.841238
-20.73	0.841234
-20.74	0.84123
-20.75	0.841226
-20.76	0.841222
-20.77	0.841218
-20.78	0.841214
-20.79	0.84121
-20.8	0.841206
-20.81	0.841203
-20.82	0.841199
-20.83	0.841195
-20.84	0.841191
-20.85	0.841187
-20.86	0.841183
-20.87	0.841179
-20.88	0.841175
-20.89	0.841172
-20.9	0.841168
-20.91	0.841164
-20.92	0.84116
-20.93	0.841156
-20.94	0.841152
-20.95	0.841148
-20.96	0.841145
-20.97	0.841141
-20.98	0.841137
-20.99	0.841133
-21	0.841129
-21.01	0.841125
-21.02	0.841121
-21.03	0.841118
-21.04	0.841114
-21.05	0.84111
-21.06	0.841106
-21.07	0.841102
-21.08	0.841099
-21.09	0.841095
-21.1	0.841091
-21.11	0.841087
-21.12	0.841083
-21.13	0.84108
-21.14	0.841076
-21.15	0.841072
-21.16	0.841068
-21.17	0.841065
-21.18	0.841061
-21.19	0.841057
-21.2	0.841053
-21.21	0.84105
-21.22	0.841046
-21.23	0.841042
-21.24	0.841038
-21.25	0.841035
-21.26	0.841031
-21.27	0.841027
-21.28	0.841023
-21.29	0.84102
-21.3	0.841016
-21.31	0.841012
-21.32	0.841008
-21.33	0.841005
-21.34	0.841001
-21.35	0.840997
-21.36	0.840994
-21.37	0.84099
-21.38	0.840986
-21.39	0.840983
-21.4	0.840979
-21.41	0.840975
-21.42	0.840972
-21.43	0.840968
-21.44	0.840964
-21.45	0.840961
-21.46	0.840957
-21.47	0.840953
-21.48	0.84095
-21.49	0.840946
-21.5	0.840942
-21.51	0.840939
-21.52	0.840935
-21.53	0.840931
-21.54	0.840928
-21.55	0.840924
-21.56	0.84092
-21.57	0.840917
-21.58	0.840913
-21.59	0.840909
-21.6	0.840906
-21.61	0.840902
-21.62	0.840899
-21.63	0.840895
-21.64	0.840891
-21.65	0.840888
-21.66	0.840884
-21.67	0.840881
-21.68	0.840877
-21.69	0.840873
-21.7	0.84087
-21.71	0.840866
-21.72	0.840863
-21.73	0.840859
-21.74	0.840856
-21.75	0.840852
-21.76	0.840848
-21.77	0.840845
-21.78	0.840841
-21.79	0.840838
-21.8	0.840834
-21.81	0.840831
-21.82	0.840827
-21.83	0.840824
-21.84	0.84082
-21.85	0.840816
-21.86	0.840813
-21.87	0.840809
-21.88	0.840806
-21.89	0.840802
-21.9	0.840799
-21.91	0.840795
-21.92	0.840792
-21.93	0.840788
-21.94	0.840785
-21.95	0.840781
-21.96	0.840778
-21.97	0.840774
-21.98	0.840771
-21.99	0.840767
-22	0.840764
-22.01	0.84076
-22.02	0.840757
-22.03	0.840753
-22.04	0.84075
-22.05	0.840746
-22.06	0.840743
-22.07	0.840739
-22.08	0.840736
-22.09	0.840733
-22.1	0.840729
-22.11	0.840726
-22.12	0.840722
-22.13	0.840719
-22.14	0.840715
-22.15	0.840712
-22.16	0.840708
-22.17	0.840705
-22.18	0.840702
-22.19	0.840698
-22.2	0.840695
-22.21	0.840691
-22.22	0.840688
-22.23	0.840684
-22.24	0.840681
-22.25	0.840678
-22.26	0.840674
-22.27	0.840671
-22.28	0.840667
-22.29	0.840664
-22.3	0.840661
-22.31	0.840657
-22.32	0.840654
-22.33	0.84065
-22.34	0.840647
-22.35	0.840644
-22.36	0.84064
-22.37	0.840637
-22.38	0.840634
-22.39	0.84063
-22.4	0.840627
-22.41	0.840623
-22.42	0.84062
-22.43	0.840617
-22.44	0.840613
-22.45	0.84061
-22.46	0.840607
-22.47	0.840603
-22.48	0.8406
-22.49	0.840597
-22.5	0.840593
-22.51	0.84059
-22.52	0.840587
-22.53	0.840583
-22.54	0.84058
-22.55	0.840577
-22.56	0.840573
-22.57	0.84057
-22.58	0.840567
-22.59	0.840564
-22.6	0.84056
-22.61	0.840557
-22.62	0.840554
-22.63	0.84055
-22.64	0.840547
-22.65	0.840544
-22.66	0.84054
-22.67	0.840537
-22.68	0.840534
-22.69	0.840531
-22.7	0.840527
-22.71	0.840524
-22.72	0.840521
-22.73	0.840518
-22.74	0.840514
-22.75	0.840511
-22.76	0.840508
-22.77	0.840505
-22.78	0.840501
-22.79	0.840498
-22.8	0.840495
-22.81	0.840492
-22.82	0.840488
-22.83	0.840485
-22.84	0.840482
-22.85	0.840479
-22.86	0.840475
-22.87	0.840472
-22.88	0.840469
-22.89	0.840466
-22.9	0.840463
-22.91	0.840459
-22.92	0.840456
-22.93	0.840453
-22.94	0.84045
-22.95	0.840446
-22.96	0.840443
-22.97	0.84044
-22.98	0.840437
-22.99	0.840434
-23	0.84043
-23.01	0.840427
-23.02	0.840424
-23.03	0.840421
-23.04	0.840418
-23.05	0.840415
-23.06	0.840411
-23.07	0.840408
-23.08	0.840405
-23.09	0.840402
-23.1	0.840399
-23.11	0.840396
-23.12	0.840392
-23.13	0.840389
-23.14	0.840386
-23.15	0.840383
-23.16	0.84038
-23.17	0.840377
-23.18	0.840374
-23.19	0.84037
-23.2	0.840367
-23.21	0.840364
-23.22	0.840361
-23.23	0.840358
-23.24	0.840355
-23.25	0.840352
-23.26	0.840349
-23.27	0.840345
-23.28	0.840342
-23.29	0.840339
-23.3	0.840336
-23.31	0.840333
-23.32	0.84033
-23.33	0.840327
-23.34	0.840324
-23.35	0.840321
-23.36	0.840318
-23.37	0.840314
-23.38	0.840311
-23.39	0.840308
-23.4	0.840305
-23.41	0.840302
-23.42	0.840299
-23.43	0.840296
-23.44	0.840293
-23.45	0.84029
-23.46	0.840287
-23.47	0.840284
-23.48	0.840281
-23.49	0.840278
-23.5	0.840275
-23.51	0.840271
-23.52	0.840268
-23.53	0.840265
-23.54	0.840262
-23.55	0.840259
-23.56	0.840256
-23.57	0.840253
-23.58	0.84025
-23.59	0.840247
-23.6	0.840244
-23.61	0.840241
-23.62	0.840238
-23.63	0.840235
-23.64	0.840232
-23.65	0.840229
-23.66	0.840226
-23.67	0.840223
-23.68	0.84022
-23.69	0.840217
-23.7	0.840214
-23.71	0.840211
-23.72	0.840208
-23.73	0.840205
-23.74	0.840202
-23.75	0.840199
-23.76	0.840196
-23.77	0.840193
-23.78	0.84019
-23.79	0.840187
-23.8	0.840184
-23.81	0.840181
-23.82	0.840178
-23.83	0.840175
-23.84	0.840172
-23.85	0.840169
-23.86	0.840166
-23.87	0.840163
-23.88	0.84016
-23.89	0.840157
-23.9	0.840155
-23.91	0.840152
-23.92	0.840149
-23.93	0.840146
-23.94	0.840143
-23.95	0.84014
-23.96	0.840137
-23.97	0.840134
-23.98	0.840131
-23.99	0.840128
-24	0.840125
-24.01	0.840122
-24.02	0.840119
-24.03	0.840116
-24.04	0.840113
-24.05	0.840111
-24.06	0.840108
-24.07	0.840105
-24.08	0.840102
-24.09	0.840099
-24.1	0.840096
-24.11	0.840093
-24.12	0.84009
-24.13	0.840087
-24.14	0.840084
-24.15	0.840082
-24.16	0.840079
-24.17	0.840076
-24.18	0.840073
-24.19	0.84007
-24.2	0.840067
-24.21	0.840064
-24.22	0.840061
-24.23	0.840059
-24.24	0.840056
-24.25	0.840053
-24.26	0.84005
-24.27	0.840047
-24.28	0.840044
-24.29	0.840041
-24.3	0.840038
-24.31	0.840036
-24.32	0.840033
-24.33	0.84003
-24.34	0.840027
-24.35	0.840024
-24.36	0.840021
-24.37	0.840019
-24.38	0.840016
-24.39	0.840013
-24.4	0.84001
-24.41	0.840007
-24.42	0.840004
-24.43	0.840002
-24.44	0.839999
-24.45	0.839996
-24.46	0.839993
-24.47	0.83999
-24.48	0.839988
-24.49	0.839985
-24.5	0.839982
-24.51	0.839979
-24.52	0.839976
-24.53	0.839973
-24.54	0.839971
-24.55	0.839968
-24.56	0.839965
-24.57	0.839962
-24.58	0.83996
-24.59	0.839957
-24.6	0.839954
-24.61	0.839951
-24.62	0.839948
-24.63	0.839946
-24.64	0.839943
-24.65	0.83994
-24.66	0.839937
-24.67	0.839935
-24.68	0.839932
-24.69	0.839929
-24.7	0.839926
-24.71	0.839923
-24.72	0.839921
-24.73	0.839918
-24.74	0.839915
-24.75	0.839912
-24.76	0.83991
-24.77	0.839907
-24.78	0.839904
-24.79	0.839901
-24.8	0.839899
-24.81	0.839896
-24.82	0.839893
-24.83	0.839891
-24.84	0.839888
-24.85	0.839885
-24.86	0.839882
-24.87	0.83988
-24.88	0.839877
-24.89	0.839874
-24.9	0.839871
-24.91	0.839869
-24.92	0.839866
-24.93	0.839863
-24.94	0.839861
-24.95	0.839858
-24.96	0.839855
-24.97	0.839853
-24.98	0.83985
-24.99	0.839847
-25	0.839844
-25.01	0.839842
-25.02	0.839839
-25.03	0.839836
-25.04	0.839834
-25.05	0.839831
-25.06	0.839828
-25.07	0.839826
-25.08	0.839823
-25.09	0.83982
-25.1	0.839818
-25.11	0.839815
-25.12	0.839812
-25.13	0.83981
-25.14	0.839807
-25.15	0.839804
-25.16	0.839802
-25.17	0.839799
-25.18	0.839796
-25.19	0.839794
-25.2	0.839791
-25.21	0.839788
-25.22	0.839786
-25.23	0.839783
-25.24	0.83978
-25.25	0.839778
-25.26	0.839775
-25.27	0.839772
-25.28	0.83977
-25.29	0.839767
-25.3	0.839765
-25.31	0.839762
-25.32	0.839759
-25.33	0.839757
-25.34	0.839754
-25.35	0.839751
-25.36	0.839749
-25.37	0.839746
-25.38	0.839744
-25.39	0.839741
-25.4	0.839738
-25.41	0.839736
-25.42	0.839733
-25.43	0.839731
-25.44	0.839728
-25.45	0.839725
-25.46	0.839723
-25.47	0.83972
-25.48	0.839718
-25.49	0.839715
-25.5	0.839712
-25.51	0.83971
-25.52	0.839707
-25.53	0.839705
-25.54	0.839702
-25.55	0.839699
-25.56	0.839697
-25.57	0.839694
-25.58	0.839692
-25.59	0.839689
-25.6	0.839687
-25.61	0.839684
-25.62	0.839681
-25.63	0.839679
-25.64	0.839676
-25.65	0.839674
-25.66	0.839671
-25.67	0.839669
-25.68	0.839666
-25.69	0.839664
-25.7	0.839661
-25.71	0.839658
-25.72	0.839656
-25.73	0.839653
-25.74	0.839651
-25.75	0.839648
-25.76	0.839646
-25.77	0.839643
-25.78	0.839641
-25.79	0.839638
-25.8	0.839636
-25.81	0.839633
-25.82	0.83963
-25.83	0.839628
-25.84	0.839625
-25.85	0.839623
-25.86	0.83962
-25.87	0.839618
-25.88	0.839615
-25.89	0.839613
-25.9	0.83961
-25.91	0.839608
-25.92	0.839605
-25.93	0.839603
-25.94	0.8396
-25.95	0.839598
-25.96	0.839595
-25.97	0.839593
-25.98	0.83959
-25.99	0.839588
-26	0.839585
-26.01	0.839583
-26.02	0.83958
-26.03	0.839578
-26.04	0.839575
-26.05	0.839573
-26.06	0.83957
-26.07	0.839568
-26.08	0.839566
-26.09	0.839563
-26.1	0.839561
-26.11	0.839558
-26.12	0.839556
-26.13	0.839553
-26.14	0.839551
-26.15	0.839548
-26.16	0.839546
-26.17	0.839543
-26.18	0.839541
-26.19	0.839538
-26.2	0.839536
-26.21	0.839534
-26.22	0.839531
-26.23	0.839529
-26.24	0.839526
-26.25	0.839524
-26.26	0.839521
-26.27	0.839519
-26.28	0.839516
-26.29	0.839514
-26.3	0.839512
-26.31	0.839509
-26.32	0.839507
-26.33	0.839504
-26.34	0.839502
-26.35	0.839499
-26.36	0.839497
-26.37	0.839495
-26.38	0.839492
-26.39	0.83949
-26.4	0.839487
-26.41	0.839485
-26.42	0.839482
-26.43	0.83948
-26.44	0.839478
-26.45	0.839475
-26.46	0.839473
-26.47	0.83947
-26.48	0.839468
-26.49	0.839466
-26.5	0.839463
-26.51	0.839461
-26.52	0.839458
-26.53	0.839456
-26.54	0.839454
-26.55	0.839451
-26.56	0.839449
-26.57	0.839447
-26.58	0.839444
-26.59	0.839442
-26.6	0.839439
-26.61	0.839437
-26.62	0.839435
-26.63	0.839432
-26.64	0.83943
-26.65	0.839428
-26.66	0.839425
-26.67	0.839423
-26.68	0.83942
-26.69	0.839418
-26.7	0.839416
-26.71	0.839413
-26.72	0.839411
-26.73	0.839409
-26.74	0.839406
-26.75	0.839404
-26.76	0.839402
-26.77	0.839399
-26.78	0.839397
-26.79	0.839395
-26.8	0.839392
-26.81	0.83939
-26.82	0.839387
-26.83	0.839385
-26.84	0.839383
-26.85	0.839381
-26.86	0.839378
-26.87	0.839376
-26.88	0.839374
-26.89	0.839371
-26.9	0.839369
-26.91	0.839366
-26.92	0.839364
-26.93	0.839362
-26.94	0.83936
-26.95	0.839357
-26.96	0.839355
-26.97	0.839353
-26.98	0.83935
-26.99	0.839348
-27	0.839346
-27.01	0.839343
-27.02	0.839341
-27.03	0.839339
-27.04	0.839336
-27.05	0.839334
-27.06	0.839332
-27.07	0.83933
-27.08	0.839327
-27.09	0.839325
-27.1	0.839323
-27.11	0.83932
-27.12	0.839318
-27.13	0.839316
-27.14	0.839314
-27.15	0.839311
-27.16	0.839309
-27.17	0.839307
-27.18	0.839304
-27.19	0.839302
-27.2	0.8393
-27.21	0.839298
-27.22	0.839295
-27.23	0.839293
-27.24	0.839291
-27.25	0.839289
-27.26	0.839286
-27.27	0.839284
-27.28	0.839282
-27.29	0.839279
-27.3	0.839277
-27.31	0.839275
-27.32	0.839273
-27.33	0.83927
-27.34	0.839268
-27.35	0.839266
-27.36	0.839264
-27.37	0.839261
-27.38	0.839259
-27.39	0.839257
-27.4	0.839255
-27.41	0.839252
-27.42	0.83925
-27.43	0.839248
-27.44	0.839246
-27.45	0.839244
-27.46	0.839241
-27.47	0.839239
-27.48	0.839237
-27.49	0.839235
-27.5	0.839232
-27.51	0.83923
-27.52	0.839228
-27.53	0.839226
-27.54	0.839224
-27.55	0.839221
-27.56	0.839219
-27.57	0.839217
-27.58	0.839215
-27.59	0.839212
-27.6	0.83921
-27.61	0.839208
-27.62	0.839206
-27.63	0.839204
-27.64	0.839201
-27.65	0.839199
-27.66	0.839197
-27.67	0.839195
-27.68	0.839193
-27.69	0.83919
-27.7	0.839188
-27.71	0.839186
-27.72	0.839184
-27.73	0.839182
-27.74	0.83918
-27.75	0.839177
-27.76	0.839175
-27.77	0.839173
-27.78	0.839171
-27.79	0.839169
-27.8	0.839166
-27.81	0.839164
-27.82	0.839162
-27.83	0.83916
-27.84	0.839158
-27.85	0.839156
-27.86	0.839153
-27.87	0.839151
-27.88	0.839149
-27.89	0.839147
-27.9	0.839145
-27.91	0.839143
-27.92	0.83914
-27.93	0.839138
-27.94	0.839136
-27.95	0.839134
-27.96	0.839132
-27.97	0.83913
-27.98	0.839127
-27.99	0.839125
-28	0.839123
-28.01	0.839121
-28.02	0.839119
-28.03	0.839117
-28.04	0.839115
-28.05	0.839113
-28.06	0.83911
-28.07	0.839108
-28.08	0.839106
-28.09	0.839104
-28.1	0.839102
-28.11	0.8391
-28.12	0.839098
-28.13	0.839095
-28.14	0.839093
-28.15	0.839091
-28.16	0.839089
-28.17	0.839087
-28.18	0.839085
-28.19	0.839083
-28.2	0.839081
-28.21	0.839078
-28.22	0.839076
-28.23	0.839074
-28.24	0.839072
-28.25	0.83907
-28.26	0.839068
-28.27	0.839066
-28.28	0.839064
-28.29	0.839062
-28.3	0.83906
-28.31	0.839057
-28.32	0.839055
-28.33	0.839053
-28.34	0.839051
-28.35	0.839049
-28.36	0.839047
-28.37	0.839045
-28.38	0.839043
-28.39	0.839041
-28.4	0.839039
-28.41	0.839037
-28.42	0.839034
-28.43	0.839032
-28.44	0.83903
-28.45	0.839028
-28.46	0.839026
-28.47	0.839024
-28.48	0.839022
-28.49	0.83902
-28.5	0.839018
-28.51	0.839016
-28.52	0.839014
-28.53	0.839012
-28.54	0.83901
-28.55	0.839008
-28.56	0.839005
-28.57	0.839003
-28.58	0.839001
-28.59	0.838999
-28.6	0.838997
-28.61	0.838995
-28.62	0.838993
-28.63	0.838991
-28.64	0.838989
-28.65	0.838987
-28.66	0.838985
-28.67	0.838983
-28.68	0.838981
-28.69	0.838979
-28.7	0.838977
-28.71	0.838975
-28.72	0.838973
-28.73	0.838971
-28.74	0.838969
-28.75	0.838967
-28.76	0.838965
-28.77	0.838962
-28.78	0.83896
-28.79	0.838958
-28.8	0.838956
-28.81	0.838954
-28.82	0.838952
-28.83	0.83895
-28.84	0.838948
-28.85	0.838946
-28.86	0.838944
-28.87	0.838942
-28.88	0.83894
-28.89	0.838938
-28.9	0.838936
-28.91	0.838934
-28.92	0.838932
-28.93	0.83893
-28.94	0.838928
-28.95	0.838926
-28.96	0.838924
-28.97	0.838922
-28.98	0.83892
-28.99	0.838918
-29	0.838916
-29.01	0.838914
-29.02	0.838912
-29.03	0.83891
-29.04	0.838908
-29.05	0.838906
-29.06	0.838904
-29.07	0.838902
-29.08	0.8389
-29.09	0.838898
-29.1	0.838896
-29.11	0.838894
-29.12	0.838892
-29.13	0.83889
-29.14	0.838888
-29.15	0.838886
-29.16	0.838884
-29.17	0.838882
-29.18	0.83888
-29.19	0.838878
-29.2	0.838876
-29.21	0.838875
-29.22	0.838873
-29.23	0.838871
-29.24	0.838869
-29.25	0.838867
-29.26	0.838865
-29.27	0.838863
-29.28	0.838861
-29.29	0.838859
-29.3	0.838857
-29.31	0.838855
-29.32	0.838853
-29.33	0.838851
-29.34	0.838849
-29.35	0.838847
-29.36	0.838845
-29.37	0.838843
-29.38	0.838841
-29.39	0.838839
-29.4	0.838837
-29.41	0.838835
-29.42	0.838833
-29.43	0.838831
-29.44	0.83883
-29.45	0.838828
-29.46	0.838826
-29.47	0.838824
-29.48	0.838822
-29.49	0.83882
-29.5	0.838818
-29.51	0.838816
-29.52	0.838814
-29.53	0.838812
-29.54	0.83881
-29.55	0.838808
-29.56	0.838806
-29.57	0.838804
-29.58	0.838803
-29.59	0.838801
-29.6	0.838799
-29.61	0.838797
-29.62	0.838795
-29.63	0.838793
-29.64	0.838791
-29.65	0.838789
-29.66	0.838787
-29.67	0.838785
-29.68	0.838783
-29.69	0.838781
-29.7	0.83878
-29.71	0.838778
-29.72	0.838776
-29.73	0.838774
-29.74	0.838772
-29.75	0.83877
-29.76	0.838768
-29.77	0.838766
-29.78	0.838764
-29.79	0.838763
-29.8	0.838761
-29.81	0.838759
-29.82	0.838757
-29.83	0.838755
-29.84	0.838753
-29.85	0.838751
-29.86	0.838749
-29.87	0.838747
-29.88	0.838746
-29.89	0.838744
-29.9	0.838742
-29.91	0.83874
-29.92	0.838738
-29.93	0.838736
-29.94	0.838734
-29.95	0.838732
-29.96	0.838731
-29.97	0.838729
-29.98	0.838727
-29.99	0.838725
-30	0.838723
