x	y
30	1.10845
29.99	1.10846
29.98	1.10846
29.97	1.10846
29.96	1.10846
29.95	1.10847
29.94	1.10847
29.93	1.10847
29.92	1.10848
29.91	1.10848
29.9	1.10848
29.89	1.10849
29.88	1.10849
29.87	1.10849
29.86	1.10849
29.85	1.1085
29.84	1.1085
29.83	1.1085
29.82	1.10851
29.81	1.10851
29.8	1.10851
29.79	1.10852
29.78	1.10852
29.77	1.10852
29.76	1.10852
29.75	1.10853
29.74	1.10853
29.73	1.10853
29.72	1.10854
29.71	1.10854
29.7	1.10854
29.69	1.10855
29.68	1.10855
29.67	1.10855
29.66	1.10856
29.65	1.10856
29.64	1.10856
29.63	1.10856
29.62	1.10857
29.61	1.10857
29.6	1.10857
29.59	1.10858
29.58	1.10858
29.57	1.10858
29.56	1.10859
29.55	1.10859
29.54	1.10859
29.53	1.1086
29.52	1.1086
29.51	1.1086
29.5	1.1086
29.49	1.10861
29.48	1.10861
29.47	1.10861
29.46	1.10862
29.45	1.10862
29.44	1.10862
29.43	1.10863
29.42	1.10863
29.41	1.10863
29.4	1.10864
29.39	1.10864
29.38	1.10864
29.37	1.10865
29.36	1.10865
29.35	1.10865
29.34	1.10865
29.33	1.10866
29.32	1.10866
29.31	1.10866
29.3	1.10867
29.29	1.10867
29.28	1.10867
29.27	1.10868
29.26	1.10868
29.25	1.10868
29.24	1.10869
29.23	1.10869
29.22	1.10869
29.21	1.1087
29.2	1.1087
29.19	1.1087
29.18	1.10871
29.17	1.10871
29.16	1.10871
29.15	1.10872
29.14	1.10872
29.13	1.10872
29.12	1.10872
29.11	1.10873
29.1	1.10873
29.09	1.10873
29.08	1.10874
29.07	1.10874
29.06	1.10874
29.05	1.10875
29.04	1.10875
29.03	1.10875
29.02	1.10876
29.01	1.10876
29	1.10876
28.99	1.10877
28.98	1.10877
28.97	1.10877
28.96	1.10878
28.95	1.10878
28.94	1.10878
28.93	1.10879
28.92	1.10879
28.91	1.10879
28.9	1.1088
28.89	1.1088
28.88	1.1088
28.87	1.10881
28.86	1.10881
28.85	1.10881
28.84	1.10881
28.83	1.10882
28.82	1.10882
28.81	1.10882
28.8	1.10883
28.79	1.10883
28.78	1.10883
28.77	1.10884
28.76	1.10884
28.75	1.10884
28.74	1.10885
28.73	1.10885
28.72	1.10885
28.71	1.10886
28.7	1.10886
28.69	1.10886
28.68	1.10887
28.67	1.10887
28.66	1.10887
28.65	1.10888
28.64	1.10888
28.63	1.10888
28.62	1.10889
28.61	1.10889
28.6	1.10889
28.59	1.1089
28.58	1.1089
28.57	1.1089
28.56	1.10891
28.55	1.10891
28.54	1.10891
28.53	1.10892
28.52	1.10892
28.51	1.10892
28.5	1.10893
28.49	1.10893
28.48	1.10893
28.47	1.10894
28.46	1.10894
28.45	1.10894
28.44	1.10895
28.43	1.10895
28.42	1.10895
28.41	1.10896
28.4	1.10896
28.39	1.10896
28.38	1.10897
28.37	1.10897
28.36	1.10897
28.35	1.10898
28.34	1.10898
28.33	1.10898
28.32	1.10899
28.31	1.10899
28.3	1.10899
28.29	1.109
28.28	1.109
28.27	1.109
28.26	1.10901
28.25	1.10901
28.24	1.10901
28.23	1.10902
28.22	1.10902
28.21	1.10902
28.2	1.10903
28.19	1.10903
28.18	1.10903
28.17	1.10904
28.16	1.10904
28.15	1.10905
28.14	1.10905
28.13	1.10905
28.12	1.10906
28.11	1.10906
28.1	1.10906
28.09	1.10907
28.08	1.10907
28.07	1.10907
28.06	1.10908
28.05	1.10908
28.04	1.10908
28.03	1.10909
28.02	1.10909
28.01	1.10909
28	1.1091
27.99	1.1091
27.98	1.1091
27.97	1.10911
27.96	1.10911
27.95	1.10911
27.94	1.10912
27.93	1.10912
27.92	1.10912
27.91	1.10913
27.9	1.10913
27.89	1.10913
27.88	1.10914
27.87	1.10914
27.86	1.10915
27.85	1.10915
27.84	1.10915
27.83	1.10916
27.82	1.10916
27.81	1.10916
27.8	1.10917
27.79	1.10917
27.78	1.10917
27.77	1.10918
27.76	1.10918
27.75	1.10918
27.74	1.10919
27.73	1.10919
27.72	1.10919
27.71	1.1092
27.7	1.1092
27.69	1.1092
27.68	1.10921
27.67	1.10921
27.66	1.10922
27.65	1.10922
27.64	1.10922
27.63	1.10923
27.62	1.10923
27.61	1.10923
27.6	1.10924
27.59	1.10924
27.58	1.10924
27.57	1.10925
27.56	1.10925
27.55	1.10925
27.54	1.10926
27.53	1.10926
27.52	1.10927
27.51	1.10927
27.5	1.10927
27.49	1.10928
27.48	1.10928
27.47	1.10928
27.46	1.10929
27.45	1.10929
27.44	1.10929
27.43	1.1093
27.42	1.1093
27.41	1.1093
27.4	1.10931
27.39	1.10931
27.38	1.10932
27.37	1.10932
27.36	1.10932
27.35	1.10933
27.34	1.10933
27.33	1.10933
27.32	1.10934
27.31	1.10934
27.3	1.10934
27.29	1.10935
27.28	1.10935
27.27	1.10936
27.26	1.10936
27.25	1.10936
27.24	1.10937
27.23	1.10937
27.22	1.10937
27.21	1.10938
27.2	1.10938
27.19	1.10938
27.18	1.10939
27.17	1.10939
27.16	1.1094
27.15	1.1094
27.14	1.1094
27.13	1.10941
27.12	1.10941
27.11	1.10941
27.1	1.10942
27.09	1.10942
27.08	1.10943
27.07	1.10943
27.06	1.10943
27.05	1.10944
27.04	1.10944
27.03	1.10944
27.02	1.10945
27.01	1.10945
27	1.10945
26.99	1.10946
26.98	1.10946
26.97	1.10947
26.96	1.10947
26.95	1.10947
26.94	1.10948
26.93	1.10948
26.92	1.10948
26.91	1.10949
26.9	1.10949
26.89	1.1095
26.88	1.1095
26.87	1.1095
26.86	1.10951
26.85	1.10951
26.84	1.10951
26.83	1.10952
26.82	1.10952
26.81	1.10953
26.8	1.10953
26.79	1.10953
26.78	1.10954
26.77	1.10954
26.76	1.10954
26.75	1.10955
26.74	1.10955
26.73	1.10956
26.72	1.10956
26.71	1.10956
26.7	1.10957
26.69	1.10957
26.68	1.10958
26.67	1.10958
26.66	1.10958
26.65	1.10959
26.64	1.10959
26.63	1.10959
26.62	1.1096
26.61	1.1096
26.6	1.10961
26.59	1.10961
26.58	1.10961
26.57	1.10962
26.56	1.10962
26.55	1.10963
26.54	1.10963
26.53	1.10963
26.52	1.10964
26.51	1.10964
26.5	1.10964
26.49	1.10965
26.48	1.10965
26.47	1.10966
26.46	1.10966
26.45	1.10966
26.44	1.10967
26.43	1.10967
26.42	1.10968
26.41	1.10968
26.4	1.10968
26.39	1.10969
26.38	1.10969
26.37	1.10969
26.36	1.1097
26.35	1.1097
26.34	1.10971
26.33	1.10971
26.32	1.10971
26.31	1.10972
26.3	1.10972
26.29	1.10973
26.28	1.10973
26.27	1.10973
26.26	1.10974
26.25	1.10974
26.24	1.10975
26.23	1.10975
26.22	1.10975
26.21	1.10976
26.2	1.10976
26.19	1.10977
26.18	1.10977
26.17	1.10977
26.16	1.10978
26.15	1.10978
26.14	1.10979
26.13	1.10979
26.12	1.10979
26.11	1.1098
26.1	1.1098
26.09	1.10981
26.08	1.10981
26.07	1.10981
26.06	1.10982
26.05	1.10982
26.04	1.10983
26.03	1.10983
26.02	1.10983
26.01	1.10984
26	1.10984
25.99	1.10985
25.98	1.10985
25.97	1.10985
25.96	1.10986
25.95	1.10986
25.94	1.10987
25.93	1.10987
25.92	1.10987
25.91	1.10988
25.9	1.10988
25.89	1.10989
25.88	1.10989
25.87	1.10989
25.86	1.1099
25.85	1.1099
25.84	1.10991
25.83	1.10991
25.82	1.10991
25.81	1.10992
25.8	1.10992
25.79	1.10993
25.78	1.10993
25.77	1.10993
25.76	1.10994
25.75	1.10994
25.74	1.10995
25.73	1.10995
25.72	1.10995
25.71	1.10996
25.7	1.10996
25.69	1.10997
25.68	1.10997
25.67	1.10998
25.66	1.10998
25.65	1.10998
25.64	1.10999
25.63	1.10999
25.62	1.11
25.61	1.11
25.6	1.11
25.59	1.11001
25.58	1.11001
25.57	1.11002
25.56	1.11002
25.55	1.11002
25.54	1.11003
25.53	1.11003
25.52	1.11004
25.51	1.11004
25.5	1.11005
25.49	1.11005
25.48	1.11005
25.47	1.11006
25.46	1.11006
25.45	1.11007
25.44	1.11007
25.43	1.11007
25.42	1.11008
25.41	1.11008
25.4	1.11009
25.39	1.11009
25.38	1.1101
25.37	1.1101
25.36	1.1101
25.35	1.11011
25.34	1.11011
25.33	1.11012
25.32	1.11012
25.31	1.11013
25.3	1.11013
25.29	1.11013
25.28	1.11014
25.27	1.11014
25.26	1.11015
25.25	1.11015
25.24	1.11016
25.23	1.11016
25.22	1.11016
25.21	1.11017
25.2	1.11017
25.19	1.11018
25.18	1.11018
25.17	1.11019
25.16	1.11019
25.15	1.11019
25.14	1.1102
25.13	1.1102
25.12	1.11021
25.11	1.11021
25.1	1.11022
25.09	1.11022
25.08	1.11022
25.07	1.11023
25.06	1.11023
25.05	1.11024
25.04	1.11024
25.03	1.11025
25.02	1.11025
25.01	1.11025
25	1.11026
24.99	1.11026
24.98	1.11027
24.97	1.11027
24.96	1.11028
24.95	1.11028
24.94	1.11028
24.93	1.11029
24.92	1.11029
24.91	1.1103
24.9	1.1103
24.89	1.11031
24.88	1.11031
24.87	1.11032
24.86	1.11032
24.85	1.11032
24.84	1.11033
24.83	1.11033
24.82	1.11034
24.81	1.11034
24.8	1.11035
24.79	1.11035
24.78	1.11035
24.77	1.11036
24.76	1.11036
24.75	1.11037
24.74	1.11037
24.73	1.11038
24.72	1.11038
24.71	1.11039
24.7	1.11039
24.69	1.11039
24.68	1.1104
24.67	1.1104
24.66	1.11041
24.65	1.11041
24.64	1.11042
24.63	1.11042
24.62	1.11043
24.61	1.11043
24.6	1.11043
24.59	1.11044
24.58	1.11044
24.57	1.11045
24.56	1.11045
24.55	1.11046
24.54	1.11046
24.53	1.11047
24.52	1.11047
24.51	1.11048
24.5	1.11048
24.49	1.11048
24.48	1.11049
24.47	1.11049
24.46	1.1105
24.45	1.1105
24.44	1.11051
24.43	1.11051
24.42	1.11052
24.41	1.11052
24.4	1.11053
24.39	1.11053
24.38	1.11053
24.37	1.11054
24.36	1.11054
24.35	1.11055
24.34	1.11055
24.33	1.11056
24.32	1.11056
24.31	1.11057
24.3	1.11057
24.29	1.11058
24.28	1.11058
24.27	1.11058
24.26	1.11059
24.25	1.11059
24.24	1.1106
24.23	1.1106
24.22	1.11061
24.21	1.11061
24.2	1.11062
24.19	1.11062
24.18	1.11063
24.17	1.11063
24.16	1.11064
24.15	1.11064
24.14	1.11065
24.13	1.11065
24.12	1.11065
24.11	1.11066
24.1	1.11066
24.09	1.11067
24.08	1.11067
24.07	1.11068
24.06	1.11068
24.05	1.11069
24.04	1.11069
24.03	1.1107
24.02	1.1107
24.01	1.11071
24	1.11071
23.99	1.11072
23.98	1.11072
23.97	1.11072
23.96	1.11073
23.95	1.11073
23.94	1.11074
23.93	1.11074
23.92	1.11075
23.91	1.11075
23.9	1.11076
23.89	1.11076
23.88	1.11077
23.87	1.11077
23.86	1.11078
23.85	1.11078
23.84	1.11079
23.83	1.11079
23.82	1.1108
23.81	1.1108
23.8	1.11081
23.79	1.11081
23.78	1.11082
23.77	1.11082
23.76	1.11082
23.75	1.11083
23.74	1.11083
23.73	1.11084
23.72	1.11084
23.71	1.11085
23.7	1.11085
23.69	1.11086
23.68	1.11086
23.67	1.11087
23.66	1.11087
23.65	1.11088
23.64	1.11088
23.63	1.11089
23.62	1.11089
23.61	1.1109
23.6	1.1109
23.59	1.11091
23.58	1.11091
23.57	1.11092
23.56	1.11092
23.55	1.11093
23.54	1.11093
23.53	1.11094
23.52	1.11094
23.51	1.11095
23.5	1.11095
23.49	1.11096
23.48	1.11096
23.47	1.11097
23.46	1.11097
23.45	1.11098
23.44	1.11098
23.43	1.11099
23.42	1.11099
23.41	1.111
23.4	1.111
23.39	1.11101
23.38	1.11101
23.37	1.11102
23.36	1.11102
23.35	1.11103
23.34	1.11103
23.33	1.11104
23.32	1.11104
23.31	1.11105
23.3	1.11105
23.29	1.11106
23.28	1.11106
23.27	1.11107
23.26	1.11107
23.25	1.11108
23.24	1.11108
23.23	1.11109
23.22	1.11109
23.21	1.1111
23.2	1.1111
23.19	1.11111
23.18	1.11111
23.17	1.11112
23.16	1.11112
23.15	1.11113
23.14	1.11113
23.13	1.11114
23.12	1.11114
23.11	1.11115
23.1	1.11115
23.09	1.11116
23.08	1.11116
23.07	1.11117
23.06	1.11117
23.05	1.11118
23.04	1.11118
23.03	1.11119
23.02	1.11119
23.01	1.1112
23	1.1112
22.99	1.11121
22.98	1.11121
22.97	1.11122
22.96	1.11122
22.95	1.11123
22.94	1.11123
22.93	1.11124
22.92	1.11124
22.91	1.11125
22.9	1.11125
22.89	1.11126
22.88	1.11126
22.87	1.11127
22.86	1.11128
22.85	1.11128
22.84	1.11129
22.83	1.11129
22.82	1.1113
22.81	1.1113
22.8	1.11131
22.79	1.11131
22.78	1.11132
22.77	1.11132
22.76	1.11133
22.75	1.11133
22.74	1.11134
22.73	1.11134
22.72	1.11135
22.71	1.11135
22.7	1.11136
22.69	1.11136
22.68	1.11137
22.67	1.11137
22.66	1.11138
22.65	1.11139
22.64	1.11139
22.63	1.1114
22.62	1.1114
22.61	1.11141
22.6	1.11141
22.59	1.11142
22.58	1.11142
22.57	1.11143
22.56	1.11143
22.55	1.11144
22.54	1.11144
22.53	1.11145
22.52	1.11145
22.51	1.11146
22.5	1.11147
22.49	1.11147
22.48	1.11148
22.47	1.11148
22.46	1.11149
22.45	1.11149
22.44	1.1115
22.43	1.1115
22.42	1.11151
22.41	1.11151
22.4	1.11152
22.39	1.11152
22.38	1.11153
22.37	1.11154
22.36	1.11154
22.35	1.11155
22.34	1.11155
22.33	1.11156
22.32	1.11156
22.31	1.11157
22.3	1.11157
22.29	1.11158
22.28	1.11158
22.27	1.11159
22.26	1.1116
22.25	1.1116
22.24	1.11161
22.23	1.11161
22.22	1.11162
22.21	1.11162
22.2	1.11163
22.19	1.11163
22.18	1.11164
22.17	1.11165
22.16	1.11165
22.15	1.11166
22.14	1.11166
22.13	1.11167
22.12	1.11167
22.11	1.11168
22.1	1.11168
22.09	1.11169
22.08	1.1117
22.07	1.1117
22.06	1.11171
22.05	1.11171
22.04	1.11172
22.03	1.11172
22.02	1.11173
22.01	1.11173
22	1.11174
21.99	1.11175
21.98	1.11175
21.97	1.11176
21.96	1.11176
21.95	1.11177
21.94	1.11177
21.93	1.11178
21.92	1.11179
21.91	1.11179
21.9	1.1118
21.89	1.1118
21.88	1.11181
21.87	1.11181
21.86	1.11182
21.85	1.11182
21.84	1.11183
21.83	1.11184
21.82	1.11184
21.81	1.11185
21.8	1.11185
21.79	1.11186
21.78	1.11186
21.77	1.11187
21.76	1.11188
21.75	1.11188
21.74	1.11189
21.73	1.11189
21.72	1.1119
21.71	1.1119
21.7	1.11191
21.69	1.11192
21.68	1.11192
21.67	1.11193
21.66	1.11193
21.65	1.11194
21.64	1.11195
21.63	1.11195
21.62	1.11196
21.61	1.11196
21.6	1.11197
21.59	1.11197
21.58	1.11198
21.57	1.11199
21.56	1.11199
21.55	1.112
21.54	1.112
21.53	1.11201
21.52	1.11202
21.51	1.11202
21.5	1.11203
21.49	1.11203
21.48	1.11204
21.47	1.11205
21.46	1.11205
21.45	1.11206
21.44	1.11206
21.43	1.11207
21.42	1.11207
21.41	1.11208
21.4	1.11209
21.39	1.11209
21.38	1.1121
21.37	1.1121
21.36	1.11211
21.35	1.11212
21.34	1.11212
21.33	1.11213
21.32	1.11213
21.31	1.11214
21.3	1.11215
21.29	1.11215
21.28	1.11216
21.27	1.11216
21.26	1.11217
21.25	1.11218
21.24	1.11218
21.23	1.11219
21.22	1.11219
21.21	1.1122
21.2	1.11221
21.19	1.11221
21.18	1.11222
21.17	1.11222
21.16	1.11223
21.15	1.11224
21.14	1.11224
21.13	1.11225
21.12	1.11226
21.11	1.11226
21.1	1.11227
21.09	1.11227
21.08	1.11228
21.07	1.11229
21.06	1.11229
21.05	1.1123
21.04	1.1123
21.03	1.11231
21.02	1.11232
21.01	1.11232
21	1.11233
20.99	1.11233
20.98	1.11234
20.97	1.11235
20.96	1.11235
20.95	1.11236
20.94	1.11237
20.93	1.11237
20.92	1.11238
20.91	1.11238
20.9	1.11239
20.89	1.1124
20.88	1.1124
20.87	1.11241
20.86	1.11242
20.85	1.11242
20.84	1.11243
20.83	1.11243
20.82	1.11244
20.81	1.11245
20.8	1.11245
20.79	1.11246
20.78	1.11247
20.77	1.11247
20.76	1.11248
20.75	1.11248
20.74	1.11249
20.73	1.1125
20.72	1.1125
20.71	1.11251
20.7	1.11252
20.69	1.11252
20.68	1.11253
20.67	1.11254
20.66	1.11254
20.65	1.11255
20.64	1.11255
20.63	1.11256
20.62	1.11257
20.61	1.11257
20.6	1.11258
20.59	1.11259
20.58	1.11259
20.57	1.1126
20.56	1.11261
20.55	1.11261
20.54	1.11262
20.53	1.11263
20.52	1.11263
20.51	1.11264
20.5	1.11264
20.49	1.11265
20.48	1.11266
20.47	1.11266
20.46	1.11267
20.45	1.11268
20.44	1.11268
20.43	1.11269
20.42	1.1127
20.41	1.1127
20.4	1.11271
20.39	1.11272
20.38	1.11272
20.37	1.11273
20.36	1.11274
20.35	1.11274
20.34	1.11275
20.33	1.11276
20.32	1.11276
20.31	1.11277
20.3	1.11278
20.29	1.11278
20.28	1.11279
20.27	1.1128
20.26	1.1128
20.25	1.11281
20.24	1.11282
20.23	1.11282
20.22	1.11283
20.21	1.11284
20.2	1.11284
20.19	1.11285
20.18	1.11286
20.17	1.11286
20.16	1.11287
20.15	1.11288
20.14	1.11288
20.13	1.11289
20.12	1.1129
20.11	1.1129
20.1	1.11291
20.09	1.11292
20.08	1.11292
20.07	1.11293
20.06	1.11294
20.05	1.11294
20.04	1.11295
20.03	1.11296
20.02	1.11296
20.01	1.11297
20	1.11298
19.99	1.11298
19.98	1.11299
19.97	1.113
19.96	1.113
19.95	1.11301
19.94	1.11302
19.93	1.11302
19.92	1.11303
19.91	1.11304
19.9	1.11305
19.89	1.11305
19.88	1.11306
19.87	1.11307
19.86	1.11307
19.85	1.11308
19.84	1.11309
19.83	1.11309
19.82	1.1131
19.81	1.11311
19.8	1.11311
19.79	1.11312
19.78	1.11313
19.77	1.11314
19.76	1.11314
19.75	1.11315
19.74	1.11316
19.73	1.11316
19.72	1.11317
19.71	1.11318
19.7	1.11318
19.69	1.11319
19.68	1.1132
19.67	1.11321
19.66	1.11321
19.65	1.11322
19.64	1.11323
19.63	1.11323
19.62	1.11324
19.61	1.11325
19.6	1.11326
19.59	1.11326
19.58	1.11327
19.57	1.11328
19.56	1.11328
19.55	1.11329
19.54	1.1133
19.53	1.1133
19.52	1.11331
19.51	1.11332
19.5	1.11333
19.49	1.11333
19.48	1.11334
19.47	1.11335
19.46	1.11336
19.45	1.11336
19.44	1.11337
19.43	1.11338
19.42	1.11338
19.41	1.11339
19.4	1.1134
19.39	1.11341
19.38	1.11341
19.37	1.11342
19.36	1.11343
19.35	1.11343
19.34	1.11344
19.33	1.11345
19.32	1.11346
19.31	1.11346
19.3	1.11347
19.29	1.11348
19.28	1.11349
19.27	1.11349
19.26	1.1135
19.25	1.11351
19.24	1.11352
19.23	1.11352
19.22	1.11353
19.21	1.11354
19.2	1.11354
19.19	1.11355
19.18	1.11356
19.17	1.11357
19.16	1.11357
19.15	1.11358
19.14	1.11359
19.13	1.1136
19.12	1.1136
19.11	1.11361
19.1	1.11362
19.09	1.11363
19.08	1.11363
19.07	1.11364
19.06	1.11365
19.05	1.11366
19.04	1.11366
19.03	1.11367
19.02	1.11368
19.01	1.11369
19	1.11369
18.99	1.1137
18.98	1.11371
18.97	1.11372
18.96	1.11372
18.95	1.11373
18.94	1.11374
18.93	1.11375
18.92	1.11376
18.91	1.11376
18.9	1.11377
18.89	1.11378
18.88	1.11379
18.87	1.11379
18.86	1.1138
18.85	1.11381
18.84	1.11382
18.83	1.11382
18.82	1.11383
18.81	1.11384
18.8	1.11385
18.79	1.11385
18.78	1.11386
18.77	1.11387
18.76	1.11388
18.75	1.11389
18.74	1.11389
18.73	1.1139
18.72	1.11391
18.71	1.11392
18.7	1.11392
18.69	1.11393
18.68	1.11394
18.67	1.11395
18.66	1.11396
18.65	1.11396
18.64	1.11397
18.63	1.11398
18.62	1.11399
18.61	1.114
18.6	1.114
18.59	1.11401
18.58	1.11402
18.57	1.11403
18.56	1.11403
18.55	1.11404
18.54	1.11405
18.53	1.11406
18.52	1.11407
18.51	1.11407
18.5	1.11408
18.49	1.11409
18.48	1.1141
18.47	1.11411
18.46	1.11411
18.45	1.11412
18.44	1.11413
18.43	1.11414
18.42	1.11415
18.41	1.11415
18.4	1.11416
18.39	1.11417
18.38	1.11418
18.37	1.11419
18.36	1.11419
18.35	1.1142
18.34	1.11421
18.33	1.11422
18.32	1.11423
18.31	1.11424
18.3	1.11424
18.29	1.11425
18.28	1.11426
18.27	1.11427
18.26	1.11428
18.25	1.11428
18.24	1.11429
18.23	1.1143
18.22	1.11431
18.21	1.11432
18.2	1.11433
18.19	1.11433
18.18	1.11434
18.17	1.11435
18.16	1.11436
18.15	1.11437
18.14	1.11438
18.13	1.11438
18.12	1.11439
18.11	1.1144
18.1	1.11441
18.09	1.11442
18.08	1.11443
18.07	1.11443
18.06	1.11444
18.05	1.11445
18.04	1.11446
18.03	1.11447
18.02	1.11448
18.01	1.11448
18	1.11449
17.99	1.1145
17.98	1.11451
17.97	1.11452
17.96	1.11453
17.95	1.11453
17.94	1.11454
17.93	1.11455
17.92	1.11456
17.91	1.11457
17.9	1.11458
17.89	1.11459
17.88	1.11459
17.87	1.1146
17.86	1.11461
17.85	1.11462
17.84	1.11463
17.83	1.11464
17.82	1.11465
17.81	1.11465
17.8	1.11466
17.79	1.11467
17.78	1.11468
17.77	1.11469
17.76	1.1147
17.75	1.11471
17.74	1.11471
17.73	1.11472
17.72	1.11473
17.71	1.11474
17.7	1.11475
17.69	1.11476
17.68	1.11477
17.67	1.11478
17.66	1.11478
17.65	1.11479
17.64	1.1148
17.63	1.11481
17.62	1.11482
17.61	1.11483
17.6	1.11484
17.59	1.11485
17.58	1.11485
17.57	1.11486
17.56	1.11487
17.55	1.11488
17.54	1.11489
17.53	1.1149
17.52	1.11491
17.51	1.11492
17.5	1.11493
17.49	1.11493
17.48	1.11494
17.47	1.11495
17.46	1.11496
17.45	1.11497
17.44	1.11498
17.43	1.11499
17.42	1.115
17.41	1.11501
17.4	1.11502
17.39	1.11502
17.38	1.11503
17.37	1.11504
17.36	1.11505
17.35	1.11506
17.34	1.11507
17.33	1.11508
17.32	1.11509
17.31	1.1151
17.3	1.11511
17.29	1.11512
17.28	1.11512
17.27	1.11513
17.26	1.11514
17.25	1.11515
17.24	1.11516
17.23	1.11517
17.22	1.11518
17.21	1.11519
17.2	1.1152
17.19	1.11521
17.18	1.11522
17.17	1.11523
17.16	1.11524
17.15	1.11524
17.14	1.11525
17.13	1.11526
17.12	1.11527
17.11	1.11528
17.1	1.11529
17.09	1.1153
17.08	1.11531
17.07	1.11532
17.06	1.11533
17.05	1.11534
17.04	1.11535
17.03	1.11536
17.02	1.11537
17.01	1.11538
17	1.11539
16.99	1.11539
16.98	1.1154
16.97	1.11541
16.96	1.11542
16.95	1.11543
16.94	1.11544
16.93	1.11545
16.92	1.11546
16.91	1.11547
16.9	1.11548
16.89	1.11549
16.88	1.1155
16.87	1.11551
16.86	1.11552
16.85	1.11553
16.84	1.11554
16.83	1.11555
16.82	1.11556
16.81	1.11557
16.8	1.11558
16.79	1.11559
16.78	1.1156
16.77	1.11561
16.76	1.11562
16.75	1.11563
16.74	1.11564
16.73	1.11564
16.72	1.11565
16.71	1.11566
16.7	1.11567
16.69	1.11568
16.68	1.11569
16.67	1.1157
16.66	1.11571
16.65	1.11572
16.64	1.11573
16.63	1.11574
16.62	1.11575
16.61	1.11576
16.6	1.11577
16.59	1.11578
16.58	1.11579
16.57	1.1158
16.56	1.11581
16.55	1.11582
16.54	1.11583
16.53	1.11584
16.52	1.11585
16.51	1.11586
16.5	1.11587
16.49	1.11588
16.48	1.11589
16.47	1.1159
16.46	1.11591
16.45	1.11592
16.44	1.11593
16.43	1.11594
16.42	1.11595
16.41	1.11596
16.4	1.11597
16.39	1.11598
16.38	1.11599
16.37	1.116
16.36	1.11601
16.35	1.11602
16.34	1.11604
16.33	1.11605
16.32	1.11606
16.31	1.11607
16.3	1.11608
16.29	1.11609
16.28	1.1161
16.27	1.11611
16.26	1.11612
16.25	1.11613
16.24	1.11614
16.23	1.11615
16.22	1.11616
16.21	1.11617
16.2	1.11618
16.19	1.11619
16.18	1.1162
16.17	1.11621
16.16	1.11622
16.15	1.11623
16.14	1.11624
16.13	1.11625
16.12	1.11626
16.11	1.11627
16.1	1.11628
16.09	1.1163
16.08	1.11631
16.07	1.11632
16.06	1.11633
16.05	1.11634
16.04	1.11635
16.03	1.11636
16.02	1.11637
16.01	1.11638
16	1.11639
15.99	1.1164
15.98	1.11641
15.97	1.11642
15.96	1.11643
15.95	1.11644
15.94	1.11646
15.93	1.11647
15.92	1.11648
15.91	1.11649
15.9	1.1165
15.89	1.11651
15.88	1.11652
15.87	1.11653
15.86	1.11654
15.85	1.11655
15.84	1.11656
15.83	1.11658
15.82	1.11659
15.81	1.1166
15.8	1.11661
15.79	1.11662
15.78	1.11663
15.77	1.11664
15.76	1.11665
15.75	1.11666
15.74	1.11667
15.73	1.11669
15.72	1.1167
15.71	1.11671
15.7	1.11672
15.69	1.11673
15.68	1.11674
15.67	1.11675
15.66	1.11676
15.65	1.11677
15.64	1.11679
15.63	1.1168
15.62	1.11681
15.61	1.11682
15.6	1.11683
15.59	1.11684
15.58	1.11685
15.57	1.11686
15.56	1.11688
15.55	1.11689
15.54	1.1169
15.53	1.11691
15.52	1.11692
15.51	1.11693
15.5	1.11694
15.49	1.11695
15.48	1.11697
15.47	1.11698
15.46	1.11699
15.45	1.117
15.44	1.11701
15.43	1.11702
15.42	1.11704
15.41	1.11705
15.4	1.11706
15.39	1.11707
15.38	1.11708
15.37	1.11709
15.36	1.1171
15.35	1.11712
15.34	1.11713
15.33	1.11714
15.32	1.11715
15.31	1.11716
15.3	1.11717
15.29	1.11719
15.28	1.1172
15.27	1.11721
15.26	1.11722
15.25	1.11723
15.24	1.11725
15.23	1.11726
15.22	1.11727
15.21	1.11728
15.2	1.11729
15.19	1.1173
15.18	1.11732
15.17	1.11733
15.16	1.11734
15.15	1.11735
15.14	1.11736
15.13	1.11738
15.12	1.11739
15.11	1.1174
15.1	1.11741
15.09	1.11742
15.08	1.11744
15.07	1.11745
15.06	1.11746
15.05	1.11747
15.04	1.11748
15.03	1.1175
15.02	1.11751
15.01	1.11752
15	1.11753
14.99	1.11755
14.98	1.11756
14.97	1.11757
14.96	1.11758
14.95	1.11759
14.94	1.11761
14.93	1.11762
14.92	1.11763
14.91	1.11764
14.9	1.11766
14.89	1.11767
14.88	1.11768
14.87	1.11769
14.86	1.11771
14.85	1.11772
14.84	1.11773
14.83	1.11774
14.82	1.11776
14.81	1.11777
14.8	1.11778
14.79	1.11779
14.78	1.11781
14.77	1.11782
14.76	1.11783
14.75	1.11784
14.74	1.11786
14.73	1.11787
14.72	1.11788
14.71	1.11789
14.7	1.11791
14.69	1.11792
14.68	1.11793
14.67	1.11794
14.66	1.11796
14.65	1.11797
14.64	1.11798
14.63	1.118
14.62	1.11801
14.61	1.11802
14.6	1.11803
14.59	1.11805
14.58	1.11806
14.57	1.11807
14.56	1.11809
14.55	1.1181
14.54	1.11811
14.53	1.11812
14.52	1.11814
14.51	1.11815
14.5	1.11816
14.49	1.11818
14.48	1.11819
14.47	1.1182
14.46	1.11822
14.45	1.11823
14.44	1.11824
14.43	1.11826
14.42	1.11827
14.41	1.11828
14.4	1.1183
14.39	1.11831
14.38	1.11832
14.37	1.11834
14.36	1.11835
14.35	1.11836
14.34	1.11838
14.33	1.11839
14.32	1.1184
14.31	1.11842
14.3	1.11843
14.29	1.11844
14.28	1.11846
14.27	1.11847
14.26	1.11848
14.25	1.1185
14.24	1.11851
14.23	1.11852
14.22	1.11854
14.21	1.11855
14.2	1.11856
14.19	1.11858
14.18	1.11859
14.17	1.11861
14.16	1.11862
14.15	1.11863
14.14	1.11865
14.13	1.11866
14.12	1.11867
14.11	1.11869
14.1	1.1187
14.09	1.11872
14.08	1.11873
14.07	1.11874
14.06	1.11876
14.05	1.11877
14.04	1.11878
14.03	1.1188
14.02	1.11881
14.01	1.11883
14	1.11884
13.99	1.11885
13.98	1.11887
13.97	1.11888
13.96	1.1189
13.95	1.11891
13.94	1.11893
13.93	1.11894
13.92	1.11895
13.91	1.11897
13.9	1.11898
13.89	1.119
13.88	1.11901
13.87	1.11902
13.86	1.11904
13.85	1.11905
13.84	1.11907
13.83	1.11908
13.82	1.1191
13.81	1.11911
13.8	1.11913
13.79	1.11914
13.78	1.11915
13.77	1.11917
13.76	1.11918
13.75	1.1192
13.74	1.11921
13.73	1.11923
13.72	1.11924
13.71	1.11926
13.7	1.11927
13.69	1.11929
13.68	1.1193
13.67	1.11931
13.66	1.11933
13.65	1.11934
13.64	1.11936
13.63	1.11937
13.62	1.11939
13.61	1.1194
13.6	1.11942
13.59	1.11943
13.58	1.11945
13.57	1.11946
13.56	1.11948
13.55	1.11949
13.54	1.11951
13.53	1.11952
13.52	1.11954
13.51	1.11955
13.5	1.11957
13.49	1.11958
13.48	1.1196
13.47	1.11961
13.46	1.11963
13.45	1.11964
13.44	1.11966
13.43	1.11967
13.42	1.11969
13.41	1.1197
13.4	1.11972
13.39	1.11974
13.38	1.11975
13.37	1.11977
13.36	1.11978
13.35	1.1198
13.34	1.11981
13.33	1.11983
13.32	1.11984
13.31	1.11986
13.3	1.11987
13.29	1.11989
13.28	1.11991
13.27	1.11992
13.26	1.11994
13.25	1.11995
13.24	1.11997
13.23	1.11998
13.22	1.12
13.21	1.12002
13.2	1.12003
13.19	1.12005
13.18	1.12006
13.17	1.12008
13.16	1.12009
13.15	1.12011
13.14	1.12013
13.13	1.12014
13.12	1.12016
13.11	1.12017
13.1	1.12019
13.09	1.12021
13.08	1.12022
13.07	1.12024
13.06	1.12026
13.05	1.12027
13.04	1.12029
13.03	1.1203
13.02	1.12032
13.01	1.12034
13	1.12035
12.99	1.12037
12.98	1.12039
12.97	1.1204
12.96	1.12042
12.95	1.12043
12.94	1.12045
12.93	1.12047
12.92	1.12048
12.91	1.1205
12.9	1.12052
12.89	1.12053
12.88	1.12055
12.87	1.12057
12.86	1.12058
12.85	1.1206
12.84	1.12062
12.83	1.12063
12.82	1.12065
12.81	1.12067
12.8	1.12068
12.79	1.1207
12.78	1.12072
12.77	1.12073
12.76	1.12075
12.75	1.12077
12.74	1.12079
12.73	1.1208
12.72	1.12082
12.71	1.12084
12.7	1.12085
12.69	1.12087
12.68	1.12089
12.67	1.1209
12.66	1.12092
12.65	1.12094
12.64	1.12096
12.63	1.12097
12.62	1.12099
12.61	1.12101
12.6	1.12103
12.59	1.12104
12.58	1.12106
12.57	1.12108
12.56	1.1211
12.55	1.12111
12.54	1.12113
12.53	1.12115
12.52	1.12117
12.51	1.12118
12.5	1.1212
12.49	1.12122
12.48	1.12124
12.47	1.12125
12.46	1.12127
12.45	1.12129
12.44	1.12131
12.43	1.12132
12.42	1.12134
12.41	1.12136
12.4	1.12138
12.39	1.1214
12.38	1.12141
12.37	1.12143
12.36	1.12145
12.35	1.12147
12.34	1.12149
12.33	1.1215
12.32	1.12152
12.31	1.12154
12.3	1.12156
12.29	1.12158
12.28	1.1216
12.27	1.12161
12.26	1.12163
12.25	1.12165
12.24	1.12167
12.23	1.12169
12.22	1.12171
12.21	1.12172
12.2	1.12174
12.19	1.12176
12.18	1.12178
12.17	1.1218
12.16	1.12182
12.15	1.12184
12.14	1.12186
12.13	1.12187
12.12	1.12189
12.11	1.12191
12.1	1.12193
12.09	1.12195
12.08	1.12197
12.07	1.12199
12.06	1.12201
12.05	1.12203
12.04	1.12204
12.03	1.12206
12.02	1.12208
12.01	1.1221
12	1.12212
11.99	1.12214
11.98	1.12216
11.97	1.12218
11.96	1.1222
11.95	1.12222
11.94	1.12224
11.93	1.12226
11.92	1.12228
11.91	1.12229
11.9	1.12231
11.89	1.12233
11.88	1.12235
11.87	1.12237
11.86	1.12239
11.85	1.12241
11.84	1.12243
11.83	1.12245
11.82	1.12247
11.81	1.12249
11.8	1.12251
11.79	1.12253
11.78	1.12255
11.77	1.12257
11.76	1.12259
11.75	1.12261
11.74	1.12263
11.73	1.12265
11.72	1.12267
11.71	1.12269
11.7	1.12271
11.69	1.12273
11.68	1.12275
11.67	1.12277
11.66	1.12279
11.65	1.12281
11.64	1.12283
11.63	1.12285
11.62	1.12287
11.61	1.12289
11.6	1.12291
11.59	1.12294
11.58	1.12296
11.57	1.12298
11.56	1.123
11.55	1.12302
11.54	1.12304
11.53	1.12306
11.52	1.12308
11.51	1.1231
11.5	1.12312
11.49	1.12314
11.48	1.12316
11.47	1.12319
11.46	1.12321
11.45	1.12323
11.44	1.12325
11.43	1.12327
11.42	1.12329
11.41	1.12331
11.4	1.12333
11.39	1.12335
11.38	1.12338
11.37	1.1234
11.36	1.12342
11.35	1.12344
11.34	1.12346
11.33	1.12348
11.32	1.1235
11.31	1.12353
11.3	1.12355
11.29	1.12357
11.28	1.12359
11.27	1.12361
11.26	1.12364
11.25	1.12366
11.24	1.12368
11.23	1.1237
11.22	1.12372
11.21	1.12374
11.2	1.12377
11.19	1.12379
11.18	1.12381
11.17	1.12383
11.16	1.12386
11.15	1.12388
11.14	1.1239
11.13	1.12392
11.12	1.12394
11.11	1.12397
11.1	1.12399
11.09	1.12401
11.08	1.12403
11.07	1.12406
11.06	1.12408
11.05	1.1241
11.04	1.12413
11.03	1.12415
11.02	1.12417
11.01	1.12419
11	1.12422
10.99	1.12424
10.98	1.12426
10.97	1.12429
10.96	1.12431
10.95	1.12433
10.94	1.12435
10.93	1.12438
10.92	1.1244
10.91	1.12442
10.9	1.12445
10.89	1.12447
10.88	1.12449
10.87	1.12452
10.86	1.12454
10.85	1.12456
10.84	1.12459
10.83	1.12461
10.82	1.12464
10.81	1.12466
10.8	1.12468
10.79	1.12471
10.78	1.12473
10.77	1.12475
10.76	1.12478
10.75	1.1248
10.74	1.12483
10.73	1.12485
10.72	1.12487
10.71	1.1249
10.7	1.12492
10.69	1.12495
10.68	1.12497
10.67	1.125
10.66	1.12502
10.65	1.12504
10.64	1.12507
10.63	1.12509
10.62	1.12512
10.61	1.12514
10.6	1.12517
10.59	1.12519
10.58	1.12522
10.57	1.12524
10.56	1.12527
10.55	1.12529
10.54	1.12532
10.53	1.12534
10.52	1.12537
10.51	1.12539
10.5	1.12542
10.49	1.12544
10.48	1.12547
10.47	1.12549
10.46	1.12552
10.45	1.12554
10.44	1.12557
10.43	1.12559
10.42	1.12562
10.41	1.12565
10.4	1.12567
10.39	1.1257
10.38	1.12572
10.37	1.12575
10.36	1.12577
10.35	1.1258
10.34	1.12583
10.33	1.12585
10.32	1.12588
10.31	1.1259
10.3	1.12593
10.29	1.12596
10.28	1.12598
10.27	1.12601
10.26	1.12604
10.25	1.12606
10.24	1.12609
10.23	1.12611
10.22	1.12614
10.21	1.12617
10.2	1.12619
10.19	1.12622
10.18	1.12625
10.17	1.12628
10.16	1.1263
10.15	1.12633
10.14	1.12636
10.13	1.12638
10.12	1.12641
10.11	1.12644
10.1	1.12646
10.09	1.12649
10.08	1.12652
10.07	1.12655
10.06	1.12657
10.05	1.1266
10.04	1.12663
10.03	1.12666
10.02	1.12668
10.01	1.12671
10	1.12674
9.99	1.12677
9.98	1.1268
9.97	1.12682
9.96	1.12685
9.95	1.12688
9.94	1.12691
9.93	1.12694
9.92	1.12696
9.91	1.12699
9.9	1.12702
9.89	1.12705
9.88	1.12708
9.87	1.12711
9.86	1.12713
9.85	1.12716
9.84	1.12719
9.83	1.12722
9.82	1.12725
9.81	1.12728
9.8	1.12731
9.79	1.12734
9.78	1.12737
9.77	1.12739
9.76	1.12742
9.75	1.12745
9.74	1.12748
9.73	1.12751
9.72	1.12754
9.71	1.12757
9.7	1.1276
9.69	1.12763
9.68	1.12766
9.67	1.12769
9.66	1.12772
9.65	1.12775
9.64	1.12778
9.63	1.12781
9.62	1.12784
9.61	1.12787
9.6	1.1279
9.59	1.12793
9.58	1.12796
9.57	1.12799
9.56	1.12802
9.55	1.12805
9.54	1.12808
9.53	1.12811
9.52	1.12814
9.51	1.12817
9.5	1.12821
9.49	1.12824
9.48	1.12827
9.47	1.1283
9.46	1.12833
9.45	1.12836
9.44	1.12839
9.43	1.12842
9.42	1.12845
9.41	1.12849
9.4	1.12852
9.39	1.12855
9.38	1.12858
9.37	1.12861
9.36	1.12864
9.35	1.12868
9.34	1.12871
9.33	1.12874
9.32	1.12877
9.31	1.1288
9.3	1.12884
9.29	1.12887
9.28	1.1289
9.27	1.12893
9.26	1.12897
9.25	1.129
9.24	1.12903
9.23	1.12906
9.22	1.1291
9.21	1.12913
9.2	1.12916
9.19	1.1292
9.18	1.12923
9.17	1.12926
9.16	1.12929
9.15	1.12933
9.14	1.12936
9.13	1.1294
9.12	1.12943
9.11	1.12946
9.1	1.1295
9.09	1.12953
9.08	1.12956
9.07	1.1296
9.06	1.12963
9.05	1.12967
9.04	1.1297
9.03	1.12973
9.02	1.12977
9.01	1.1298
9	1.12984
8.99	1.12987
8.98	1.12991
8.97	1.12994
8.96	1.12998
8.95	1.13001
8.94	1.13005
8.93	1.13008
8.92	1.13012
8.91	1.13015
8.9	1.13019
8.89	1.13022
8.88	1.13026
8.87	1.13029
8.86	1.13033
8.85	1.13036
8.84	1.1304
8.83	1.13043
8.82	1.13047
8.81	1.13051
8.8	1.13054
8.79	1.13058
8.78	1.13062
8.77	1.13065
8.76	1.13069
8.75	1.13072
8.74	1.13076
8.73	1.1308
8.72	1.13083
8.71	1.13087
8.7	1.13091
8.69	1.13095
8.68	1.13098
8.67	1.13102
8.66	1.13106
8.65	1.13109
8.64	1.13113
8.63	1.13117
8.62	1.13121
8.61	1.13124
8.6	1.13128
8.59	1.13132
8.58	1.13136
8.57	1.1314
8.56	1.13143
8.55	1.13147
8.54	1.13151
8.53	1.13155
8.52	1.13159
8.51	1.13163
8.5	1.13167
8.49	1.1317
8.48	1.13174
8.47	1.13178
8.46	1.13182
8.45	1.13186
8.44	1.1319
8.43	1.13194
8.42	1.13198
8.41	1.13202
8.4	1.13206
8.39	1.1321
8.38	1.13214
8.37	1.13218
8.36	1.13222
8.35	1.13226
8.34	1.1323
8.33	1.13234
8.32	1.13238
8.31	1.13242
8.3	1.13246
8.29	1.1325
8.28	1.13254
8.27	1.13258
8.26	1.13262
8.25	1.13267
8.24	1.13271
8.23	1.13275
8.22	1.13279
8.21	1.13283
8.2	1.13287
8.19	1.13291
8.18	1.13296
8.17	1.133
8.16	1.13304
8.15	1.13308
8.14	1.13312
8.13	1.13317
8.12	1.13321
8.11	1.13325
8.1	1.1333
8.09	1.13334
8.08	1.13338
8.07	1.13342
8.06	1.13347
8.05	1.13351
8.04	1.13355
8.03	1.1336
8.02	1.13364
8.01	1.13368
8	1.13373
7.99	1.13377
7.98	1.13382
7.97	1.13386
7.96	1.13391
7.95	1.13395
7.94	1.13399
7.93	1.13404
7.92	1.13408
7.91	1.13413
7.9	1.13417
7.89	1.13422
7.88	1.13426
7.87	1.13431
7.86	1.13435
7.85	1.1344
7.84	1.13445
7.83	1.13449
7.82	1.13454
7.81	1.13458
7.8	1.13463
7.79	1.13468
7.78	1.13472
7.77	1.13477
7.76	1.13482
7.75	1.13486
7.74	1.13491
7.73	1.13496
7.72	1.135
7.71	1.13505
7.7	1.1351
7.69	1.13515
7.68	1.13519
7.67	1.13524
7.66	1.13529
7.65	1.13534
7.64	1.13539
7.63	1.13543
7.62	1.13548
7.61	1.13553
7.6	1.13558
7.59	1.13563
7.58	1.13568
7.57	1.13573
7.56	1.13578
7.55	1.13583
7.54	1.13587
7.53	1.13592
7.52	1.13597
7.51	1.13602
7.5	1.13607
7.49	1.13612
7.48	1.13617
7.47	1.13623
7.46	1.13628
7.45	1.13633
7.44	1.13638
7.43	1.13643
7.42	1.13648
7.41	1.13653
7.4	1.13658
7.39	1.13663
7.38	1.13669
7.37	1.13674
7.36	1.13679
7.35	1.13684
7.34	1.13689
7.33	1.13695
7.32	1.137
7.31	1.13705
7.3	1.13711
7.29	1.13716
7.28	1.13721
7.27	1.13726
7.26	1.13732
7.25	1.13737
7.24	1.13743
7.23	1.13748
7.22	1.13753
7.21	1.13759
7.2	1.13764
7.19	1.1377
7.18	1.13775
7.17	1.13781
7.16	1.13786
7.15	1.13792
7.14	1.13797
7.13	1.13803
7.12	1.13808
7.11	1.13814
7.1	1.1382
7.09	1.13825
7.08	1.13831
7.07	1.13836
7.06	1.13842
7.05	1.13848
7.04	1.13854
7.03	1.13859
7.02	1.13865
7.01	1.13871
7	1.13877
6.99	1.13882
6.98	1.13888
6.97	1.13894
6.96	1.139
6.95	1.13906
6.94	1.13911
6.93	1.13917
6.92	1.13923
6.91	1.13929
6.9	1.13935
6.89	1.13941
6.88	1.13947
6.87	1.13953
6.86	1.13959
6.85	1.13965
6.84	1.13971
6.83	1.13977
6.82	1.13983
6.81	1.13989
6.8	1.13996
6.79	1.14002
6.78	1.14008
6.77	1.14014
6.76	1.1402
6.75	1.14026
6.74	1.14033
6.73	1.14039
6.72	1.14045
6.71	1.14052
6.7	1.14058
6.69	1.14064
6.68	1.14071
6.67	1.14077
6.66	1.14083
6.65	1.1409
6.64	1.14096
6.63	1.14103
6.62	1.14109
6.61	1.14116
6.6	1.14122
6.59	1.14129
6.58	1.14135
6.57	1.14142
6.56	1.14148
6.55	1.14155
6.54	1.14162
6.53	1.14168
6.52	1.14175
6.51	1.14182
6.5	1.14188
6.49	1.14195
6.48	1.14202
6.47	1.14209
6.46	1.14215
6.45	1.14222
6.44	1.14229
6.43	1.14236
6.42	1.14243
6.41	1.1425
6.4	1.14257
6.39	1.14264
6.38	1.14271
6.37	1.14278
6.36	1.14285
6.35	1.14292
6.34	1.14299
6.33	1.14306
6.32	1.14313
6.31	1.1432
6.3	1.14327
6.29	1.14335
6.28	1.14342
6.27	1.14349
6.26	1.14356
6.25	1.14364
6.24	1.14371
6.23	1.14378
6.22	1.14386
6.21	1.14393
6.2	1.144
6.19	1.14408
6.18	1.14415
6.17	1.14423
6.16	1.1443
6.15	1.14438
6.14	1.14445
6.13	1.14453
6.12	1.14461
6.11	1.14468
6.1	1.14476
6.09	1.14484
6.08	1.14491
6.07	1.14499
6.06	1.14507
6.05	1.14515
6.04	1.14522
6.03	1.1453
6.02	1.14538
6.01	1.14546
6	1.14554
5.99	1.14562
5.98	1.1457
5.97	1.14578
5.96	1.14586
5.95	1.14594
5.94	1.14602
5.93	1.1461
5.92	1.14618
5.91	1.14627
5.9	1.14635
5.89	1.14643
5.88	1.14651
5.87	1.1466
5.86	1.14668
5.85	1.14676
5.84	1.14685
5.83	1.14693
5.82	1.14701
5.81	1.1471
5.8	1.14718
5.79	1.14727
5.78	1.14736
5.77	1.14744
5.76	1.14753
5.75	1.14761
5.74	1.1477
5.73	1.14779
5.72	1.14788
5.71	1.14796
5.7	1.14805
5.69	1.14814
5.68	1.14823
5.67	1.14832
5.66	1.14841
5.65	1.1485
5.64	1.14859
5.63	1.14868
5.62	1.14877
5.61	1.14886
5.6	1.14895
5.59	1.14904
5.58	1.14914
5.57	1.14923
5.56	1.14932
5.55	1.14941
5.54	1.14951
5.53	1.1496
5.52	1.1497
5.51	1.14979
5.5	1.14988
5.49	1.14998
5.48	1.15008
5.47	1.15017
5.46	1.15027
5.45	1.15036
5.44	1.15046
5.43	1.15056
5.42	1.15066
5.41	1.15076
5.4	1.15085
5.39	1.15095
5.38	1.15105
5.37	1.15115
5.36	1.15125
5.35	1.15135
5.34	1.15145
5.33	1.15156
5.32	1.15166
5.31	1.15176
5.3	1.15186
5.29	1.15196
5.28	1.15207
5.27	1.15217
5.26	1.15228
5.25	1.15238
5.24	1.15249
5.23	1.15259
5.22	1.1527
5.21	1.1528
5.2	1.15291
5.19	1.15302
5.18	1.15312
5.17	1.15323
5.16	1.15334
5.15	1.15345
5.14	1.15356
5.13	1.15367
5.12	1.15378
5.11	1.15389
5.1	1.154
5.09	1.15411
5.08	1.15422
5.07	1.15434
5.06	1.15445
5.05	1.15456
5.04	1.15468
5.03	1.15479
5.02	1.15491
5.01	1.15502
5	1.15514
4.99	1.15525
4.98	1.15537
4.97	1.15549
4.96	1.1556
4.95	1.15572
4.94	1.15584
4.93	1.15596
4.92	1.15608
4.91	1.1562
4.9	1.15632
4.89	1.15644
4.88	1.15656
4.87	1.15669
4.86	1.15681
4.85	1.15693
4.84	1.15706
4.83	1.15718
4.82	1.15731
4.81	1.15743
4.8	1.15756
4.79	1.15768
4.78	1.15781
4.77	1.15794
4.76	1.15807
4.75	1.15819
4.74	1.15832
4.73	1.15845
4.72	1.15858
4.71	1.15872
4.7	1.15885
4.69	1.15898
4.68	1.15911
4.67	1.15925
4.66	1.15938
4.65	1.15951
4.64	1.15965
4.63	1.15979
4.62	1.15992
4.61	1.16006
4.6	1.1602
4.59	1.16034
4.58	1.16047
4.57	1.16061
4.56	1.16075
4.55	1.16089
4.54	1.16104
4.53	1.16118
4.52	1.16132
4.51	1.16147
4.5	1.16161
4.49	1.16175
4.48	1.1619
4.47	1.16205
4.46	1.16219
4.45	1.16234
4.44	1.16249
4.43	1.16264
4.42	1.16279
4.41	1.16294
4.4	1.16309
4.39	1.16324
4.38	1.16339
4.37	1.16355
4.36	1.1637
4.35	1.16386
4.34	1.16401
4.33	1.16417
4.32	1.16432
4.31	1.16448
4.3	1.16464
4.29	1.1648
4.28	1.16496
4.27	1.16512
4.26	1.16528
4.25	1.16545
4.24	1.16561
4.23	1.16577
4.22	1.16594
4.21	1.1661
4.2	1.16627
4.19	1.16644
4.18	1.16661
4.17	1.16677
4.16	1.16694
4.15	1.16712
4.14	1.16729
4.13	1.16746
4.12	1.16763
4.11	1.16781
4.1	1.16798
4.09	1.16816
4.08	1.16834
4.07	1.16851
4.06	1.16869
4.05	1.16887
4.04	1.16905
4.03	1.16924
4.02	1.16942
4.01	1.1696
4	1.16979
3.99	1.16997
3.98	1.17016
3.97	1.17035
3.96	1.17053
3.95	1.17072
3.94	1.17091
3.93	1.17111
3.92	1.1713
3.91	1.17149
3.9	1.17169
3.89	1.17188
3.88	1.17208
3.87	1.17228
3.86	1.17248
3.85	1.17268
3.84	1.17288
3.83	1.17308
3.82	1.17328
3.81	1.17349
3.8	1.17369
3.79	1.1739
3.78	1.17411
3.77	1.17432
3.76	1.17453
3.75	1.17474
3.74	1.17495
3.73	1.17517
3.72	1.17538
3.71	1.1756
3.7	1.17581
3.69	1.17603
3.68	1.17625
3.67	1.17647
3.66	1.1767
3.65	1.17692
3.64	1.17715
3.63	1.17737
3.62	1.1776
3.61	1.17783
3.6	1.17806
3.59	1.17829
3.58	1.17852
3.57	1.17876
3.56	1.179
3.55	1.17923
3.54	1.17947
3.53	1.17971
3.52	1.17995
3.51	1.1802
3.5	1.18044
3.49	1.18069
3.48	1.18094
3.47	1.18118
3.46	1.18143
3.45	1.18169
3.44	1.18194
3.43	1.1822
3.42	1.18245
3.41	1.18271
3.4	1.18297
3.39	1.18323
3.38	1.1835
3.37	1.18376
3.36	1.18403
3.35	1.1843
3.34	1.18457
3.33	1.18484
3.32	1.18511
3.31	1.18539
3.3	1.18567
3.29	1.18594
3.28	1.18623
3.27	1.18651
3.26	1.18679
3.25	1.18708
3.24	1.18737
3.23	1.18766
3.22	1.18795
3.21	1.18824
3.2	1.18854
3.19	1.18884
3.18	1.18914
3.17	1.18944
3.16	1.18974
3.15	1.19005
3.14	1.19036
3.13	1.19067
3.12	1.19098
3.11	1.19129
3.1	1.19161
3.09	1.19193
3.08	1.19225
3.07	1.19257
3.06	1.1929
3.05	1.19323
3.04	1.19356
3.03	1.19389
3.02	1.19422
3.01	1.19456
3	1.1949
2.99	1.19524
2.98	1.19559
2.97	1.19594
2.96	1.19629
2.95	1.19664
2.94	1.19699
2.93	1.19735
2.92	1.19771
2.91	1.19807
2.9	1.19844
2.89	1.1988
2.88	1.19918
2.87	1.19955
2.86	1.19992
2.85	1.2003
2.84	1.20069
2.83	1.20107
2.82	1.20146
2.81	1.20185
2.8	1.20224
2.79	1.20264
2.78	1.20304
2.77	1.20344
2.76	1.20385
2.75	1.20426
2.74	1.20467
2.73	1.20509
2.72	1.20551
2.71	1.20593
2.7	1.20635
2.69	1.20678
2.68	1.20722
2.67	1.20765
2.66	1.20809
2.65	1.20854
2.64	1.20898
2.63	1.20943
2.62	1.20989
2.61	1.21035
2.6	1.21081
2.59	1.21127
2.58	1.21174
2.57	1.21222
2.56	1.21269
2.55	1.21318
2.54	1.21366
2.53	1.21415
2.52	1.21465
2.51	1.21514
2.5	1.21565
2.49	1.21615
2.48	1.21667
2.47	1.21718
2.46	1.2177
2.45	1.21823
2.44	1.21876
2.43	1.21929
2.42	1.21983
2.41	1.22038
2.4	1.22093
2.39	1.22148
2.38	1.22204
2.37	1.22261
2.36	1.22318
2.35	1.22375
2.34	1.22433
2.33	1.22492
2.32	1.22551
2.31	1.22611
2.3	1.22671
2.29	1.22732
2.28	1.22793
2.27	1.22855
2.26	1.22918
2.25	1.22981
2.24	1.23045
2.23	1.2311
2.22	1.23175
2.21	1.23241
2.2	1.23307
2.19	1.23374
2.18	1.23442
2.17	1.2351
2.16	1.2358
2.15	1.23649
2.14	1.2372
2.13	1.23791
2.12	1.23863
2.11	1.23936
2.1	1.2401
2.09	1.24084
2.08	1.24159
2.07	1.24235
2.06	1.24312
2.05	1.2439
2.04	1.24468
2.03	1.24548
2.02	1.24628
2.01	1.24709
2	1.24791
1.99	1.24874
1.98	1.24957
1.97	1.25042
1.96	1.25128
1.95	1.25215
1.94	1.25302
1.93	1.25391
1.92	1.25481
1.91	1.25571
1.9	1.25663
1.89	1.25756
1.88	1.2585
1.87	1.25945
1.86	1.26042
1.85	1.26139
1.84	1.26238
1.83	1.26338
1.82	1.26439
1.81	1.26541
1.8	1.26645
1.79	1.2675
1.78	1.26856
1.77	1.26964
1.76	1.27072
1.75	1.27183
1.74	1.27295
1.73	1.27408
1.72	1.27523
1.71	1.27639
1.7	1.27757
1.69	1.27876
1.68	1.27997
1.67	1.2812
1.66	1.28244
1.65	1.2837
1.64	1.28498
1.63	1.28627
1.62	1.28759
1.61	1.28892
1.6	1.29027
1.59	1.29164
1.58	1.29303
1.57	1.29444
1.56	1.29587
1.55	1.29733
1.54	1.2988
1.53	1.3003
1.52	1.30181
1.51	1.30336
1.5	1.30492
1.49	1.30651
1.48	1.30812
1.47	1.30976
1.46	1.31143
1.45	1.31312
1.44	1.31484
1.43	1.31659
1.42	1.31836
1.41	1.32017
1.4	1.322
1.39	1.32387
1.38	1.32577
1.37	1.32769
1.36	1.32966
1.35	1.33165
1.34	1.33368
1.33	1.33575
1.32	1.33785
1.31	1.33999
1.3	1.34217
1.29	1.34439
1.28	1.34665
1.27	1.34896
1.26	1.3513
1.25	1.35369
1.24	1.35613
1.23	1.35861
1.22	1.36114
1.21	1.36372
1.2	1.36635
1.19	1.36904
1.18	1.37178
1.17	1.37457
1.16	1.37742
1.15	1.38034
1.14	1.38331
1.13	1.38635
1.12	1.38945
1.11	1.39262
1.1	1.39586
1.09	1.39917
1.08	1.40256
1.07	1.40602
1.06	1.40957
1.05	1.41319
1.04	1.4169
1.03	1.4207
1.02	1.4246
1.01	1.42858
1	1.43267
0.99	1.43686
0.98	1.44115
0.97	1.44555
0.96	1.45007
0.95	1.45471
0.94	1.45947
0.93	1.46436
0.92	1.46938
0.91	1.47454
0.9	1.47985
0.89	1.48531
0.88	1.49092
0.87	1.4967
0.86	1.50266
0.85	1.50879
0.84	1.51511
0.83	1.52163
0.82	1.52836
0.81	1.5353
0.8	1.54247
0.79	1.54987
0.78	1.55753
0.77	1.56544
0.76	1.57364
0.75	1.58212
0.74	1.59091
0.73	1.60003
0.72	1.60948
0.71	1.6193
0.7	1.6295
0.69	1.6401
0.68	1.65113
0.67	1.66261
0.66	1.67458
0.65	1.68706
0.64	1.70009
0.63	1.7137
0.62	1.72793
0.61	1.74283
0.6	1.75845
0.59	1.77483
0.58	1.79203
0.57	1.81012
0.56	1.82917
0.55	1.84925
0.54	1.87044
0.53	1.89285
0.52	1.91658
0.51	1.94174
0.5	1.96847
0.49	1.99693
0.48	2.02726
0.47	2.05968
0.46	2.0944
0.45	2.13166
0.44	2.17175
0.43	2.21501
0.42	2.26182
0.41	2.31263
0.4	2.36797
0.39	2.42845
0.38	2.49483
0.37	2.568
0.36	2.64905
0.35	2.73931
0.34	2.84044
0.33	2.95453
0.32	3.08422
0.31	3.23301
0.3	3.4055
0.29	3.60802
0.28	3.84952
0.27	4.14319
0.26	4.50966
0.25	4.98377
0.24	5.63156
0.23	6.60414
0.22	8.40648
-0.22	8.40648
-0.23	6.60414
-0.24	5.63156
-0.25	4.98377
-0.26	4.50966
-0.27	4.14319
-0.28	3.84952
-0.29	3.60802
-0.3	3.4055
-0.31	3.23301
-0.32	3.08422
-0.33	2.95453
-0.34	2.84044
-0.35	2.73931
-0.36	2.64905
-0.37	2.568
-0.38	2.49483
-0.39	2.42845
-0.4	2.36797
-0.41	2.31263
-0.42	2.26182
-0.43	2.21501
-0.44	2.17175
-0.45	2.13166
-0.46	2.0944
-0.47	2.05968
-0.48	2.02726
-0.49	1.99693
-0.5	1.96847
-0.51	1.94174
-0.52	1.91658
-0.53	1.89285
-0.54	1.87044
-0.55	1.84925
-0.56	1.82917
-0.57	1.81012
-0.58	1.79203
-0.59	1.77483
-0.6	1.75845
-0.61	1.74283
-0.62	1.72793
-0.63	1.7137
-0.64	1.70009
-0.65	1.68706
-0.66	1.67458
-0.67	1.66261
-0.68	1.65113
-0.69	1.6401
-0.7	1.6295
-0.71	1.6193
-0.72	1.60948
-0.73	1.60003
-0.74	1.59091
-0.75	1.58212
-0.76	1.57364
-0.77	1.56544
-0.78	1.55753
-0.79	1.54987
-0.8	1.54247
-0.81	1.5353
-0.82	1.52836
-0.83	1.52163
-0.84	1.51511
-0.85	1.50879
-0.86	1.50266
-0.87	1.4967
-0.88	1.49092
-0.89	1.48531
-0.9	1.47985
-0.91	1.47454
-0.92	1.46938
-0.93	1.46436
-0.94	1.45947
-0.95	1.45471
-0.96	1.45007
-0.97	1.44555
-0.98	1.44115
-0.99	1.43686
-1	1.43267
-1.01	1.42858
-1.02	1.4246
-1.03	1.4207
-1.04	1.4169
-1.05	1.41319
-1.06	1.40957
-1.07	1.40602
-1.08	1.40256
-1.09	1.39917
-1.1	1.39586
-1.11	1.39262
-1.12	1.38945
-1.13	1.38635
-1.14	1.38331
-1.15	1.38034
-1.16	1.37742
-1.17	1.37457
-1.18	1.37178
-1.19	1.36904
-1.2	1.36635
-1.21	1.36372
-1.22	1.36114
-1.23	1.35861
-1.24	1.35613
-1.25	1.35369
-1.26	1.3513
-1.27	1.34896
-1.28	1.34665
-1.29	1.34439
-1.3	1.34217
-1.31	1.33999
-1.32	1.33785
-1.33	1.33575
-1.34	1.33368
-1.35	1.33165
-1.36	1.32966
-1.37	1.32769
-1.38	1.32577
-1.39	1.32387
-1.4	1.322
-1.41	1.32017
-1.42	1.31836
-1.43	1.31659
-1.44	1.31484
-1.45	1.31312
-1.46	1.31143
-1.47	1.30976
-1.48	1.30812
-1.49	1.30651
-1.5	1.30492
-1.51	1.30336
-1.52	1.30181
-1.53	1.3003
-1.54	1.2988
-1.55	1.29733
-1.56	1.29587
-1.57	1.29444
-1.58	1.29303
-1.59	1.29164
-1.6	1.29027
-1.61	1.28892
-1.62	1.28759
-1.63	1.28627
-1.64	1.28498
-1.65	1.2837
-1.66	1.28244
-1.67	1.2812
-1.68	1.27997
-1.69	1.27876
-1.7	1.27757
-1.71	1.27639
-1.72	1.27523
-1.73	1.27408
-1.74	1.27295
-1.75	1.27183
-1.76	1.27072
-1.77	1.26964
-1.78	1.26856
-1.79	1.2675
-1.8	1.26645
-1.81	1.26541
-1.82	1.26439
-1.83	1.26338
-1.84	1.26238
-1.85	1.26139
-1.86	1.26042
-1.87	1.25945
-1.88	1.2585
-1.89	1.25756
-1.9	1.25663
-1.91	1.25571
-1.92	1.25481
-1.93	1.25391
-1.94	1.25302
-1.95	1.25215
-1.96	1.25128
-1.97	1.25042
-1.98	1.24957
-1.99	1.24874
-2	1.24791
-2.01	1.24709
-2.02	1.24628
-2.03	1.24548
-2.04	1.24468
-2.05	1.2439
-2.06	1.24312
-2.07	1.24235
-2.08	1.24159
-2.09	1.24084
-2.1	1.2401
-2.11	1.23936
-2.12	1.23863
-2.13	1.23791
-2.14	1.2372
-2.15	1.23649
-2.16	1.2358
-2.17	1.2351
-2.18	1.23442
-2.19	1.23374
-2.2	1.23307
-2.21	1.23241
-2.22	1.23175
-2.23	1.2311
-2.24	1.23045
-2.25	1.22981
-2.26	1.22918
-2.27	1.22855
-2.28	1.22793
-2.29	1.22732
-2.3	1.22671
-2.31	1.22611
-2.32	1.22551
-2.33	1.22492
-2.34	1.22433
-2.35	1.22375
-2.36	1.22318
-2.37	1.22261
-2.38	1.22204
-2.39	1.22148
-2.4	1.22093
-2.41	1.22038
-2.42	1.21983
-2.43	1.21929
-2.44	1.21876
-2.45	1.21823
-2.46	1.2177
-2.47	1.21718
-2.48	1.21667
-2.49	1.21615
-2.5	1.21565
-2.51	1.21514
-2.52	1.21465
-2.53	1.21415
-2.54	1.21366
-2.55	1.21318
-2.56	1.21269
-2.57	1.21222
-2.58	1.21174
-2.59	1.21127
-2.6	1.21081
-2.61	1.21035
-2.62	1.20989
-2.63	1.20943
-2.64	1.20898
-2.65	1.20854
-2.66	1.20809
-2.67	1.20765
-2.68	1.20722
-2.69	1.20678
-2.7	1.20635
-2.71	1.20593
-2.72	1.20551
-2.73	1.20509
-2.74	1.20467
-2.75	1.20426
-2.76	1.20385
-2.77	1.20344
-2.78	1.20304
-2.79	1.20264
-2.8	1.20224
-2.81	1.20185
-2.82	1.20146
-2.83	1.20107
-2.84	1.20069
-2.85	1.2003
-2.86	1.19992
-2.87	1.19955
-2.88	1.19918
-2.89	1.1988
-2.9	1.19844
-2.91	1.19807
-2.92	1.19771
-2.93	1.19735
-2.94	1.19699
-2.95	1.19664
-2.96	1.19629
-2.97	1.19594
-2.98	1.19559
-2.99	1.19524
-3	1.1949
-3.01	1.19456
-3.02	1.19422
-3.03	1.19389
-3.04	1.19356
-3.05	1.19323
-3.06	1.1929
-3.07	1.19257
-3.08	1.19225
-3.09	1.19193
-3.1	1.19161
-3.11	1.19129
-3.12	1.19098
-3.13	1.19067
-3.14	1.19036
-3.15	1.19005
-3.16	1.18974
-3.17	1.18944
-3.18	1.18914
-3.19	1.18884
-3.2	1.18854
-3.21	1.18824
-3.22	1.18795
-3.23	1.18766
-3.24	1.18737
-3.25	1.18708
-3.26	1.18679
-3.27	1.18651
-3.28	1.18623
-3.29	1.18594
-3.3	1.18567
-3.31	1.18539
-3.32	1.18511
-3.33	1.18484
-3.34	1.18457
-3.35	1.1843
-3.36	1.18403
-3.37	1.18376
-3.38	1.1835
-3.39	1.18323
-3.4	1.18297
-3.41	1.18271
-3.42	1.18245
-3.43	1.1822
-3.44	1.18194
-3.45	1.18169
-3.46	1.18143
-3.47	1.18118
-3.48	1.18094
-3.49	1.18069
-3.5	1.18044
-3.51	1.1802
-3.52	1.17995
-3.53	1.17971
-3.54	1.17947
-3.55	1.17923
-3.56	1.179
-3.57	1.17876
-3.58	1.17852
-3.59	1.17829
-3.6	1.17806
-3.61	1.17783
-3.62	1.1776
-3.63	1.17737
-3.64	1.17715
-3.65	1.17692
-3.66	1.1767
-3.67	1.17647
-3.68	1.17625
-3.69	1.17603
-3.7	1.17581
-3.71	1.1756
-3.72	1.17538
-3.73	1.17517
-3.74	1.17495
-3.75	1.17474
-3.76	1.17453
-3.77	1.17432
-3.78	1.17411
-3.79	1.1739
-3.8	1.17369
-3.81	1.17349
-3.82	1.17328
-3.83	1.17308
-3.84	1.17288
-3.85	1.17268
-3.86	1.17248
-3.87	1.17228
-3.88	1.17208
-3.89	1.17188
-3.9	1.17169
-3.91	1.17149
-3.92	1.1713
-3.93	1.17111
-3.94	1.17091
-3.95	1.17072
-3.96	1.17053
-3.97	1.17035
-3.98	1.17016
-3.99	1.16997
-4	1.16979
-4.01	1.1696
-4.02	1.16942
-4.03	1.16924
-4.04	1.16905
-4.05	1.16887
-4.06	1.16869
-4.07	1.16851
-4.08	1.16834
-4.09	1.16816
-4.1	1.16798
-4.11	1.16781
-4.12	1.16763
-4.13	1.16746
-4.14	1.16729
-4.15	1.16712
-4.16	1.16694
-4.17	1.16677
-4.18	1.16661
-4.19	1.16644
-4.2	1.16627
-4.21	1.1661
-4.22	1.16594
-4.23	1.16577
-4.24	1.16561
-4.25	1.16545
-4.26	1.16528
-4.27	1.16512
-4.28	1.16496
-4.29	1.1648
-4.3	1.16464
-4.31	1.16448
-4.32	1.16432
-4.33	1.16417
-4.34	1.16401
-4.35	1.16386
-4.36	1.1637
-4.37	1.16355
-4.38	1.16339
-4.39	1.16324
-4.4	1.16309
-4.41	1.16294
-4.42	1.16279
-4.43	1.16264
-4.44	1.16249
-4.45	1.16234
-4.46	1.16219
-4.47	1.16205
-4.48	1.1619
-4.49	1.16175
-4.5	1.16161
-4.51	1.16147
-4.52	1.16132
-4.53	1.16118
-4.54	1.16104
-4.55	1.16089
-4.56	1.16075
-4.57	1.16061
-4.58	1.16047
-4.59	1.16034
-4.6	1.1602
-4.61	1.16006
-4.62	1.15992
-4.63	1.15979
-4.64	1.15965
-4.65	1.15951
-4.66	1.15938
-4.67	1.15925
-4.68	1.15911
-4.69	1.15898
-4.7	1.15885
-4.71	1.15872
-4.72	1.15858
-4.73	1.15845
-4.74	1.15832
-4.75	1.15819
-4.76	1.15807
-4.77	1.15794
-4.78	1.15781
-4.79	1.15768
-4.8	1.15756
-4.81	1.15743
-4.82	1.15731
-4.83	1.15718
-4.84	1.15706
-4.85	1.15693
-4.86	1.15681
-4.87	1.15669
-4.88	1.15656
-4.89	1.15644
-4.9	1.15632
-4.91	1.1562
-4.92	1.15608
-4.93	1.15596
-4.94	1.15584
-4.95	1.15572
-4.96	1.1556
-4.97	1.15549
-4.98	1.15537
-4.99	1.15525
-5	1.15514
-5.01	1.15502
-5.02	1.15491
-5.03	1.15479
-5.04	1.15468
-5.05	1.15456
-5.06	1.15445
-5.07	1.15434
-5.08	1.15422
-5.09	1.15411
-5.1	1.154
-5.11	1.15389
-5.12	1.15378
-5.13	1.15367
-5.14	1.15356
-5.15	1.15345
-5.16	1.15334
-5.17	1.15323
-5.18	1.15312
-5.19	1.15302
-5.2	1.15291
-5.21	1.1528
-5.22	1.1527
-5.23	1.15259
-5.24	1.15249
-5.25	1.15238
-5.26	1.15228
-5.27	1.15217
-5.28	1.15207
-5.29	1.15196
-5.3	1.15186
-5.31	1.15176
-5.32	1.15166
-5.33	1.15156
-5.34	1.15145
-5.35	1.15135
-5.36	1.15125
-5.37	1.15115
-5.38	1.15105
-5.39	1.15095
-5.4	1.15085
-5.41	1.15076
-5.42	1.15066
-5.43	1.15056
-5.44	1.15046
-5.45	1.15036
-5.46	1.15027
-5.47	1.15017
-5.48	1.15008
-5.49	1.14998
-5.5	1.14988
-5.51	1.14979
-5.52	1.1497
-5.53	1.1496
-5.54	1.14951
-5.55	1.14941
-5.56	1.14932
-5.57	1.14923
-5.58	1.14914
-5.59	1.14904
-5.6	1.14895
-5.61	1.14886
-5.62	1.14877
-5.63	1.14868
-5.64	1.14859
-5.65	1.1485
-5.66	1.14841
-5.67	1.14832
-5.68	1.14823
-5.69	1.14814
-5.7	1.14805
-5.71	1.14796
-5.72	1.14788
-5.73	1.14779
-5.74	1.1477
-5.75	1.14761
-5.76	1.14753
-5.77	1.14744
-5.78	1.14736
-5.79	1.14727
-5.8	1.14718
-5.81	1.1471
-5.82	1.14701
-5.83	1.14693
-5.84	1.14685
-5.85	1.14676
-5.86	1.14668
-5.87	1.1466
-5.88	1.14651
-5.89	1.14643
-5.9	1.14635
-5.91	1.14627
-5.92	1.14618
-5.93	1.1461
-5.94	1.14602
-5.95	1.14594
-5.96	1.14586
-5.97	1.14578
-5.98	1.1457
-5.99	1.14562
-6	1.14554
-6.01	1.14546
-6.02	1.14538
-6.03	1.1453
-6.04	1.14522
-6.05	1.14515
-6.06	1.14507
-6.07	1.14499
-6.08	1.14491
-6.09	1.14484
-6.1	1.14476
-6.11	1.14468
-6.12	1.14461
-6.13	1.14453
-6.14	1.14445
-6.15	1.14438
-6.16	1.1443
-6.17	1.14423
-6.18	1.14415
-6.19	1.14408
-6.2	1.144
-6.21	1.14393
-6.22	1.14386
-6.23	1.14378
-6.24	1.14371
-6.25	1.14364
-6.26	1.14356
-6.27	1.14349
-6.28	1.14342
-6.29	1.14335
-6.3	1.14327
-6.31	1.1432
-6.32	1.14313
-6.33	1.14306
-6.34	1.14299
-6.35	1.14292
-6.36	1.14285
-6.37	1.14278
-6.38	1.14271
-6.39	1.14264
-6.4	1.14257
-6.41	1.1425
-6.42	1.14243
-6.43	1.14236
-6.44	1.14229
-6.45	1.14222
-6.46	1.14215
-6.47	1.14209
-6.48	1.14202
-6.49	1.14195
-6.5	1.14188
-6.51	1.14182
-6.52	1.14175
-6.53	1.14168
-6.54	1.14162
-6.55	1.14155
-6.56	1.14148
-6.57	1.14142
-6.58	1.14135
-6.59	1.14129
-6.6	1.14122
-6.61	1.14116
-6.62	1.14109
-6.63	1.14103
-6.64	1.14096
-6.65	1.1409
-6.66	1.14083
-6.67	1.14077
-6.68	1.14071
-6.69	1.14064
-6.7	1.14058
-6.71	1.14052
-6.72	1.14045
-6.73	1.14039
-6.74	1.14033
-6.75	1.14026
-6.76	1.1402
-6.77	1.14014
-6.78	1.14008
-6.79	1.14002
-6.8	1.13996
-6.81	1.13989
-6.82	1.13983
-6.83	1.13977
-6.84	1.13971
-6.85	1.13965
-6.86	1.13959
-6.87	1.13953
-6.88	1.13947
-6.89	1.13941
-6.9	1.13935
-6.91	1.13929
-6.92	1.13923
-6.93	1.13917
-6.94	1.13911
-6.95	1.13906
-6.96	1.139
-6.97	1.13894
-6.98	1.13888
-6.99	1.13882
-7	1.13877
-7.01	1.13871
-7.02	1.13865
-7.03	1.13859
-7.04	1.13854
-7.05	1.13848
-7.06	1.13842
-7.07	1.13836
-7.08	1.13831
-7.09	1.13825
-7.1	1.1382
-7.11	1.13814
-7.12	1.13808
-7.13	1.13803
-7.14	1.13797
-7.15	1.13792
-7.16	1.13786
-7.17	1.13781
-7.18	1.13775
-7.19	1.1377
-7.2	1.13764
-7.21	1.13759
-7.22	1.13753
-7.23	1.13748
-7.24	1.13743
-7.25	1.13737
-7.26	1.13732
-7.27	1.13726
-7.28	1.13721
-7.29	1.13716
-7.3	1.13711
-7.31	1.13705
-7.32	1.137
-7.33	1.13695
-7.34	1.13689
-7.35	1.13684
-7.36	1.13679
-7.37	1.13674
-7.38	1.13669
-7.39	1.13663
-7.4	1.13658
-7.41	1.13653
-7.42	1.13648
-7.43	1.13643
-7.44	1.13638
-7.45	1.13633
-7.46	1.13628
-7.47	1.13623
-7.48	1.13617
-7.49	1.13612
-7.5	1.13607
-7.51	1.13602
-7.52	1.13597
-7.53	1.13592
-7.54	1.13587
-7.55	1.13583
-7.56	1.13578
-7.57	1.13573
-7.58	1.13568
-7.59	1.13563
-7.6	1.13558
-7.61	1.13553
-7.62	1.13548
-7.63	1.13543
-7.64	1.13539
-7.65	1.13534
-7.66	1.13529
-7.67	1.13524
-7.68	1.13519
-7.69	1.13515
-7.7	1.1351
-7.71	1.13505
-7.72	1.135
-7.73	1.13496
-7.74	1.13491
-7.75	1.13486
-7.76	1.13482
-7.77	1.13477
-7.78	1.13472
-7.79	1.13468
-7.8	1.13463
-7.81	1.13458
-7.82	1.13454
-7.83	1.13449
-7.84	1.13445
-7.85	1.1344
-7.86	1.13435
-7.87	1.13431
-7.88	1.13426
-7.89	1.13422
-7.9	1.13417
-7.91	1.13413
-7.92	1.13408
-7.93	1.13404
-7.94	1.13399
-7.95	1.13395
-7.96	1.13391
-7.97	1.13386
-7.98	1.13382
-7.99	1.13377
-8	1.13373
-8.01	1.13368
-8.02	1.13364
-8.03	1.1336
-8.04	1.13355
-8.05	1.13351
-8.06	1.13347
-8.07	1.13342
-8.08	1.13338
-8.09	1.13334
-8.1	1.1333
-8.11	1.13325
-8.12	1.13321
-8.13	1.13317
-8.14	1.13312
-8.15	1.13308
-8.16	1.13304
-8.17	1.133
-8.18	1.13296
-8.19	1.13291
-8.2	1.13287
-8.21	1.13283
-8.22	1.13279
-8.23	1.13275
-8.24	1.13271
-8.25	1.13267
-8.26	1.13262
-8.27	1.13258
-8.28	1.13254
-8.29	1.1325
-8.3	1.13246
-8.31	1.13242
-8.32	1.13238
-8.33	1.13234
-8.34	1.1323
-8.35	1.13226
-8.36	1.13222
-8.37	1.13218
-8.38	1.13214
-8.39	1.1321
-8.4	1.13206
-8.41	1.13202
-8.42	1.13198
-8.43	1.13194
-8.44	1.1319
-8.45	1.13186
-8.46	1.13182
-8.47	1.13178
-8.48	1.13174
-8.49	1.1317
-8.5	1.13167
-8.51	1.13163
-8.52	1.13159
-8.53	1.13155
-8.54	1.13151
-8.55	1.13147
-8.56	1.13143
-8.57	1.1314
-8.58	1.13136
-8.59	1.13132
-8.6	1.13128
-8.61	1.13124
-8.62	1.13121
-8.63	1.13117
-8.64	1.13113
-8.65	1.13109
-8.66	1.13106
-8.67	1.13102
-8.68	1.13098
-8.69	1.13095
-8.7	1.13091
-8.71	1.13087
-8.72	1.13083
-8.73	1.1308
-8.74	1.13076
-8.75	1.13072
-8.76	1.13069
-8.77	1.13065
-8.78	1.13062
-8.79	1.13058
-8.8	1.13054
-8.81	1.13051
-8.82	1.13047
-8.83	1.13043
-8.84	1.1304
-8.85	1.13036
-8.86	1.13033
-8.87	1.13029
-8.88	1.13026
-8.89	1.13022
-8.9	1.13019
-8.91	1.13015
-8.92	1.13012
-8.93	1.13008
-8.94	1.13005
-8.95	1.13001
-8.96	1.12998
-8.97	1.12994
-8.98	1.12991
-8.99	1.12987
-9	1.12984
-9.01	1.1298
-9.02	1.12977
-9.03	1.12973
-9.04	1.1297
-9.05	1.12967
-9.06	1.12963
-9.07	1.1296
-9.08	1.12956
-9.09	1.12953
-9.1	1.1295
-9.11	1.12946
-9.12	1.12943
-9.13	1.1294
-9.14	1.12936
-9.15	1.12933
-9.16	1.12929
-9.17	1.12926
-9.18	1.12923
-9.19	1.1292
-9.2	1.12916
-9.21	1.12913
-9.22	1.1291
-9.23	1.12906
-9.24	1.12903
-9.25	1.129
-9.26	1.12897
-9.27	1.12893
-9.28	1.1289
-9.29	1.12887
-9.3	1.12884
-9.31	1.1288
-9.32	1.12877
-9.33	1.12874
-9.34	1.12871
-9.35	1.12868
-9.36	1.12864
-9.37	1.12861
-9.38	1.12858
-9.39	1.12855
-9.4	1.12852
-9.41	1.12849
-9.42	1.12845
-9.43	1.12842
-9.44	1.12839
-9.45	1.12836
-9.46	1.12833
-9.47	1.1283
-9.48	1.12827
-9.49	1.12824
-9.5	1.12821
-9.51	1.12817
-9.52	1.12814
-9.53	1.12811
-9.54	1.12808
-9.55	1.12805
-9.56	1.12802
-9.57	1.12799
-9.58	1.12796
-9.59	1.12793
-9.6	1.1279
-9.61	1.12787
-9.62	1.12784
-9.63	1.12781
-9.64	1.12778
-9.65	1.12775
-9.66	1.12772
-9.67	1.12769
-9.68	1.12766
-9.69	1.12763
-9.7	1.1276
-9.71	1.12757
-9.72	1.12754
-9.73	1.12751
-9.74	1.12748
-9.75	1.12745
-9.76	1.12742
-9.77	1.12739
-9.78	1.12737
-9.79	1.12734
-9.8	1.12731
-9.81	1.12728
-9.82	1.12725
-9.83	1.12722
-9.84	1.12719
-9.85	1.12716
-9.86	1.12713
-9.87	1.12711
-9.88	1.12708
-9.89	1.12705
-9.9	1.12702
-9.91	1.12699
-9.92	1.12696
-9.93	1.12694
-9.94	1.12691
-9.95	1.12688
-9.96	1.12685
-9.97	1.12682
-9.98	1.1268
-9.99	1.12677
-10	1.12674
-10.01	1.12671
-10.02	1.12668
-10.03	1.12666
-10.04	1.12663
-10.05	1.1266
-10.06	1.12657
-10.07	1.12655
-10.08	1.12652
-10.09	1.12649
-10.1	1.12646
-10.11	1.12644
-10.12	1.12641
-10.13	1.12638
-10.14	1.12636
-10.15	1.12633
-10.16	1.1263
-10.17	1.12628
-10.18	1.12625
-10.19	1.12622
-10.2	1.12619
-10.21	1.12617
-10.22	1.12614
-10.23	1.12611
-10.24	1.12609
-10.25	1.12606
-10.26	1.12604
-10.27	1.12601
-10.28	1.12598
-10.29	1.12596
-10.3	1.12593
-10.31	1.1259
-10.32	1.12588
-10.33	1.12585
-10.34	1.12583
-10.35	1.1258
-10.36	1.12577
-10.37	1.12575
-10.38	1.12572
-10.39	1.1257
-10.4	1.12567
-10.41	1.12565
-10.42	1.12562
-10.43	1.12559
-10.44	1.12557
-10.45	1.12554
-10.46	1.12552
-10.47	1.12549
-10.48	1.12547
-10.49	1.12544
-10.5	1.12542
-10.51	1.12539
-10.52	1.12537
-10.53	1.12534
-10.54	1.12532
-10.55	1.12529
-10.56	1.12527
-10.57	1.12524
-10.58	1.12522
-10.59	1.12519
-10.6	1.12517
-10.61	1.12514
-10.62	1.12512
-10.63	1.12509
-10.64	1.12507
-10.65	1.12504
-10.66	1.12502
-10.67	1.125
-10.68	1.12497
-10.69	1.12495
-10.7	1.12492
-10.71	1.1249
-10.72	1.12487
-10.73	1.12485
-10.74	1.12483
-10.75	1.1248
-10.76	1.12478
-10.77	1.12475
-10.78	1.12473
-10.79	1.12471
-10.8	1.12468
-10.81	1.12466
-10.82	1.12464
-10.83	1.12461
-10.84	1.12459
-10.85	1.12456
-10.86	1.12454
-10.87	1.12452
-10.88	1.12449
-10.89	1.12447
-10.9	1.12445
-10.91	1.12442
-10.92	1.1244
-10.93	1.12438
-10.94	1.12435
-10.95	1.12433
-10.96	1.12431
-10.97	1.12429
-10.98	1.12426
-10.99	1.12424
-11	1.12422
-11.01	1.12419
-11.02	1.12417
-11.03	1.12415
-11.04	1.12413
-11.05	1.1241
-11.06	1.12408
-11.07	1.12406
-11.08	1.12403
-11.09	1.12401
-11.1	1.12399
-11.11	1.12397
-11.12	1.12394
-11.13	1.12392
-11.14	1.1239
-11.15	1.12388
-11.16	1.12386
-11.17	1.12383
-11.18	1.12381
-11.19	1.12379
-11.2	1.12377
-11.21	1.12374
-11.22	1.12372
-11.23	1.1237
-11.24	1.12368
-11.25	1.12366
-11.26	1.12364
-11.27	1.12361
-11.28	1.12359
-11.29	1.12357
-11.3	1.12355
-11.31	1.12353
-11.32	1.1235
-11.33	1.12348
-11.34	1.12346
-11.35	1.12344
-11.36	1.12342
-11.37	1.1234
-11.38	1.12338
-11.39	1.12335
-11.4	1.12333
-11.41	1.12331
-11.42	1.12329
-11.43	1.12327
-11.44	1.12325
-11.45	1.12323
-11.46	1.12321
-11.47	1.12319
-11.48	1.12316
-11.49	1.12314
-11.5	1.12312
-11.51	1.1231
-11.52	1.12308
-11.53	1.12306
-11.54	1.12304
-11.55	1.12302
-11.56	1.123
-11.57	1.12298
-11.58	1.12296
-11.59	1.12294
-11.6	1.12291
-11.61	1.12289
-11.62	1.12287
-11.63	1.12285
-11.64	1.12283
-11.65	1.12281
-11.66	1.12279
-11.67	1.12277
-11.68	1.12275
-11.69	1.12273
-11.7	1.12271
-11.71	1.12269
-11.72	1.12267
-11.73	1.12265
-11.74	1.12263
-11.75	1.12261
-11.76	1.12259
-11.77	1.12257
-11.78	1.12255
-11.79	1.12253
-11.8	1.12251
-11.81	1.12249
-11.82	1.12247
-11.83	1.12245
-11.84	1.12243
-11.85	1.12241
-11.86	1.12239
-11.87	1.12237
-11.88	1.12235
-11.89	1.12233
-11.9	1.12231
-11.91	1.12229
-11.92	1.12228
-11.93	1.12226
-11.94	1.12224
-11.95	1.12222
-11.96	1.1222
-11.97	1.12218
-11.98	1.12216
-11.99	1.12214
-12	1.12212
-12.01	1.1221
-12.02	1.12208
-12.03	1.12206
-12.04	1.12204
-12.05	1.12203
-12.06	1.12201
-12.07	1.12199
-12.08	1.12197
-12.09	1.12195
-12.1	1.12193
-12.11	1.12191
-12.12	1.12189
-12.13	1.12187
-12.14	1.12186
-12.15	1.12184
-12.16	1.12182
-12.17	1.1218
-12.18	1.12178
-12.19	1.12176
-12.2	1.12174
-12.21	1.12172
-12.22	1.12171
-12.23	1.12169
-12.24	1.12167
-12.25	1.12165
-12.26	1.12163
-12.27	1.12161
-12.28	1.1216
-12.29	1.12158
-12.3	1.12156
-12.31	1.12154
-12.32	1.12152
-12.33	1.1215
-12.34	1.12149
-12.35	1.12147
-12.36	1.12145
-12.37	1.12143
-12.38	1.12141
-12.39	1.1214
-12.4	1.12138
-12.41	1.12136
-12.42	1.12134
-12.43	1.12132
-12.44	1.12131
-12.45	1.12129
-12.46	1.12127
-12.47	1.12125
-12.48	1.12124
-12.49	1.12122
-12.5	1.1212
-12.51	1.12118
-12.52	1.12117
-12.53	1.12115
-12.54	1.12113
-12.55	1.12111
-12.56	1.1211
-12.57	1.12108
-12.58	1.12106
-12.59	1.12104
-12.6	1.12103
-12.61	1.12101
-12.62	1.12099
-12.63	1.12097
-12.64	1.12096
-12.65	1.12094
-12.66	1.12092
-12.67	1.1209
-12.68	1.12089
-12.69	1.12087
-12.7	1.12085
-12.71	1.12084
-12.72	1.12082
-12.73	1.1208
-12.74	1.12079
-12.75	1.12077
-12.76	1.12075
-12.77	1.12073
-12.78	1.12072
-12.79	1.1207
-12.8	1.12068
-12.81	1.12067
-12.82	1.12065
-12.83	1.12063
-12.84	1.12062
-12.85	1.1206
-12.86	1.12058
-12.87	1.12057
-12.88	1.12055
-12.89	1.12053
-12.9	1.12052
-12.91	1.1205
-12.92	1.12048
-12.93	1.12047
-12.94	1.12045
-12.95	1.12043
-12.96	1.12042
-12.97	1.1204
-12.98	1.12039
-12.99	1.12037
-13	1.12035
-13.01	1.12034
-13.02	1.12032
-13.03	1.1203
-13.04	1.12029
-13.05	1.12027
-13.06	1.12026
-13.07	1.12024
-13.08	1.12022
-13.09	1.12021
-13.1	1.12019
-13.11	1.12017
-13.12	1.12016
-13.13	1.12014
-13.14	1.12013
-13.15	1.12011
-13.16	1.12009
-13.17	1.12008
-13.18	1.12006
-13.19	1.12005
-13.2	1.12003
-13.21	1.12002
-13.22	1.12
-13.23	1.11998
-13.24	1.11997
-13.25	1.11995
-13.26	1.11994
-13.27	1.11992
-13.28	1.11991
-13.29	1.11989
-13.3	1.11987
-13.31	1.11986
-13.32	1.11984
-13.33	1.11983
-13.34	1.11981
-13.35	1.1198
-13.36	1.11978
-13.37	1.11977
-13.38	1.11975
-13.39	1.11974
-13.4	1.11972
-13.41	1.1197
-13.42	1.11969
-13.43	1.11967
-13.44	1.11966
-13.45	1.11964
-13.46	1.11963
-13.47	1.11961
-13.48	1.1196
-13.49	1.11958
-13.5	1.11957
-13.51	1.11955
-13.52	1.11954
-13.53	1.11952
-13.54	1.11951
-13.55	1.11949
-13.56	1.11948
-13.57	1.11946
-13.58	1.11945
-13.59	1.11943
-13.6	1.11942
-13.61	1.1194
-13.62	1.11939
-13.63	1.11937
-13.64	1.11936
-13.65	1.11934
-13.66	1.11933
-13.67	1.11931
-13.68	1.1193
-13.69	1.11929
-13.7	1.11927
-13.71	1.11926
-13.72	1.11924
-13.73	1.11923
-13.74	1.11921
-13.75	1.1192
-13.76	1.11918
-13.77	1.11917
-13.78	1.11915
-13.79	1.11914
-13.8	1.11913
-13.81	1.11911
-13.82	1.1191
-13.83	1.11908
-13.84	1.11907
-13.85	1.11905
-13.86	1.11904
-13.87	1.11902
-13.88	1.11901
-13.89	1.119
-13.9	1.11898
-13.91	1.11897
-13.92	1.11895
-13.93	1.11894
-13.94	1.11893
-13.95	1.11891
-13.96	1.1189
-13.97	1.11888
-13.98	1.11887
-13.99	1.11885
-14	1.11884
-14.01	1.11883
-14.02	1.11881
-14.03	1.1188
-14.04	1.11878
-14.05	1.11877
-14.06	1.11876
-14.07	1.11874
-14.08	1.11873
-14.09	1.11872
-14.1	1.1187
-14.11	1.11869
-14.12	1.11867
-14.13	1.11866
-14.14	1.11865
-14.15	1.11863
-14.16	1.11862
-14.17	1.11861
-14.18	1.11859
-14.19	1.11858
-14.2	1.11856
-14.21	1.11855
-14.22	1.11854
-14.23	1.11852
-14.24	1.11851
-14.25	1.1185
-14.26	1.11848
-14.27	1.11847
-14.28	1.11846
-14.29	1.11844
-14.3	1.11843
-14.31	1.11842
-14.32	1.1184
-14.33	1.11839
-14.34	1.11838
-14.35	1.11836
-14.36	1.11835
-14.37	1.11834
-14.38	1.11832
-14.39	1.11831
-14.4	1.1183
-14.41	1.11828
-14.42	1.11827
-14.43	1.11826
-14.44	1.11824
-14.45	1.11823
-14.46	1.11822
-14.47	1.1182
-14.48	1.11819
-14.49	1.11818
-14.5	1.11816
-14.51	1.11815
-14.52	1.11814
-14.53	1.11812
-14.54	1.11811
-14.55	1.1181
-14.56	1.11809
-14.57	1.11807
-14.58	1.11806
-14.59	1.11805
-14.6	1.11803
-14.61	1.11802
-14.62	1.11801
-14.63	1.118
-14.64	1.11798
-14.65	1.11797
-14.66	1.11796
-14.67	1.11794
-14.68	1.11793
-14.69	1.11792
-14.7	1.11791
-14.71	1.11789
-14.72	1.11788
-14.73	1.11787
-14.74	1.11786
-14.75	1.11784
-14.76	1.11783
-14.77	1.11782
-14.78	1.11781
-14.79	1.11779
-14.8	1.11778
-14.81	1.11777
-14.82	1.11776
-14.83	1.11774
-14.84	1.11773
-14.85	1.11772
-14.86	1.11771
-14.87	1.11769
-14.88	1.11768
-14.89	1.11767
-14.9	1.11766
-14.91	1.11764
-14.92	1.11763
-14.93	1.11762
-14.94	1.11761
-14.95	1.11759
-14.96	1.11758
-14.97	1.11757
-14.98	1.11756
-14.99	1.11755
-15	1.11753
-15.01	1.11752
-15.02	1.11751
-15.03	1.1175
-15.04	1.11748
-15.05	1.11747
-15.06	1.11746
-15.07	1.11745
-15.08	1.11744
-15.09	1.11742
-15.1	1.11741
-15.11	1.1174
-15.12	1.11739
-15.13	1.11738
-15.14	1.11736
-15.15	1.11735
-15.16	1.11734
-15.17	1.11733
-15.18	1.11732
-15.19	1.1173
-15.2	1.11729
-15.21	1.11728
-15.22	1.11727
-15.23	1.11726
-15.24	1.11725
-15.25	1.11723
-15.26	1.11722
-15.27	1.11721
-15.28	1.1172
-15.29	1.11719
-15.3	1.11717
-15.31	1.11716
-15.32	1.11715
-15.33	1.11714
-15.34	1.11713
-15.35	1.11712
-15.36	1.1171
-15.37	1.11709
-15.38	1.11708
-15.39	1.11707
-15.4	1.11706
-15.41	1.11705
-15.42	1.11704
-15.43	1.11702
-15.44	1.11701
-15.45	1.117
-15.46	1.11699
-15.47	1.11698
-15.48	1.11697
-15.49	1.11695
-15.5	1.11694
-15.51	1.11693
-15.52	1.11692
-15.53	1.11691
-15.54	1.1169
-15.55	1.11689
-15.56	1.11688
-15.57	1.11686
-15.58	1.11685
-15.59	1.11684
-15.6	1.11683
-15.61	1.11682
-15.62	1.11681
-15.63	1.1168
-15.64	1.11679
-15.65	1.11677
-15.66	1.11676
-15.67	1.11675
-15.68	1.11674
-15.69	1.11673
-15.7	1.11672
-15.71	1.11671
-15.72	1.1167
-15.73	1.11669
-15.74	1.11667
-15.75	1.11666
-15.76	1.11665
-15.77	1.11664
-15.78	1.11663
-15.79	1.11662
-15.8	1.11661
-15.81	1.1166
-15.82	1.11659
-15.83	1.11658
-15.84	1.11656
-15.85	1.11655
-15.86	1.11654
-15.87	1.11653
-15.88	1.11652
-15.89	1.11651
-15.9	1.1165
-15.91	1.11649
-15.92	1.11648
-15.93	1.11647
-15.94	1.11646
-15.95	1.11644
-15.96	1.11643
-15.97	1.11642
-15.98	1.11641
-15.99	1.1164
-16	1.11639
-16.01	1.11638
-16.02	1.11637
-16.03	1.11636
-16.04	1.11635
-16.05	1.11634
-16.06	1.11633
-16.07	1.11632
-16.08	1.11631
-16.09	1.1163
-16.1	1.11628
-16.11	1.11627
-16.12	1.11626
-16.13	1.11625
-16.14	1.11624
-16.15	1.11623
-16.16	1.11622
-16.17	1.11621
-16.18	1.1162
-16.19	1.11619
-16.2	1.11618
-16.21	1.11617
-16.22	1.11616
-16.23	1.11615
-16.24	1.11614
-16.25	1.11613
-16.26	1.11612
-16.27	1.11611
-16.28	1.1161
-16.29	1.11609
-16.3	1.11608
-16.31	1.11607
-16.32	1.11606
-16.33	1.11605
-16.34	1.11604
-16.35	1.11602
-16.36	1.11601
-16.37	1.116
-16.38	1.11599
-16.39	1.11598
-16.4	1.11597
-16.41	1.11596
-16.42	1.11595
-16.43	1.11594
-16.44	1.11593
-16.45	1.11592
-16.46	1.11591
-16.47	1.1159
-16.48	1.11589
-16.49	1.11588
-16.5	1.11587
-16.51	1.11586
-16.52	1.11585
-16.53	1.11584
-16.54	1.11583
-16.55	1.11582
-16.56	1.11581
-16.57	1.1158
-16.58	1.11579
-16.59	1.11578
-16.6	1.11577
-16.61	1.11576
-16.62	1.11575
-16.63	1.11574
-16.64	1.11573
-16.65	1.11572
-16.66	1.11571
-16.67	1.1157
-16.68	1.11569
-16.69	1.11568
-16.7	1.11567
-16.71	1.11566
-16.72	1.11565
-16.73	1.11564
-16.74	1.11564
-16.75	1.11563
-16.76	1.11562
-16.77	1.11561
-16.78	1.1156
-16.79	1.11559
-16.8	1.11558
-16.81	1.11557
-16.82	1.11556
-16.83	1.11555
-16.84	1.11554
-16.85	1.11553
-16.86	1.11552
-16.87	1.11551
-16.88	1.1155
-16.89	1.11549
-16.9	1.11548
-16.91	1.11547
-16.92	1.11546
-16.93	1.11545
-16.94	1.11544
-16.95	1.11543
-16.96	1.11542
-16.97	1.11541
-16.98	1.1154
-16.99	1.11539
-17	1.11539
-17.01	1.11538
-17.02	1.11537
-17.03	1.11536
-17.04	1.11535
-17.05	1.11534
-17.06	1.11533
-17.07	1.11532
-17.08	1.11531
-17.09	1.1153
-17.1	1.11529
-17.11	1.11528
-17.12	1.11527
-17.13	1.11526
-17.14	1.11525
-17.15	1.11524
-17.16	1.11524
-17.17	1.11523
-17.18	1.11522
-17.19	1.11521
-17.2	1.1152
-17.21	1.11519
-17.22	1.11518
-17.23	1.11517
-17.24	1.11516
-17.25	1.11515
-17.26	1.11514
-17.27	1.11513
-17.28	1.11512
-17.29	1.11512
-17.3	1.11511
-17.31	1.1151
-17.32	1.11509
-17.33	1.11508
-17.34	1.11507
-17.35	1.11506
-17.36	1.11505
-17.37	1.11504
-17.38	1.11503
-17.39	1.11502
-17.4	1.11502
-17.41	1.11501
-17.42	1.115
-17.43	1.11499
-17.44	1.11498
-17.45	1.11497
-17.46	1.11496
-17.47	1.11495
-17.48	1.11494
-17.49	1.11493
-17.5	1.11493
-17.51	1.11492
-17.52	1.11491
-17.53	1.1149
-17.54	1.11489
-17.55	1.11488
-17.56	1.11487
-17.57	1.11486
-17.58	1.11485
-17.59	1.11485
-17.6	1.11484
-17.61	1.11483
-17.62	1.11482
-17.63	1.11481
-17.64	1.1148
-17.65	1.11479
-17.66	1.11478
-17.67	1.11478
-17.68	1.11477
-17.69	1.11476
-17.7	1.11475
-17.71	1.11474
-17.72	1.11473
-17.73	1.11472
-17.74	1.11471
-17.75	1.11471
-17.76	1.1147
-17.77	1.11469
-17.78	1.11468
-17.79	1.11467
-17.8	1.11466
-17.81	1.11465
-17.82	1.11465
-17.83	1.11464
-17.84	1.11463
-17.85	1.11462
-17.86	1.11461
-17.87	1.1146
-17.88	1.11459
-17.89	1.11459
-17.9	1.11458
-17.91	1.11457
-17.92	1.11456
-17.93	1.11455
-17.94	1.11454
-17.95	1.11453
-17.96	1.11453
-17.97	1.11452
-17.98	1.11451
-17.99	1.1145
-18	1.11449
-18.01	1.11448
-18.02	1.11448
-18.03	1.11447
-18.04	1.11446
-18.05	1.11445
-18.06	1.11444
-18.07	1.11443
-18.08	1.11443
-18.09	1.11442
-18.1	1.11441
-18.11	1.1144
-18.12	1.11439
-18.13	1.11438
-18.14	1.11438
-18.15	1.11437
-18.16	1.11436
-18.17	1.11435
-18.18	1.11434
-18.19	1.11433
-18.2	1.11433
-18.21	1.11432
-18.22	1.11431
-18.23	1.1143
-18.24	1.11429
-18.25	1.11428
-18.26	1.11428
-18.27	1.11427
-18.28	1.11426
-18.29	1.11425
-18.3	1.11424
-18.31	1.11424
-18.32	1.11423
-18.33	1.11422
-18.34	1.11421
-18.35	1.1142
-18.36	1.11419
-18.37	1.11419
-18.38	1.11418
-18.39	1.11417
-18.4	1.11416
-18.41	1.11415
-18.42	1.11415
-18.43	1.11414
-18.44	1.11413
-18.45	1.11412
-18.46	1.11411
-18.47	1.11411
-18.48	1.1141
-18.49	1.11409
-18.5	1.11408
-18.51	1.11407
-18.52	1.11407
-18.53	1.11406
-18.54	1.11405
-18.55	1.11404
-18.56	1.11403
-18.57	1.11403
-18.58	1.11402
-18.59	1.11401
-18.6	1.114
-18.61	1.114
-18.62	1.11399
-18.63	1.11398
-18.64	1.11397
-18.65	1.11396
-18.66	1.11396
-18.67	1.11395
-18.68	1.11394
-18.69	1.11393
-18.7	1.11392
-18.71	1.11392
-18.72	1.11391
-18.73	1.1139
-18.74	1.11389
-18.75	1.11389
-18.76	1.11388
-18.77	1.11387
-18.78	1.11386
-18.79	1.11385
-18.8	1.11385
-18.81	1.11384
-18.82	1.11383
-18.83	1.11382
-18.84	1.11382
-18.85	1.11381
-18.86	1.1138
-18.87	1.11379
-18.88	1.11379
-18.89	1.11378
-18.9	1.11377
-18.91	1.11376
-18.92	1.11376
-18.93	1.11375
-18.94	1.11374
-18.95	1.11373
-18.96	1.11372
-18.97	1.11372
-18.98	1.11371
-18.99	1.1137
-19	1.11369
-19.01	1.11369
-19.02	1.11368
-19.03	1.11367
-19.04	1.11366
-19.05	1.11366
-19.06	1.11365
-19.07	1.11364
-19.08	1.11363
-19.09	1.11363
-19.1	1.11362
-19.11	1.11361
-19.12	1.1136
-19.13	1.1136
-19.14	1.11359
-19.15	1.11358
-19.16	1.11357
-19.17	1.11357
-19.18	1.11356
-19.19	1.11355
-19.2	1.11354
-19.21	1.11354
-19.22	1.11353
-19.23	1.11352
-19.24	1.11352
-19.25	1.11351
-19.26	1.1135
-19.27	1.11349
-19.28	1.11349
-19.29	1.11348
-19.3	1.11347
-19.31	1.11346
-19.32	1.11346
-19.33	1.11345
-19.34	1.11344
-19.35	1.11343
-19.36	1.11343
-19.37	1.11342
-19.38	1.11341
-19.39	1.11341
-19.4	1.1134
-19.41	1.11339
-19.42	1.11338
-19.43	1.11338
-19.44	1.11337
-19.45	1.11336
-19.46	1.11336
-19.47	1.11335
-19.48	1.11334
-19.49	1.11333
-19.5	1.11333
-19.51	1.11332
-19.52	1.11331
-19.53	1.1133
-19.54	1.1133
-19.55	1.11329
-19.56	1.11328
-19.57	1.11328
-19.58	1.11327
-19.59	1.11326
-19.6	1.11326
-19.61	1.11325
-19.62	1.11324
-19.63	1.11323
-19.64	1.11323
-19.65	1.11322
-19.66	1.11321
-19.67	1.11321
-19.68	1.1132
-19.69	1.11319
-19.7	1.11318
-19.71	1.11318
-19.72	1.11317
-19.73	1.11316
-19.74	1.11316
-19.75	1.11315
-19.76	1.11314
-19.77	1.11314
-19.78	1.11313
-19.79	1.11312
-19.8	1.11311
-19.81	1.11311
-19.82	1.1131
-19.83	1.11309
-19.84	1.11309
-19.85	1.11308
-19.86	1.11307
-19.87	1.11307
-19.88	1.11306
-19.89	1.11305
-19.9	1.11305
-19.91	1.11304
-19.92	1.11303
-19.93	1.11302
-19.94	1.11302
-19.95	1.11301
-19.96	1.113
-19.97	1.113
-19.98	1.11299
-19.99	1.11298
-20	1.11298
-20.01	1.11297
-20.02	1.11296
-20.03	1.11296
-20.04	1.11295
-20.05	1.11294
-20.06	1.11294
-20.07	1.11293
-20.08	1.11292
-20.09	1.11292
-20.1	1.11291
-20.11	1.1129
-20.12	1.1129
-20.13	1.11289
-20.14	1.11288
-20.15	1.11288
-20.16	1.11287
-20.17	1.11286
-20.18	1.11286
-20.19	1.11285
-20.2	1.11284
-20.21	1.11284
-20.22	1.11283
-20.23	1.11282
-20.24	1.11282
-20.25	1.11281
-20.26	1.1128
-20.27	1.1128
-20.28	1.11279
-20.29	1.11278
-20.3	1.11278
-20.31	1.11277
-20.32	1.11276
-20.33	1.11276
-20.34	1.11275
-20.35	1.11274
-20.36	1.11274
-20.37	1.11273
-20.38	1.11272
-20.39	1.11272
-20.4	1.11271
-20.41	1.1127
-20.42	1.1127
-20.43	1.11269
-20.44	1.11268
-20.45	1.11268
-20.46	1.11267
-20.47	1.11266
-20.48	1.11266
-20.49	1.11265
-20.5	1.11264
-20.51	1.11264
-20.52	1.11263
-20.53	1.11263
-20.54	1.11262
-20.55	1.11261
-20.56	1.11261
-20.57	1.1126
-20.58	1.11259
-20.59	1.11259
-20.6	1.11258
-20.61	1.11257
-20.62	1.11257
-20.63	1.11256
-20.64	1.11255
-20.65	1.11255
-20.66	1.11254
-20.67	1.11254
-20.68	1.11253
-20.69	1.11252
-20.7	1.11252
-20.71	1.11251
-20.72	1.1125
-20.73	1.1125
-20.74	1.11249
-20.75	1.11248
-20.76	1.11248
-20.77	1.11247
-20.78	1.11247
-20.79	1.11246
-20.8	1.11245
-20.81	1.11245
-20.82	1.11244
-20.83	1.11243
-20.84	1.11243
-20.85	1.11242
-20.86	1.11242
-20.87	1.11241
-20.88	1.1124
-20.89	1.1124
-20.9	1.11239
-20.91	1.11238
-20.92	1.11238
-20.93	1.11237
-20.94	1.11237
-20.95	1.11236
-20.96	1.11235
-20.97	1.11235
-20.98	1.11234
-20.99	1.11233
-21	1.11233
-21.01	1.11232
-21.02	1.11232
-21.03	1.11231
-21.04	1.1123
-21.05	1.1123
-21.06	1.11229
-21.07	1.11229
-21.08	1.11228
-21.09	1.11227
-21.1	1.11227
-21.11	1.11226
-21.12	1.11226
-21.13	1.11225
-21.14	1.11224
-21.15	1.11224
-21.16	1.11223
-21.17	1.11222
-21.18	1.11222
-21.19	1.11221
-21.2	1.11221
-21.21	1.1122
-21.22	1.11219
-21.23	1.11219
-21.24	1.11218
-21.25	1.11218
-21.26	1.11217
-21.27	1.11216
-21.28	1.11216
-21.29	1.11215
-21.3	1.11215
-21.31	1.11214
-21.32	1.11213
-21.33	1.11213
-21.34	1.11212
-21.35	1.11212
-21.36	1.11211
-21.37	1.1121
-21.38	1.1121
-21.39	1.11209
-21.4	1.11209
-21.41	1.11208
-21.42	1.11207
-21.43	1.11207
-21.44	1.11206
-21.45	1.11206
-21.46	1.11205
-21.47	1.11205
-21.48	1.11204
-21.49	1.11203
-21.5	1.11203
-21.51	1.11202
-21.52	1.11202
-21.53	1.11201
-21.54	1.112
-21.55	1.112
-21.56	1.11199
-21.57	1.11199
-21.58	1.11198
-21.59	1.11197
-21.6	1.11197
-21.61	1.11196
-21.62	1.11196
-21.63	1.11195
-21.64	1.11195
-21.65	1.11194
-21.66	1.11193
-21.67	1.11193
-21.68	1.11192
-21.69	1.11192
-21.7	1.11191
-21.71	1.1119
-21.72	1.1119
-21.73	1.11189
-21.74	1.11189
-21.75	1.11188
-21.76	1.11188
-21.77	1.11187
-21.78	1.11186
-21.79	1.11186
-21.8	1.11185
-21.81	1.11185
-21.82	1.11184
-21.83	1.11184
-21.84	1.11183
-21.85	1.11182
-21.86	1.11182
-21.87	1.11181
-21.88	1.11181
-21.89	1.1118
-21.9	1.1118
-21.91	1.11179
-21.92	1.11179
-21.93	1.11178
-21.94	1.11177
-21.95	1.11177
-21.96	1.11176
-21.97	1.11176
-21.98	1.11175
-21.99	1.11175
-22	1.11174
-22.01	1.11173
-22.02	1.11173
-22.03	1.11172
-22.04	1.11172
-22.05	1.11171
-22.06	1.11171
-22.07	1.1117
-22.08	1.1117
-22.09	1.11169
-22.1	1.11168
-22.11	1.11168
-22.12	1.11167
-22.13	1.11167
-22.14	1.11166
-22.15	1.11166
-22.16	1.11165
-22.17	1.11165
-22.18	1.11164
-22.19	1.11163
-22.2	1.11163
-22.21	1.11162
-22.22	1.11162
-22.23	1.11161
-22.24	1.11161
-22.25	1.1116
-22.26	1.1116
-22.27	1.11159
-22.28	1.11158
-22.29	1.11158
-22.3	1.11157
-22.31	1.11157
-22.32	1.11156
-22.33	1.11156
-22.34	1.11155
-22.35	1.11155
-22.36	1.11154
-22.37	1.11154
-22.38	1.11153
-22.39	1.11152
-22.4	1.11152
-22.41	1.11151
-22.42	1.11151
-22.43	1.1115
-22.44	1.1115
-22.45	1.11149
-22.46	1.11149
-22.47	1.11148
-22.48	1.11148
-22.49	1.11147
-22.5	1.11147
-22.51	1.11146
-22.52	1.11145
-22.53	1.11145
-22.54	1.11144
-22.55	1.11144
-22.56	1.11143
-22.57	1.11143
-22.58	1.11142
-22.59	1.11142
-22.6	1.11141
-22.61	1.11141
-22.62	1.1114
-22.63	1.1114
-22.64	1.11139
-22.65	1.11139
-22.66	1.11138
-22.67	1.11137
-22.68	1.11137
-22.69	1.11136
-22.7	1.11136
-22.71	1.11135
-22.72	1.11135
-22.73	1.11134
-22.74	1.11134
-22.75	1.11133
-22.76	1.11133
-22.77	1.11132
-22.78	1.11132
-22.79	1.11131
-22.8	1.11131
-22.81	1.1113
-22.82	1.1113
-22.83	1.11129
-22.84	1.11129
-22.85	1.11128
-22.86	1.11128
-22.87	1.11127
-22.88	1.11126
-22.89	1.11126
-22.9	1.11125
-22.91	1.11125
-22.92	1.11124
-22.93	1.11124
-22.94	1.11123
-22.95	1.11123
-22.96	1.11122
-22.97	1.11122
-22.98	1.11121
-22.99	1.11121
-23	1.1112
-23.01	1.1112
-23.02	1.11119
-23.03	1.11119
-23.04	1.11118
-23.05	1.11118
-23.06	1.11117
-23.07	1.11117
-23.08	1.11116
-23.09	1.11116
-23.1	1.11115
-23.11	1.11115
-23.12	1.11114
-23.13	1.11114
-23.14	1.11113
-23.15	1.11113
-23.16	1.11112
-23.17	1.11112
-23.18	1.11111
-23.19	1.11111
-23.2	1.1111
-23.21	1.1111
-23.22	1.11109
-23.23	1.11109
-23.24	1.11108
-23.25	1.11108
-23.26	1.11107
-23.27	1.11107
-23.28	1.11106
-23.29	1.11106
-23.3	1.11105
-23.31	1.11105
-23.32	1.11104
-23.33	1.11104
-23.34	1.11103
-23.35	1.11103
-23.36	1.11102
-23.37	1.11102
-23.38	1.11101
-23.39	1.11101
-23.4	1.111
-23.41	1.111
-23.42	1.11099
-23.43	1.11099
-23.44	1.11098
-23.45	1.11098
-23.46	1.11097
-23.47	1.11097
-23.48	1.11096
-23.49	1.11096
-23.5	1.11095
-23.51	1.11095
-23.52	1.11094
-23.53	1.11094
-23.54	1.11093
-23.55	1.11093
-23.56	1.11092
-23.57	1.11092
-23.58	1.11091
-23.59	1.11091
-23.6	1.1109
-23.61	1.1109
-23.62	1.11089
-23.63	1.11089
-23.64	1.11088
-23.65	1.11088
-23.66	1.11087
-23.67	1.11087
-23.68	1.11086
-23.69	1.11086
-23.7	1.11085
-23.71	1.11085
-23.72	1.11084
-23.73	1.11084
-23.74	1.11083
-23.75	1.11083
-23.76	1.11082
-23.77	1.11082
-23.78	1.11082
-23.79	1.11081
-23.8	1.11081
-23.81	1.1108
-23.82	1.1108
-23.83	1.11079
-23.84	1.11079
-23.85	1.11078
-23.86	1.11078
-23.87	1.11077
-23.88	1.11077
-23.89	1.11076
-23.9	1.11076
-23.91	1.11075
-23.92	1.11075
-23.93	1.11074
-23.94	1.11074
-23.95	1.11073
-23.96	1.11073
-23.97	1.11072
-23.98	1.11072
-23.99	1.11072
-24	1.11071
-24.01	1.11071
-24.02	1.1107
-24.03	1.1107
-24.04	1.11069
-24.05	1.11069
-24.06	1.11068
-24.07	1.11068
-24.08	1.11067
-24.09	1.11067
-24.1	1.11066
-24.11	1.11066
-24.12	1.11065
-24.13	1.11065
-24.14	1.11065
-24.15	1.11064
-24.16	1.11064
-24.17	1.11063
-24.18	1.11063
-24.19	1.11062
-24.2	1.11062
-24.21	1.11061
-24.22	1.11061
-24.23	1.1106
-24.24	1.1106
-24.25	1.11059
-24.26	1.11059
-24.27	1.11058
-24.28	1.11058
-24.29	1.11058
-24.3	1.11057
-24.31	1.11057
-24.32	1.11056
-24.33	1.11056
-24.34	1.11055
-24.35	1.11055
-24.36	1.11054
-24.37	1.11054
-24.38	1.11053
-24.39	1.11053
-24.4	1.11053
-24.41	1.11052
-24.42	1.11052
-24.43	1.11051
-24.44	1.11051
-24.45	1.1105
-24.46	1.1105
-24.47	1.11049
-24.48	1.11049
-24.49	1.11048
-24.5	1.11048
-24.51	1.11048
-24.52	1.11047
-24.53	1.11047
-24.54	1.11046
-24.55	1.11046
-24.56	1.11045
-24.57	1.11045
-24.58	1.11044
-24.59	1.11044
-24.6	1.11043
-24.61	1.11043
-24.62	1.11043
-24.63	1.11042
-24.64	1.11042
-24.65	1.11041
-24.66	1.11041
-24.67	1.1104
-24.68	1.1104
-24.69	1.11039
-24.7	1.11039
-24.71	1.11039
-24.72	1.11038
-24.73	1.11038
-24.74	1.11037
-24.75	1.11037
-24.76	1.11036
-24.77	1.11036
-24.78	1.11035
-24.79	1.11035
-24.8	1.11035
-24.81	1.11034
-24.82	1.11034
-24.83	1.11033
-24.84	1.11033
-24.85	1.11032
-24.86	1.11032
-24.87	1.11032
-24.88	1.11031
-24.89	1.11031
-24.9	1.1103
-24.91	1.1103
-24.92	1.11029
-24.93	1.11029
-24.94	1.11028
-24.95	1.11028
-24.96	1.11028
-24.97	1.11027
-24.98	1.11027
-24.99	1.11026
-25	1.11026
-25.01	1.11025
-25.02	1.11025
-25.03	1.11025
-25.04	1.11024
-25.05	1.11024
-25.06	1.11023
-25.07	1.11023
-25.08	1.11022
-25.09	1.11022
-25.1	1.11022
-25.11	1.11021
-25.12	1.11021
-25.13	1.1102
-25.14	1.1102
-25.15	1.11019
-25.16	1.11019
-25.17	1.11019
-25.18	1.11018
-25.19	1.11018
-25.2	1.11017
-25.21	1.11017
-25.22	1.11016
-25.23	1.11016
-25.24	1.11016
-25.25	1.11015
-25.26	1.11015
-25.27	1.11014
-25.28	1.11014
-25.29	1.11013
-25.3	1.11013
-25.31	1.11013
-25.32	1.11012
-25.33	1.11012
-25.34	1.11011
-25.35	1.11011
-25.36	1.1101
-25.37	1.1101
-25.38	1.1101
-25.39	1.11009
-25.4	1.11009
-25.41	1.11008
-25.42	1.11008
-25.43	1.11007
-25.44	1.11007
-25.45	1.11007
-25.46	1.11006
-25.47	1.11006
-25.48	1.11005
-25.49	1.11005
-25.5	1.11005
-25.51	1.11004
-25.52	1.11004
-25.53	1.11003
-25.54	1.11003
-25.55	1.11002
-25.56	1.11002
-25.57	1.11002
-25.58	1.11001
-25.59	1.11001
-25.6	1.11
-25.61	1.11
-25.62	1.11
-25.63	1.10999
-25.64	1.10999
-25.65	1.10998
-25.66	1.10998
-25.67	1.10998
-25.68	1.10997
-25.69	1.10997
-25.7	1.10996
-25.71	1.10996
-25.72	1.10995
-25.73	1.10995
-25.74	1.10995
-25.75	1.10994
-25.76	1.10994
-25.77	1.10993
-25.78	1.10993
-25.79	1.10993
-25.8	1.10992
-25.81	1.10992
-25.82	1.10991
-25.83	1.10991
-25.84	1.10991
-25.85	1.1099
-25.86	1.1099
-25.87	1.10989
-25.88	1.10989
-25.89	1.10989
-25.9	1.10988
-25.91	1.10988
-25.92	1.10987
-25.93	1.10987
-25.94	1.10987
-25.95	1.10986
-25.96	1.10986
-25.97	1.10985
-25.98	1.10985
-25.99	1.10985
-26	1.10984
-26.01	1.10984
-26.02	1.10983
-26.03	1.10983
-26.04	1.10983
-26.05	1.10982
-26.06	1.10982
-26.07	1.10981
-26.08	1.10981
-26.09	1.10981
-26.1	1.1098
-26.11	1.1098
-26.12	1.10979
-26.13	1.10979
-26.14	1.10979
-26.15	1.10978
-26.16	1.10978
-26.17	1.10977
-26.18	1.10977
-26.19	1.10977
-26.2	1.10976
-26.21	1.10976
-26.22	1.10975
-26.23	1.10975
-26.24	1.10975
-26.25	1.10974
-26.26	1.10974
-26.27	1.10973
-26.28	1.10973
-26.29	1.10973
-26.3	1.10972
-26.31	1.10972
-26.32	1.10971
-26.33	1.10971
-26.34	1.10971
-26.35	1.1097
-26.36	1.1097
-26.37	1.10969
-26.38	1.10969
-26.39	1.10969
-26.4	1.10968
-26.41	1.10968
-26.42	1.10968
-26.43	1.10967
-26.44	1.10967
-26.45	1.10966
-26.46	1.10966
-26.47	1.10966
-26.48	1.10965
-26.49	1.10965
-26.5	1.10964
-26.51	1.10964
-26.52	1.10964
-26.53	1.10963
-26.54	1.10963
-26.55	1.10963
-26.56	1.10962
-26.57	1.10962
-26.58	1.10961
-26.59	1.10961
-26.6	1.10961
-26.61	1.1096
-26.62	1.1096
-26.63	1.10959
-26.64	1.10959
-26.65	1.10959
-26.66	1.10958
-26.67	1.10958
-26.68	1.10958
-26.69	1.10957
-26.7	1.10957
-26.71	1.10956
-26.72	1.10956
-26.73	1.10956
-26.74	1.10955
-26.75	1.10955
-26.76	1.10954
-26.77	1.10954
-26.78	1.10954
-26.79	1.10953
-26.8	1.10953
-26.81	1.10953
-26.82	1.10952
-26.83	1.10952
-26.84	1.10951
-26.85	1.10951
-26.86	1.10951
-26.87	1.1095
-26.88	1.1095
-26.89	1.1095
-26.9	1.10949
-26.91	1.10949
-26.92	1.10948
-26.93	1.10948
-26.94	1.10948
-26.95	1.10947
-26.96	1.10947
-26.97	1.10947
-26.98	1.10946
-26.99	1.10946
-27	1.10945
-27.01	1.10945
-27.02	1.10945
-27.03	1.10944
-27.04	1.10944
-27.05	1.10944
-27.06	1.10943
-27.07	1.10943
-27.08	1.10943
-27.09	1.10942
-27.1	1.10942
-27.11	1.10941
-27.12	1.10941
-27.13	1.10941
-27.14	1.1094
-27.15	1.1094
-27.16	1.1094
-27.17	1.10939
-27.18	1.10939
-27.19	1.10938
-27.2	1.10938
-27.21	1.10938
-27.22	1.10937
-27.23	1.10937
-27.24	1.10937
-27.25	1.10936
-27.26	1.10936
-27.27	1.10936
-27.28	1.10935
-27.29	1.10935
-27.3	1.10934
-27.31	1.10934
-27.32	1.10934
-27.33	1.10933
-27.34	1.10933
-27.35	1.10933
-27.36	1.10932
-27.37	1.10932
-27.38	1.10932
-27.39	1.10931
-27.4	1.10931
-27.41	1.1093
-27.42	1.1093
-27.43	1.1093
-27.44	1.10929
-27.45	1.10929
-27.46	1.10929
-27.47	1.10928
-27.48	1.10928
-27.49	1.10928
-27.5	1.10927
-27.51	1.10927
-27.52	1.10927
-27.53	1.10926
-27.54	1.10926
-27.55	1.10925
-27.56	1.10925
-27.57	1.10925
-27.58	1.10924
-27.59	1.10924
-27.6	1.10924
-27.61	1.10923
-27.62	1.10923
-27.63	1.10923
-27.64	1.10922
-27.65	1.10922
-27.66	1.10922
-27.67	1.10921
-27.68	1.10921
-27.69	1.1092
-27.7	1.1092
-27.71	1.1092
-27.72	1.10919
-27.73	1.10919
-27.74	1.10919
-27.75	1.10918
-27.76	1.10918
-27.77	1.10918
-27.78	1.10917
-27.79	1.10917
-27.8	1.10917
-27.81	1.10916
-27.82	1.10916
-27.83	1.10916
-27.84	1.10915
-27.85	1.10915
-27.86	1.10915
-27.87	1.10914
-27.88	1.10914
-27.89	1.10913
-27.9	1.10913
-27.91	1.10913
-27.92	1.10912
-27.93	1.10912
-27.94	1.10912
-27.95	1.10911
-27.96	1.10911
-27.97	1.10911
-27.98	1.1091
-27.99	1.1091
-28	1.1091
-28.01	1.10909
-28.02	1.10909
-28.03	1.10909
-28.04	1.10908
-28.05	1.10908
-28.06	1.10908
-28.07	1.10907
-28.08	1.10907
-28.09	1.10907
-28.1	1.10906
-28.11	1.10906
-28.12	1.10906
-28.13	1.10905
-28.14	1.10905
-28.15	1.10905
-28.16	1.10904
-28.17	1.10904
-28.18	1.10903
-28.19	1.10903
-28.2	1.10903
-28.21	1.10902
-28.22	1.10902
-28.23	1.10902
-28.24	1.10901
-28.25	1.10901
-28.26	1.10901
-28.27	1.109
-28.28	1.109
-28.29	1.109
-28.3	1.10899
-28.31	1.10899
-28.32	1.10899
-28.33	1.10898
-28.34	1.10898
-28.35	1.10898
-28.36	1.10897
-28.37	1.10897
-28.38	1.10897
-28.39	1.10896
-28.4	1.10896
-28.41	1.10896
-28.42	1.10895
-28.43	1.10895
-28.44	1.10895
-28.45	1.10894
-28.46	1.10894
-28.47	1.10894
-28.48	1.10893
-28.49	1.10893
-28.5	1.10893
-28.51	1.10892
-28.52	1.10892
-28.53	1.10892
-28.54	1.10891
-28.55	1.10891
-28.56	1.10891
-28.57	1.1089
-28.58	1.1089
-28.59	1.1089
-28.6	1.10889
-28.61	1.10889
-28.62	1.10889
-28.63	1.10888
-28.64	1.10888
-28.65	1.10888
-28.66	1.10887
-28.67	1.10887
-28.68	1.10887
-28.69	1.10886
-28.7	1.10886
-28.71	1.10886
-28.72	1.10885
-28.73	1.10885
-28.74	1.10885
-28.75	1.10884
-28.76	1.10884
-28.77	1.10884
-28.78	1.10883
-28.79	1.10883
-28.8	1.10883
-28.81	1.10882
-28.82	1.10882
-28.83	1.10882
-28.84	1.10881
-28.85	1.10881
-28.86	1.10881
-28.87	1.10881
-28.88	1.1088
-28.89	1.1088
-28.9	1.1088
-28.91	1.10879
-28.92	1.10879
-28.93	1.10879
-28.94	1.10878
-28.95	1.10878
-28.96	1.10878
-28.97	1.10877
-28.98	1.10877
-28.99	1.10877
-29	1.10876
-29.01	1.10876
-29.02	1.10876
-29.03	1.10875
-29.04	1.10875
-29.05	1.10875
-29.06	1.10874
-29.07	1.10874
-29.08	1.10874
-29.09	1.10873
-29.1	1.10873
-29.11	1.10873
-29.12	1.10872
-29.13	1.10872
-29.14	1.10872
-29.15	1.10872
-29.16	1.10871
-29.17	1.10871
-29.18	1.10871
-29.19	1.1087
-29.2	1.1087
-29.21	1.1087
-29.22	1.10869
-29.23	1.10869
-29.24	1.10869
-29.25	1.10868
-29.26	1.10868
-29.27	1.10868
-29.28	1.10867
-29.29	1.10867
-29.3	1.10867
-29.31	1.10866
-29.32	1.10866
-29.33	1.10866
-29.34	1.10865
-29.35	1.10865
-29.36	1.10865
-29.37	1.10865
-29.38	1.10864
-29.39	1.10864
-29.4	1.10864
-29.41	1.10863
-29.42	1.10863
-29.43	1.10863
-29.44	1.10862
-29.45	1.10862
-29.46	1.10862
-29.47	1.10861
-29.48	1.10861
-29.49	1.10861
-29.5	1.1086
-29.51	1.1086
-29.52	1.1086
-29.53	1.1086
-29.54	1.10859
-29.55	1.10859
-29.56	1.10859
-29.57	1.10858
-29.58	1.10858
-29.59	1.10858
-29.6	1.10857
-29.61	1.10857
-29.62	1.10857
-29.63	1.10856
-29.64	1.10856
-29.65	1.10856
-29.66	1.10856
-29.67	1.10855
-29.68	1.10855
-29.69	1.10855
-29.7	1.10854
-29.71	1.10854
-29.72	1.10854
-29.73	1.10853
-29.74	1.10853
-29.75	1.10853
-29.76	1.10852
-29.77	1.10852
-29.78	1.10852
-29.79	1.10852
-29.8	1.10851
-29.81	1.10851
-29.82	1.10851
-29.83	1.1085
-29.84	1.1085
-29.85	1.1085
-29.86	1.10849
-29.87	1.10849
-29.88	1.10849
-29.89	1.10849
-29.9	1.10848
-29.91	1.10848
-29.92	1.10848
-29.93	1.10847
-29.94	1.10847
-29.95	1.10847
-29.96	1.10846
-29.97	1.10846
-29.98	1.10846
-29.99	1.10846
-30	1.10845
