x	y
30	0.918997
29.99	0.918999
29.98	0.919001
29.97	0.919003
29.96	0.919005
29.95	0.919008
29.94	0.91901
29.93	0.919012
29.92	0.919014
29.91	0.919016
29.9	0.919019
29.89	0.919021
29.88	0.919023
29.87	0.919025
29.86	0.919027
29.85	0.91903
29.84	0.919032
29.83	0.919034
29.82	0.919036
29.81	0.919039
29.8	0.919041
29.79	0.919043
29.78	0.919045
29.77	0.919047
29.76	0.91905
29.75	0.919052
29.74	0.919054
29.73	0.919056
29.72	0.919059
29.71	0.919061
29.7	0.919063
29.69	0.919065
29.68	0.919067
29.67	0.91907
29.66	0.919072
29.65	0.919074
29.64	0.919076
29.63	0.919079
29.62	0.919081
29.61	0.919083
29.6	0.919085
29.59	0.919088
29.58	0.91909
29.57	0.919092
29.56	0.919094
29.55	0.919097
29.54	0.919099
29.53	0.919101
29.52	0.919103
29.51	0.919106
29.5	0.919108
29.49	0.91911
29.48	0.919112
29.47	0.919115
29.46	0.919117
29.45	0.919119
29.44	0.919122
29.43	0.919124
29.42	0.919126
29.41	0.919128
29.4	0.919131
29.39	0.919133
29.38	0.919135
29.37	0.919137
29.36	0.91914
29.35	0.919142
29.34	0.919144
29.33	0.919147
29.32	0.919149
29.31	0.919151
29.3	0.919153
29.29	0.919156
29.28	0.919158
29.27	0.91916
29.26	0.919163
29.25	0.919165
29.24	0.919167
29.23	0.91917
29.22	0.919172
29.21	0.919174
29.2	0.919176
29.19	0.919179
29.18	0.919181
29.17	0.919183
29.16	0.919186
29.15	0.919188
29.14	0.91919
29.13	0.919193
29.12	0.919195
29.11	0.919197
29.1	0.9192
29.09	0.919202
29.08	0.919204
29.07	0.919207
29.06	0.919209
29.05	0.919211
29.04	0.919214
29.03	0.919216
29.02	0.919218
29.01	0.919221
29	0.919223
28.99	0.919225
28.98	0.919228
28.97	0.91923
28.96	0.919232
28.95	0.919235
28.94	0.919237
28.93	0.919239
28.92	0.919242
28.91	0.919244
28.9	0.919246
28.89	0.919249
28.88	0.919251
28.87	0.919254
28.86	0.919256
28.85	0.919258
28.84	0.919261
28.83	0.919263
28.82	0.919265
28.81	0.919268
28.8	0.91927
28.79	0.919272
28.78	0.919275
28.77	0.919277
28.76	0.91928
28.75	0.919282
28.74	0.919284
28.73	0.919287
28.72	0.919289
28.71	0.919291
28.7	0.919294
28.69	0.919296
28.68	0.919299
28.67	0.919301
28.66	0.919303
28.65	0.919306
28.64	0.919308
28.63	0.919311
28.62	0.919313
28.61	0.919315
28.6	0.919318
28.59	0.91932
28.58	0.919323
28.57	0.919325
28.56	0.919327
28.55	0.91933
28.54	0.919332
28.53	0.919335
28.52	0.919337
28.51	0.91934
28.5	0.919342
28.49	0.919344
28.48	0.919347
28.47	0.919349
28.46	0.919352
28.45	0.919354
28.44	0.919357
28.43	0.919359
28.42	0.919361
28.41	0.919364
28.4	0.919366
28.39	0.919369
28.38	0.919371
28.37	0.919374
28.36	0.919376
28.35	0.919379
28.34	0.919381
28.33	0.919384
28.32	0.919386
28.31	0.919388
28.3	0.919391
28.29	0.919393
28.28	0.919396
28.27	0.919398
28.26	0.919401
28.25	0.919403
28.24	0.919406
28.23	0.919408
28.22	0.919411
28.21	0.919413
28.2	0.919416
28.19	0.919418
28.18	0.91942
28.17	0.919423
28.16	0.919425
28.15	0.919428
28.14	0.91943
28.13	0.919433
28.12	0.919435
28.11	0.919438
28.1	0.91944
28.09	0.919443
28.08	0.919445
28.07	0.919448
28.06	0.91945
28.05	0.919453
28.04	0.919455
28.03	0.919458
28.02	0.91946
28.01	0.919463
28	0.919465
27.99	0.919468
27.98	0.91947
27.97	0.919473
27.96	0.919475
27.95	0.919478
27.94	0.919481
27.93	0.919483
27.92	0.919486
27.91	0.919488
27.9	0.919491
27.89	0.919493
27.88	0.919496
27.87	0.919498
27.86	0.919501
27.85	0.919503
27.84	0.919506
27.83	0.919508
27.82	0.919511
27.81	0.919513
27.8	0.919516
27.79	0.919519
27.78	0.919521
27.77	0.919524
27.76	0.919526
27.75	0.919529
27.74	0.919531
27.73	0.919534
27.72	0.919536
27.71	0.919539
27.7	0.919542
27.69	0.919544
27.68	0.919547
27.67	0.919549
27.66	0.919552
27.65	0.919554
27.64	0.919557
27.63	0.91956
27.62	0.919562
27.61	0.919565
27.6	0.919567
27.59	0.91957
27.58	0.919573
27.57	0.919575
27.56	0.919578
27.55	0.91958
27.54	0.919583
27.53	0.919586
27.52	0.919588
27.51	0.919591
27.5	0.919593
27.49	0.919596
27.48	0.919599
27.47	0.919601
27.46	0.919604
27.45	0.919606
27.44	0.919609
27.43	0.919612
27.42	0.919614
27.41	0.919617
27.4	0.91962
27.39	0.919622
27.38	0.919625
27.37	0.919627
27.36	0.91963
27.35	0.919633
27.34	0.919635
27.33	0.919638
27.32	0.919641
27.31	0.919643
27.3	0.919646
27.29	0.919648
27.28	0.919651
27.27	0.919654
27.26	0.919656
27.25	0.919659
27.24	0.919662
27.23	0.919664
27.22	0.919667
27.21	0.91967
27.2	0.919672
27.19	0.919675
27.18	0.919678
27.17	0.91968
27.16	0.919683
27.15	0.919686
27.14	0.919688
27.13	0.919691
27.12	0.919694
27.11	0.919696
27.1	0.919699
27.09	0.919702
27.08	0.919704
27.07	0.919707
27.06	0.91971
27.05	0.919712
27.04	0.919715
27.03	0.919718
27.02	0.919721
27.01	0.919723
27	0.919726
26.99	0.919729
26.98	0.919731
26.97	0.919734
26.96	0.919737
26.95	0.91974
26.94	0.919742
26.93	0.919745
26.92	0.919748
26.91	0.91975
26.9	0.919753
26.89	0.919756
26.88	0.919759
26.87	0.919761
26.86	0.919764
26.85	0.919767
26.84	0.91977
26.83	0.919772
26.82	0.919775
26.81	0.919778
26.8	0.91978
26.79	0.919783
26.78	0.919786
26.77	0.919789
26.76	0.919791
26.75	0.919794
26.74	0.919797
26.73	0.9198
26.72	0.919802
26.71	0.919805
26.7	0.919808
26.69	0.919811
26.68	0.919814
26.67	0.919816
26.66	0.919819
26.65	0.919822
26.64	0.919825
26.63	0.919827
26.62	0.91983
26.61	0.919833
26.6	0.919836
26.59	0.919839
26.58	0.919841
26.57	0.919844
26.56	0.919847
26.55	0.91985
26.54	0.919852
26.53	0.919855
26.52	0.919858
26.51	0.919861
26.5	0.919864
26.49	0.919867
26.48	0.919869
26.47	0.919872
26.46	0.919875
26.45	0.919878
26.44	0.919881
26.43	0.919883
26.42	0.919886
26.41	0.919889
26.4	0.919892
26.39	0.919895
26.38	0.919898
26.37	0.9199
26.36	0.919903
26.35	0.919906
26.34	0.919909
26.33	0.919912
26.32	0.919915
26.31	0.919917
26.3	0.91992
26.29	0.919923
26.28	0.919926
26.27	0.919929
26.26	0.919932
26.25	0.919935
26.24	0.919937
26.23	0.91994
26.22	0.919943
26.21	0.919946
26.2	0.919949
26.19	0.919952
26.18	0.919955
26.17	0.919958
26.16	0.91996
26.15	0.919963
26.14	0.919966
26.13	0.919969
26.12	0.919972
26.11	0.919975
26.1	0.919978
26.09	0.919981
26.08	0.919984
26.07	0.919986
26.06	0.919989
26.05	0.919992
26.04	0.919995
26.03	0.919998
26.02	0.920001
26.01	0.920004
26	0.920007
25.99	0.92001
25.98	0.920013
25.97	0.920016
25.96	0.920018
25.95	0.920021
25.94	0.920024
25.93	0.920027
25.92	0.92003
25.91	0.920033
25.9	0.920036
25.89	0.920039
25.88	0.920042
25.87	0.920045
25.86	0.920048
25.85	0.920051
25.84	0.920054
25.83	0.920057
25.82	0.92006
25.81	0.920063
25.8	0.920066
25.79	0.920069
25.78	0.920071
25.77	0.920074
25.76	0.920077
25.75	0.92008
25.74	0.920083
25.73	0.920086
25.72	0.920089
25.71	0.920092
25.7	0.920095
25.69	0.920098
25.68	0.920101
25.67	0.920104
25.66	0.920107
25.65	0.92011
25.64	0.920113
25.63	0.920116
25.62	0.920119
25.61	0.920122
25.6	0.920125
25.59	0.920128
25.58	0.920131
25.57	0.920134
25.56	0.920137
25.55	0.92014
25.54	0.920143
25.53	0.920146
25.52	0.920149
25.51	0.920152
25.5	0.920155
25.49	0.920159
25.48	0.920162
25.47	0.920165
25.46	0.920168
25.45	0.920171
25.44	0.920174
25.43	0.920177
25.42	0.92018
25.41	0.920183
25.4	0.920186
25.39	0.920189
25.38	0.920192
25.37	0.920195
25.36	0.920198
25.35	0.920201
25.34	0.920204
25.33	0.920207
25.32	0.92021
25.31	0.920214
25.3	0.920217
25.29	0.92022
25.28	0.920223
25.27	0.920226
25.26	0.920229
25.25	0.920232
25.24	0.920235
25.23	0.920238
25.22	0.920241
25.21	0.920244
25.2	0.920248
25.19	0.920251
25.18	0.920254
25.17	0.920257
25.16	0.92026
25.15	0.920263
25.14	0.920266
25.13	0.920269
25.12	0.920272
25.11	0.920276
25.1	0.920279
25.09	0.920282
25.08	0.920285
25.07	0.920288
25.06	0.920291
25.05	0.920294
25.04	0.920298
25.03	0.920301
25.02	0.920304
25.01	0.920307
25	0.92031
24.99	0.920313
24.98	0.920316
24.97	0.92032
24.96	0.920323
24.95	0.920326
24.94	0.920329
24.93	0.920332
24.92	0.920335
24.91	0.920339
24.9	0.920342
24.89	0.920345
24.88	0.920348
24.87	0.920351
24.86	0.920355
24.85	0.920358
24.84	0.920361
24.83	0.920364
24.82	0.920367
24.81	0.920371
24.8	0.920374
24.79	0.920377
24.78	0.92038
24.77	0.920383
24.76	0.920387
24.75	0.92039
24.74	0.920393
24.73	0.920396
24.72	0.9204
24.71	0.920403
24.7	0.920406
24.69	0.920409
24.68	0.920412
24.67	0.920416
24.66	0.920419
24.65	0.920422
24.64	0.920425
24.63	0.920429
24.62	0.920432
24.61	0.920435
24.6	0.920438
24.59	0.920442
24.58	0.920445
24.57	0.920448
24.56	0.920452
24.55	0.920455
24.54	0.920458
24.53	0.920461
24.52	0.920465
24.51	0.920468
24.5	0.920471
24.49	0.920474
24.48	0.920478
24.47	0.920481
24.46	0.920484
24.45	0.920488
24.44	0.920491
24.43	0.920494
24.42	0.920498
24.41	0.920501
24.4	0.920504
24.39	0.920508
24.38	0.920511
24.37	0.920514
24.36	0.920518
24.35	0.920521
24.34	0.920524
24.33	0.920527
24.32	0.920531
24.31	0.920534
24.3	0.920537
24.29	0.920541
24.28	0.920544
24.27	0.920548
24.26	0.920551
24.25	0.920554
24.24	0.920558
24.23	0.920561
24.22	0.920564
24.21	0.920568
24.2	0.920571
24.19	0.920574
24.18	0.920578
24.17	0.920581
24.16	0.920585
24.15	0.920588
24.14	0.920591
24.13	0.920595
24.12	0.920598
24.11	0.920601
24.1	0.920605
24.09	0.920608
24.08	0.920612
24.07	0.920615
24.06	0.920619
24.05	0.920622
24.04	0.920625
24.03	0.920629
24.02	0.920632
24.01	0.920636
24	0.920639
23.99	0.920642
23.98	0.920646
23.97	0.920649
23.96	0.920653
23.95	0.920656
23.94	0.92066
23.93	0.920663
23.92	0.920667
23.91	0.92067
23.9	0.920673
23.89	0.920677
23.88	0.92068
23.87	0.920684
23.86	0.920687
23.85	0.920691
23.84	0.920694
23.83	0.920698
23.82	0.920701
23.81	0.920705
23.8	0.920708
23.79	0.920712
23.78	0.920715
23.77	0.920719
23.76	0.920722
23.75	0.920726
23.74	0.920729
23.73	0.920733
23.72	0.920736
23.71	0.92074
23.7	0.920743
23.69	0.920747
23.68	0.92075
23.67	0.920754
23.66	0.920757
23.65	0.920761
23.64	0.920764
23.63	0.920768
23.62	0.920771
23.61	0.920775
23.6	0.920778
23.59	0.920782
23.58	0.920786
23.57	0.920789
23.56	0.920793
23.55	0.920796
23.54	0.9208
23.53	0.920803
23.52	0.920807
23.51	0.92081
23.5	0.920814
23.49	0.920818
23.48	0.920821
23.47	0.920825
23.46	0.920828
23.45	0.920832
23.44	0.920836
23.43	0.920839
23.42	0.920843
23.41	0.920846
23.4	0.92085
23.39	0.920854
23.38	0.920857
23.37	0.920861
23.36	0.920864
23.35	0.920868
23.34	0.920872
23.33	0.920875
23.32	0.920879
23.31	0.920883
23.3	0.920886
23.29	0.92089
23.28	0.920893
23.27	0.920897
23.26	0.920901
23.25	0.920904
23.24	0.920908
23.23	0.920912
23.22	0.920915
23.21	0.920919
23.2	0.920923
23.19	0.920926
23.18	0.92093
23.17	0.920934
23.16	0.920937
23.15	0.920941
23.14	0.920945
23.13	0.920948
23.12	0.920952
23.11	0.920956
23.1	0.92096
23.09	0.920963
23.08	0.920967
23.07	0.920971
23.06	0.920974
23.05	0.920978
23.04	0.920982
23.03	0.920986
23.02	0.920989
23.01	0.920993
23	0.920997
22.99	0.921
22.98	0.921004
22.97	0.921008
22.96	0.921012
22.95	0.921015
22.94	0.921019
22.93	0.921023
22.92	0.921027
22.91	0.92103
22.9	0.921034
22.89	0.921038
22.88	0.921042
22.87	0.921046
22.86	0.921049
22.85	0.921053
22.84	0.921057
22.83	0.921061
22.82	0.921064
22.81	0.921068
22.8	0.921072
22.79	0.921076
22.78	0.92108
22.77	0.921083
22.76	0.921087
22.75	0.921091
22.74	0.921095
22.73	0.921099
22.72	0.921103
22.71	0.921106
22.7	0.92111
22.69	0.921114
22.68	0.921118
22.67	0.921122
22.66	0.921126
22.65	0.921129
22.64	0.921133
22.63	0.921137
22.62	0.921141
22.61	0.921145
22.6	0.921149
22.59	0.921153
22.58	0.921156
22.57	0.92116
22.56	0.921164
22.55	0.921168
22.54	0.921172
22.53	0.921176
22.52	0.92118
22.51	0.921184
22.5	0.921188
22.49	0.921191
22.48	0.921195
22.47	0.921199
22.46	0.921203
22.45	0.921207
22.44	0.921211
22.43	0.921215
22.42	0.921219
22.41	0.921223
22.4	0.921227
22.39	0.921231
22.38	0.921235
22.37	0.921239
22.36	0.921243
22.35	0.921247
22.34	0.92125
22.33	0.921254
22.32	0.921258
22.31	0.921262
22.3	0.921266
22.29	0.92127
22.28	0.921274
22.27	0.921278
22.26	0.921282
22.25	0.921286
22.24	0.92129
22.23	0.921294
22.22	0.921298
22.21	0.921302
22.2	0.921306
22.19	0.92131
22.18	0.921314
22.17	0.921318
22.16	0.921322
22.15	0.921326
22.14	0.92133
22.13	0.921334
22.12	0.921338
22.11	0.921342
22.1	0.921347
22.09	0.921351
22.08	0.921355
22.07	0.921359
22.06	0.921363
22.05	0.921367
22.04	0.921371
22.03	0.921375
22.02	0.921379
22.01	0.921383
22	0.921387
21.99	0.921391
21.98	0.921395
21.97	0.921399
21.96	0.921404
21.95	0.921408
21.94	0.921412
21.93	0.921416
21.92	0.92142
21.91	0.921424
21.9	0.921428
21.89	0.921432
21.88	0.921436
21.87	0.921441
21.86	0.921445
21.85	0.921449
21.84	0.921453
21.83	0.921457
21.82	0.921461
21.81	0.921465
21.8	0.92147
21.79	0.921474
21.78	0.921478
21.77	0.921482
21.76	0.921486
21.75	0.92149
21.74	0.921495
21.73	0.921499
21.72	0.921503
21.71	0.921507
21.7	0.921511
21.69	0.921516
21.68	0.92152
21.67	0.921524
21.66	0.921528
21.65	0.921532
21.64	0.921537
21.63	0.921541
21.62	0.921545
21.61	0.921549
21.6	0.921554
21.59	0.921558
21.58	0.921562
21.57	0.921566
21.56	0.921571
21.55	0.921575
21.54	0.921579
21.53	0.921583
21.52	0.921588
21.51	0.921592
21.5	0.921596
21.49	0.9216
21.48	0.921605
21.47	0.921609
21.46	0.921613
21.45	0.921618
21.44	0.921622
21.43	0.921626
21.42	0.921631
21.41	0.921635
21.4	0.921639
21.39	0.921643
21.38	0.921648
21.37	0.921652
21.36	0.921656
21.35	0.921661
21.34	0.921665
21.33	0.921669
21.32	0.921674
21.31	0.921678
21.3	0.921683
21.29	0.921687
21.28	0.921691
21.27	0.921696
21.26	0.9217
21.25	0.921704
21.24	0.921709
21.23	0.921713
21.22	0.921718
21.21	0.921722
21.2	0.921726
21.19	0.921731
21.18	0.921735
21.17	0.92174
21.16	0.921744
21.15	0.921748
21.14	0.921753
21.13	0.921757
21.12	0.921762
21.11	0.921766
21.1	0.921771
21.09	0.921775
21.08	0.921779
21.07	0.921784
21.06	0.921788
21.05	0.921793
21.04	0.921797
21.03	0.921802
21.02	0.921806
21.01	0.921811
21	0.921815
20.99	0.92182
20.98	0.921824
20.97	0.921829
20.96	0.921833
20.95	0.921838
20.94	0.921842
20.93	0.921847
20.92	0.921851
20.91	0.921856
20.9	0.92186
20.89	0.921865
20.88	0.921869
20.87	0.921874
20.86	0.921878
20.85	0.921883
20.84	0.921888
20.83	0.921892
20.82	0.921897
20.81	0.921901
20.8	0.921906
20.79	0.92191
20.78	0.921915
20.77	0.92192
20.76	0.921924
20.75	0.921929
20.74	0.921933
20.73	0.921938
20.72	0.921942
20.71	0.921947
20.7	0.921952
20.69	0.921956
20.68	0.921961
20.67	0.921966
20.66	0.92197
20.65	0.921975
20.64	0.921979
20.63	0.921984
20.62	0.921989
20.61	0.921993
20.6	0.921998
20.59	0.922003
20.58	0.922007
20.57	0.922012
20.56	0.922017
20.55	0.922022
20.54	0.922026
20.53	0.922031
20.52	0.922036
20.51	0.92204
20.5	0.922045
20.49	0.92205
20.48	0.922054
20.47	0.922059
20.46	0.922064
20.45	0.922069
20.44	0.922073
20.43	0.922078
20.42	0.922083
20.41	0.922088
20.4	0.922092
20.39	0.922097
20.38	0.922102
20.37	0.922107
20.36	0.922111
20.35	0.922116
20.34	0.922121
20.33	0.922126
20.32	0.922131
20.31	0.922135
20.3	0.92214
20.29	0.922145
20.28	0.92215
20.27	0.922155
20.26	0.922159
20.25	0.922164
20.24	0.922169
20.23	0.922174
20.22	0.922179
20.21	0.922184
20.2	0.922188
20.19	0.922193
20.18	0.922198
20.17	0.922203
20.16	0.922208
20.15	0.922213
20.14	0.922218
20.13	0.922222
20.12	0.922227
20.11	0.922232
20.1	0.922237
20.09	0.922242
20.08	0.922247
20.07	0.922252
20.06	0.922257
20.05	0.922262
20.04	0.922267
20.03	0.922272
20.02	0.922276
20.01	0.922281
20	0.922286
19.99	0.922291
19.98	0.922296
19.97	0.922301
19.96	0.922306
19.95	0.922311
19.94	0.922316
19.93	0.922321
19.92	0.922326
19.91	0.922331
19.9	0.922336
19.89	0.922341
19.88	0.922346
19.87	0.922351
19.86	0.922356
19.85	0.922361
19.84	0.922366
19.83	0.922371
19.82	0.922376
19.81	0.922381
19.8	0.922386
19.79	0.922391
19.78	0.922396
19.77	0.922402
19.76	0.922407
19.75	0.922412
19.74	0.922417
19.73	0.922422
19.72	0.922427
19.71	0.922432
19.7	0.922437
19.69	0.922442
19.68	0.922447
19.67	0.922453
19.66	0.922458
19.65	0.922463
19.64	0.922468
19.63	0.922473
19.62	0.922478
19.61	0.922483
19.6	0.922488
19.59	0.922494
19.58	0.922499
19.57	0.922504
19.56	0.922509
19.55	0.922514
19.54	0.922519
19.53	0.922525
19.52	0.92253
19.51	0.922535
19.5	0.92254
19.49	0.922545
19.48	0.922551
19.47	0.922556
19.46	0.922561
19.45	0.922566
19.44	0.922572
19.43	0.922577
19.42	0.922582
19.41	0.922587
19.4	0.922593
19.39	0.922598
19.38	0.922603
19.37	0.922608
19.36	0.922614
19.35	0.922619
19.34	0.922624
19.33	0.92263
19.32	0.922635
19.31	0.92264
19.3	0.922646
19.29	0.922651
19.28	0.922656
19.27	0.922662
19.26	0.922667
19.25	0.922672
19.24	0.922678
19.23	0.922683
19.22	0.922688
19.21	0.922694
19.2	0.922699
19.19	0.922704
19.18	0.92271
19.17	0.922715
19.16	0.922721
19.15	0.922726
19.14	0.922731
19.13	0.922737
19.12	0.922742
19.11	0.922748
19.1	0.922753
19.09	0.922758
19.08	0.922764
19.07	0.922769
19.06	0.922775
19.05	0.92278
19.04	0.922786
19.03	0.922791
19.02	0.922797
19.01	0.922802
19	0.922808
18.99	0.922813
18.98	0.922819
18.97	0.922824
18.96	0.92283
18.95	0.922835
18.94	0.922841
18.93	0.922846
18.92	0.922852
18.91	0.922857
18.9	0.922863
18.89	0.922868
18.88	0.922874
18.87	0.92288
18.86	0.922885
18.85	0.922891
18.84	0.922896
18.83	0.922902
18.82	0.922907
18.81	0.922913
18.8	0.922919
18.79	0.922924
18.78	0.92293
18.77	0.922935
18.76	0.922941
18.75	0.922947
18.74	0.922952
18.73	0.922958
18.72	0.922964
18.71	0.922969
18.7	0.922975
18.69	0.922981
18.68	0.922986
18.67	0.922992
18.66	0.922998
18.65	0.923003
18.64	0.923009
18.63	0.923015
18.62	0.923021
18.61	0.923026
18.6	0.923032
18.59	0.923038
18.58	0.923043
18.57	0.923049
18.56	0.923055
18.55	0.923061
18.54	0.923066
18.53	0.923072
18.52	0.923078
18.51	0.923084
18.5	0.92309
18.49	0.923095
18.48	0.923101
18.47	0.923107
18.46	0.923113
18.45	0.923119
18.44	0.923124
18.43	0.92313
18.42	0.923136
18.41	0.923142
18.4	0.923148
18.39	0.923154
18.38	0.92316
18.37	0.923166
18.36	0.923171
18.35	0.923177
18.34	0.923183
18.33	0.923189
18.32	0.923195
18.31	0.923201
18.3	0.923207
18.29	0.923213
18.28	0.923219
18.27	0.923225
18.26	0.923231
18.25	0.923236
18.24	0.923242
18.23	0.923248
18.22	0.923254
18.21	0.92326
18.2	0.923266
18.19	0.923272
18.18	0.923278
18.17	0.923284
18.16	0.92329
18.15	0.923296
18.14	0.923302
18.13	0.923308
18.12	0.923314
18.11	0.92332
18.1	0.923327
18.09	0.923333
18.08	0.923339
18.07	0.923345
18.06	0.923351
18.05	0.923357
18.04	0.923363
18.03	0.923369
18.02	0.923375
18.01	0.923381
18	0.923387
17.99	0.923394
17.98	0.9234
17.97	0.923406
17.96	0.923412
17.95	0.923418
17.94	0.923424
17.93	0.92343
17.92	0.923437
17.91	0.923443
17.9	0.923449
17.89	0.923455
17.88	0.923461
17.87	0.923468
17.86	0.923474
17.85	0.92348
17.84	0.923486
17.83	0.923493
17.82	0.923499
17.81	0.923505
17.8	0.923511
17.79	0.923518
17.78	0.923524
17.77	0.92353
17.76	0.923536
17.75	0.923543
17.74	0.923549
17.73	0.923555
17.72	0.923562
17.71	0.923568
17.7	0.923574
17.69	0.923581
17.68	0.923587
17.67	0.923593
17.66	0.9236
17.65	0.923606
17.64	0.923612
17.63	0.923619
17.62	0.923625
17.61	0.923632
17.6	0.923638
17.59	0.923644
17.58	0.923651
17.57	0.923657
17.56	0.923664
17.55	0.92367
17.54	0.923677
17.53	0.923683
17.52	0.923689
17.51	0.923696
17.5	0.923702
17.49	0.923709
17.48	0.923715
17.47	0.923722
17.46	0.923728
17.45	0.923735
17.44	0.923741
17.43	0.923748
17.42	0.923755
17.41	0.923761
17.4	0.923768
17.39	0.923774
17.38	0.923781
17.37	0.923787
17.36	0.923794
17.35	0.923801
17.34	0.923807
17.33	0.923814
17.32	0.92382
17.31	0.923827
17.3	0.923834
17.29	0.92384
17.28	0.923847
17.27	0.923854
17.26	0.92386
17.25	0.923867
17.24	0.923874
17.23	0.92388
17.22	0.923887
17.21	0.923894
17.2	0.9239
17.19	0.923907
17.18	0.923914
17.17	0.923921
17.16	0.923927
17.15	0.923934
17.14	0.923941
17.13	0.923948
17.12	0.923954
17.11	0.923961
17.1	0.923968
17.09	0.923975
17.08	0.923981
17.07	0.923988
17.06	0.923995
17.05	0.924002
17.04	0.924009
17.03	0.924016
17.02	0.924022
17.01	0.924029
17	0.924036
16.99	0.924043
16.98	0.92405
16.97	0.924057
16.96	0.924064
16.95	0.924071
16.94	0.924078
16.93	0.924084
16.92	0.924091
16.91	0.924098
16.9	0.924105
16.89	0.924112
16.88	0.924119
16.87	0.924126
16.86	0.924133
16.85	0.92414
16.84	0.924147
16.83	0.924154
16.82	0.924161
16.81	0.924168
16.8	0.924175
16.79	0.924182
16.78	0.924189
16.77	0.924196
16.76	0.924204
16.75	0.924211
16.74	0.924218
16.73	0.924225
16.72	0.924232
16.71	0.924239
16.7	0.924246
16.69	0.924253
16.68	0.92426
16.67	0.924268
16.66	0.924275
16.65	0.924282
16.64	0.924289
16.63	0.924296
16.62	0.924303
16.61	0.924311
16.6	0.924318
16.59	0.924325
16.58	0.924332
16.57	0.924339
16.56	0.924347
16.55	0.924354
16.54	0.924361
16.53	0.924369
16.52	0.924376
16.51	0.924383
16.5	0.92439
16.49	0.924398
16.48	0.924405
16.47	0.924412
16.46	0.92442
16.45	0.924427
16.44	0.924434
16.43	0.924442
16.42	0.924449
16.41	0.924456
16.4	0.924464
16.39	0.924471
16.38	0.924479
16.37	0.924486
16.36	0.924493
16.35	0.924501
16.34	0.924508
16.33	0.924516
16.32	0.924523
16.31	0.924531
16.3	0.924538
16.29	0.924546
16.28	0.924553
16.27	0.924561
16.26	0.924568
16.25	0.924576
16.24	0.924583
16.23	0.924591
16.22	0.924598
16.21	0.924606
16.2	0.924613
16.19	0.924621
16.18	0.924629
16.17	0.924636
16.16	0.924644
16.15	0.924652
16.14	0.924659
16.13	0.924667
16.12	0.924674
16.11	0.924682
16.1	0.92469
16.09	0.924697
16.08	0.924705
16.07	0.924713
16.06	0.92472
16.05	0.924728
16.04	0.924736
16.03	0.924744
16.02	0.924751
16.01	0.924759
16	0.924767
15.99	0.924775
15.98	0.924783
15.97	0.92479
15.96	0.924798
15.95	0.924806
15.94	0.924814
15.93	0.924822
15.92	0.924829
15.91	0.924837
15.9	0.924845
15.89	0.924853
15.88	0.924861
15.87	0.924869
15.86	0.924877
15.85	0.924885
15.84	0.924893
15.83	0.9249
15.82	0.924908
15.81	0.924916
15.8	0.924924
15.79	0.924932
15.78	0.92494
15.77	0.924948
15.76	0.924956
15.75	0.924964
15.74	0.924972
15.73	0.92498
15.72	0.924988
15.71	0.924996
15.7	0.925005
15.69	0.925013
15.68	0.925021
15.67	0.925029
15.66	0.925037
15.65	0.925045
15.64	0.925053
15.63	0.925061
15.62	0.925069
15.61	0.925078
15.6	0.925086
15.59	0.925094
15.58	0.925102
15.57	0.92511
15.56	0.925119
15.55	0.925127
15.54	0.925135
15.53	0.925143
15.52	0.925152
15.51	0.92516
15.5	0.925168
15.49	0.925176
15.48	0.925185
15.47	0.925193
15.46	0.925201
15.45	0.92521
15.44	0.925218
15.43	0.925226
15.42	0.925235
15.41	0.925243
15.4	0.925251
15.39	0.92526
15.38	0.925268
15.37	0.925277
15.36	0.925285
15.35	0.925294
15.34	0.925302
15.33	0.925311
15.32	0.925319
15.31	0.925327
15.3	0.925336
15.29	0.925345
15.28	0.925353
15.27	0.925362
15.26	0.92537
15.25	0.925379
15.24	0.925387
15.23	0.925396
15.22	0.925404
15.21	0.925413
15.2	0.925422
15.19	0.92543
15.18	0.925439
15.17	0.925448
15.16	0.925456
15.15	0.925465
15.14	0.925474
15.13	0.925482
15.12	0.925491
15.11	0.9255
15.1	0.925508
15.09	0.925517
15.08	0.925526
15.07	0.925535
15.06	0.925543
15.05	0.925552
15.04	0.925561
15.03	0.92557
15.02	0.925579
15.01	0.925587
15	0.925596
14.99	0.925605
14.98	0.925614
14.97	0.925623
14.96	0.925632
14.95	0.925641
14.94	0.92565
14.93	0.925659
14.92	0.925668
14.91	0.925677
14.9	0.925685
14.89	0.925694
14.88	0.925703
14.87	0.925712
14.86	0.925721
14.85	0.925731
14.84	0.92574
14.83	0.925749
14.82	0.925758
14.81	0.925767
14.8	0.925776
14.79	0.925785
14.78	0.925794
14.77	0.925803
14.76	0.925812
14.75	0.925821
14.74	0.925831
14.73	0.92584
14.72	0.925849
14.71	0.925858
14.7	0.925867
14.69	0.925877
14.68	0.925886
14.67	0.925895
14.66	0.925904
14.65	0.925914
14.64	0.925923
14.63	0.925932
14.62	0.925942
14.61	0.925951
14.6	0.92596
14.59	0.92597
14.58	0.925979
14.57	0.925988
14.56	0.925998
14.55	0.926007
14.54	0.926017
14.53	0.926026
14.52	0.926036
14.51	0.926045
14.5	0.926054
14.49	0.926064
14.48	0.926073
14.47	0.926083
14.46	0.926093
14.45	0.926102
14.44	0.926112
14.43	0.926121
14.42	0.926131
14.41	0.92614
14.4	0.92615
14.39	0.92616
14.38	0.926169
14.37	0.926179
14.36	0.926189
14.35	0.926198
14.34	0.926208
14.33	0.926218
14.32	0.926227
14.31	0.926237
14.3	0.926247
14.29	0.926257
14.28	0.926266
14.27	0.926276
14.26	0.926286
14.25	0.926296
14.24	0.926306
14.23	0.926315
14.22	0.926325
14.21	0.926335
14.2	0.926345
14.19	0.926355
14.18	0.926365
14.17	0.926375
14.16	0.926385
14.15	0.926395
14.14	0.926405
14.13	0.926415
14.12	0.926425
14.11	0.926435
14.1	0.926445
14.09	0.926455
14.08	0.926465
14.07	0.926475
14.06	0.926485
14.05	0.926495
14.04	0.926505
14.03	0.926515
14.02	0.926525
14.01	0.926536
14	0.926546
13.99	0.926556
13.98	0.926566
13.97	0.926576
13.96	0.926587
13.95	0.926597
13.94	0.926607
13.93	0.926617
13.92	0.926628
13.91	0.926638
13.9	0.926648
13.89	0.926659
13.88	0.926669
13.87	0.926679
13.86	0.92669
13.85	0.9267
13.84	0.926711
13.83	0.926721
13.82	0.926731
13.81	0.926742
13.8	0.926752
13.79	0.926763
13.78	0.926773
13.77	0.926784
13.76	0.926794
13.75	0.926805
13.74	0.926816
13.73	0.926826
13.72	0.926837
13.71	0.926847
13.7	0.926858
13.69	0.926869
13.68	0.926879
13.67	0.92689
13.66	0.926901
13.65	0.926911
13.64	0.926922
13.63	0.926933
13.62	0.926944
13.61	0.926954
13.6	0.926965
13.59	0.926976
13.58	0.926987
13.57	0.926998
13.56	0.927009
13.55	0.927019
13.54	0.92703
13.53	0.927041
13.52	0.927052
13.51	0.927063
13.5	0.927074
13.49	0.927085
13.48	0.927096
13.47	0.927107
13.46	0.927118
13.45	0.927129
13.44	0.92714
13.43	0.927151
13.42	0.927162
13.41	0.927173
13.4	0.927184
13.39	0.927196
13.38	0.927207
13.37	0.927218
13.36	0.927229
13.35	0.92724
13.34	0.927251
13.33	0.927263
13.32	0.927274
13.31	0.927285
13.3	0.927297
13.29	0.927308
13.28	0.927319
13.27	0.92733
13.26	0.927342
13.25	0.927353
13.24	0.927365
13.23	0.927376
13.22	0.927387
13.21	0.927399
13.2	0.92741
13.19	0.927422
13.18	0.927433
13.17	0.927445
13.16	0.927456
13.15	0.927468
13.14	0.92748
13.13	0.927491
13.12	0.927503
13.11	0.927514
13.1	0.927526
13.09	0.927538
13.08	0.927549
13.07	0.927561
13.06	0.927573
13.05	0.927584
13.04	0.927596
13.03	0.927608
13.02	0.92762
13.01	0.927632
13	0.927643
12.99	0.927655
12.98	0.927667
12.97	0.927679
12.96	0.927691
12.95	0.927703
12.94	0.927715
12.93	0.927727
12.92	0.927739
12.91	0.927751
12.9	0.927763
12.89	0.927775
12.88	0.927787
12.87	0.927799
12.86	0.927811
12.85	0.927823
12.84	0.927835
12.83	0.927847
12.82	0.927859
12.81	0.927872
12.8	0.927884
12.79	0.927896
12.78	0.927908
12.77	0.927921
12.76	0.927933
12.75	0.927945
12.74	0.927957
12.73	0.92797
12.72	0.927982
12.71	0.927994
12.7	0.928007
12.69	0.928019
12.68	0.928032
12.67	0.928044
12.66	0.928057
12.65	0.928069
12.64	0.928082
12.63	0.928094
12.62	0.928107
12.61	0.928119
12.6	0.928132
12.59	0.928145
12.58	0.928157
12.57	0.92817
12.56	0.928183
12.55	0.928195
12.54	0.928208
12.53	0.928221
12.52	0.928233
12.51	0.928246
12.5	0.928259
12.49	0.928272
12.48	0.928285
12.47	0.928298
12.46	0.92831
12.45	0.928323
12.44	0.928336
12.43	0.928349
12.42	0.928362
12.41	0.928375
12.4	0.928388
12.39	0.928401
12.38	0.928414
12.37	0.928427
12.36	0.92844
12.35	0.928454
12.34	0.928467
12.33	0.92848
12.32	0.928493
12.31	0.928506
12.3	0.928519
12.29	0.928533
12.28	0.928546
12.27	0.928559
12.26	0.928573
12.25	0.928586
12.24	0.928599
12.23	0.928613
12.22	0.928626
12.21	0.92864
12.2	0.928653
12.19	0.928666
12.18	0.92868
12.17	0.928693
12.16	0.928707
12.15	0.928721
12.14	0.928734
12.13	0.928748
12.12	0.928761
12.11	0.928775
12.1	0.928789
12.09	0.928802
12.08	0.928816
12.07	0.92883
12.06	0.928844
12.05	0.928857
12.04	0.928871
12.03	0.928885
12.02	0.928899
12.01	0.928913
12	0.928927
11.99	0.928941
11.98	0.928955
11.97	0.928969
11.96	0.928983
11.95	0.928997
11.94	0.929011
11.93	0.929025
11.92	0.929039
11.91	0.929053
11.9	0.929067
11.89	0.929081
11.88	0.929096
11.87	0.92911
11.86	0.929124
11.85	0.929138
11.84	0.929153
11.83	0.929167
11.82	0.929181
11.81	0.929196
11.8	0.92921
11.79	0.929224
11.78	0.929239
11.77	0.929253
11.76	0.929268
11.75	0.929282
11.74	0.929297
11.73	0.929311
11.72	0.929326
11.71	0.929341
11.7	0.929355
11.69	0.92937
11.68	0.929385
11.67	0.929399
11.66	0.929414
11.65	0.929429
11.64	0.929444
11.63	0.929458
11.62	0.929473
11.61	0.929488
11.6	0.929503
11.59	0.929518
11.58	0.929533
11.57	0.929548
11.56	0.929563
11.55	0.929578
11.54	0.929593
11.53	0.929608
11.52	0.929623
11.51	0.929638
11.5	0.929653
11.49	0.929669
11.48	0.929684
11.47	0.929699
11.46	0.929714
11.45	0.92973
11.44	0.929745
11.43	0.92976
11.42	0.929776
11.41	0.929791
11.4	0.929807
11.39	0.929822
11.38	0.929838
11.37	0.929853
11.36	0.929869
11.35	0.929884
11.34	0.9299
11.33	0.929915
11.32	0.929931
11.31	0.929947
11.3	0.929962
11.29	0.929978
11.28	0.929994
11.27	0.93001
11.26	0.930026
11.25	0.930041
11.24	0.930057
11.23	0.930073
11.22	0.930089
11.21	0.930105
11.2	0.930121
11.19	0.930137
11.18	0.930153
11.17	0.930169
11.16	0.930185
11.15	0.930202
11.14	0.930218
11.13	0.930234
11.12	0.93025
11.11	0.930266
11.1	0.930283
11.09	0.930299
11.08	0.930315
11.07	0.930332
11.06	0.930348
11.05	0.930365
11.04	0.930381
11.03	0.930398
11.02	0.930414
11.01	0.930431
11	0.930447
10.99	0.930464
10.98	0.930481
10.97	0.930497
10.96	0.930514
10.95	0.930531
10.94	0.930548
10.93	0.930564
10.92	0.930581
10.91	0.930598
10.9	0.930615
10.89	0.930632
10.88	0.930649
10.87	0.930666
10.86	0.930683
10.85	0.9307
10.84	0.930717
10.83	0.930734
10.82	0.930751
10.81	0.930769
10.8	0.930786
10.79	0.930803
10.78	0.93082
10.77	0.930838
10.76	0.930855
10.75	0.930872
10.74	0.93089
10.73	0.930907
10.72	0.930925
10.71	0.930942
10.7	0.93096
10.69	0.930978
10.68	0.930995
10.67	0.931013
10.66	0.931031
10.65	0.931048
10.64	0.931066
10.63	0.931084
10.62	0.931102
10.61	0.93112
10.6	0.931137
10.59	0.931155
10.58	0.931173
10.57	0.931191
10.56	0.931209
10.55	0.931227
10.54	0.931246
10.53	0.931264
10.52	0.931282
10.51	0.9313
10.5	0.931318
10.49	0.931337
10.48	0.931355
10.47	0.931373
10.46	0.931392
10.45	0.93141
10.44	0.931428
10.43	0.931447
10.42	0.931465
10.41	0.931484
10.4	0.931503
10.39	0.931521
10.38	0.93154
10.37	0.931559
10.36	0.931577
10.35	0.931596
10.34	0.931615
10.33	0.931634
10.32	0.931653
10.31	0.931672
10.3	0.931691
10.29	0.93171
10.28	0.931729
10.27	0.931748
10.26	0.931767
10.25	0.931786
10.24	0.931805
10.23	0.931825
10.22	0.931844
10.21	0.931863
10.2	0.931883
10.19	0.931902
10.18	0.931921
10.17	0.931941
10.16	0.93196
10.15	0.93198
10.14	0.931999
10.13	0.932019
10.12	0.932039
10.11	0.932058
10.1	0.932078
10.09	0.932098
10.08	0.932118
10.07	0.932138
10.06	0.932158
10.05	0.932177
10.04	0.932197
10.03	0.932217
10.02	0.932238
10.01	0.932258
10	0.932278
9.99	0.932298
9.98	0.932318
9.97	0.932338
9.96	0.932359
9.95	0.932379
9.94	0.9324
9.93	0.93242
9.92	0.93244
9.91	0.932461
9.9	0.932482
9.89	0.932502
9.88	0.932523
9.87	0.932544
9.86	0.932564
9.85	0.932585
9.84	0.932606
9.83	0.932627
9.82	0.932648
9.81	0.932669
9.8	0.93269
9.79	0.932711
9.78	0.932732
9.77	0.932753
9.76	0.932774
9.75	0.932795
9.74	0.932816
9.73	0.932838
9.72	0.932859
9.71	0.93288
9.7	0.932902
9.69	0.932923
9.68	0.932945
9.67	0.932967
9.66	0.932988
9.65	0.93301
9.64	0.933031
9.63	0.933053
9.62	0.933075
9.61	0.933097
9.6	0.933119
9.59	0.933141
9.58	0.933163
9.57	0.933185
9.56	0.933207
9.55	0.933229
9.54	0.933251
9.53	0.933273
9.52	0.933296
9.51	0.933318
9.5	0.93334
9.49	0.933363
9.48	0.933385
9.47	0.933408
9.46	0.93343
9.45	0.933453
9.44	0.933476
9.43	0.933498
9.42	0.933521
9.41	0.933544
9.4	0.933567
9.39	0.93359
9.38	0.933613
9.37	0.933636
9.36	0.933659
9.35	0.933682
9.34	0.933705
9.33	0.933728
9.32	0.933751
9.31	0.933775
9.3	0.933798
9.29	0.933821
9.28	0.933845
9.27	0.933868
9.26	0.933892
9.25	0.933916
9.24	0.933939
9.23	0.933963
9.22	0.933987
9.21	0.934011
9.2	0.934034
9.19	0.934058
9.18	0.934082
9.17	0.934106
9.16	0.93413
9.15	0.934155
9.14	0.934179
9.13	0.934203
9.12	0.934227
9.11	0.934252
9.1	0.934276
9.09	0.934301
9.08	0.934325
9.07	0.93435
9.06	0.934374
9.05	0.934399
9.04	0.934424
9.03	0.934449
9.02	0.934473
9.01	0.934498
9	0.934523
8.99	0.934548
8.98	0.934573
8.97	0.934599
8.96	0.934624
8.95	0.934649
8.94	0.934674
8.93	0.9347
8.92	0.934725
8.91	0.934751
8.9	0.934776
8.89	0.934802
8.88	0.934828
8.87	0.934853
8.86	0.934879
8.85	0.934905
8.84	0.934931
8.83	0.934957
8.82	0.934983
8.81	0.935009
8.8	0.935035
8.79	0.935061
8.78	0.935088
8.77	0.935114
8.76	0.93514
8.75	0.935167
8.74	0.935193
8.73	0.93522
8.72	0.935246
8.71	0.935273
8.7	0.9353
8.69	0.935327
8.68	0.935354
8.67	0.935381
8.66	0.935408
8.65	0.935435
8.64	0.935462
8.63	0.935489
8.62	0.935516
8.61	0.935544
8.6	0.935571
8.59	0.935598
8.58	0.935626
8.57	0.935654
8.56	0.935681
8.55	0.935709
8.54	0.935737
8.53	0.935765
8.52	0.935793
8.51	0.935821
8.5	0.935849
8.49	0.935877
8.48	0.935905
8.47	0.935933
8.46	0.935962
8.45	0.93599
8.44	0.936018
8.43	0.936047
8.42	0.936076
8.41	0.936104
8.4	0.936133
8.39	0.936162
8.38	0.936191
8.37	0.93622
8.36	0.936249
8.35	0.936278
8.34	0.936307
8.33	0.936336
8.32	0.936366
8.31	0.936395
8.3	0.936424
8.29	0.936454
8.28	0.936484
8.27	0.936513
8.26	0.936543
8.25	0.936573
8.24	0.936603
8.23	0.936633
8.22	0.936663
8.21	0.936693
8.2	0.936723
8.19	0.936753
8.18	0.936784
8.17	0.936814
8.16	0.936845
8.15	0.936875
8.14	0.936906
8.13	0.936937
8.12	0.936967
8.11	0.936998
8.1	0.937029
8.09	0.93706
8.08	0.937092
8.07	0.937123
8.06	0.937154
8.05	0.937185
8.04	0.937217
8.03	0.937248
8.02	0.93728
8.01	0.937312
8	0.937343
7.99	0.937375
7.98	0.937407
7.97	0.937439
7.96	0.937471
7.95	0.937503
7.94	0.937536
7.93	0.937568
7.92	0.9376
7.91	0.937633
7.9	0.937666
7.89	0.937698
7.88	0.937731
7.87	0.937764
7.86	0.937797
7.85	0.93783
7.84	0.937863
7.83	0.937896
7.82	0.937929
7.81	0.937963
7.8	0.937996
7.79	0.93803
7.78	0.938063
7.77	0.938097
7.76	0.938131
7.75	0.938165
7.74	0.938199
7.73	0.938233
7.72	0.938267
7.71	0.938301
7.7	0.938336
7.69	0.93837
7.68	0.938405
7.67	0.938439
7.66	0.938474
7.65	0.938509
7.64	0.938544
7.63	0.938579
7.62	0.938614
7.61	0.938649
7.6	0.938684
7.59	0.93872
7.58	0.938755
7.57	0.938791
7.56	0.938826
7.55	0.938862
7.54	0.938898
7.53	0.938934
7.52	0.93897
7.51	0.939006
7.5	0.939042
7.49	0.939079
7.48	0.939115
7.47	0.939152
7.46	0.939188
7.45	0.939225
7.44	0.939262
7.43	0.939299
7.42	0.939336
7.41	0.939373
7.4	0.939411
7.39	0.939448
7.38	0.939485
7.37	0.939523
7.36	0.939561
7.35	0.939598
7.34	0.939636
7.33	0.939674
7.32	0.939712
7.31	0.939751
7.3	0.939789
7.29	0.939827
7.28	0.939866
7.27	0.939905
7.26	0.939943
7.25	0.939982
7.24	0.940021
7.23	0.94006
7.22	0.940099
7.21	0.940139
7.2	0.940178
7.19	0.940218
7.18	0.940257
7.17	0.940297
7.16	0.940337
7.15	0.940377
7.14	0.940417
7.13	0.940457
7.12	0.940498
7.11	0.940538
7.1	0.940579
7.09	0.940619
7.08	0.94066
7.07	0.940701
7.06	0.940742
7.05	0.940783
7.04	0.940824
7.03	0.940866
7.02	0.940907
7.01	0.940949
7	0.940991
6.99	0.941033
6.98	0.941075
6.97	0.941117
6.96	0.941159
6.95	0.941201
6.94	0.941244
6.93	0.941287
6.92	0.941329
6.91	0.941372
6.9	0.941415
6.89	0.941458
6.88	0.941502
6.87	0.941545
6.86	0.941588
6.85	0.941632
6.84	0.941676
6.83	0.94172
6.82	0.941764
6.81	0.941808
6.8	0.941852
6.79	0.941897
6.78	0.941941
6.77	0.941986
6.76	0.942031
6.75	0.942076
6.74	0.942121
6.73	0.942166
6.72	0.942212
6.71	0.942257
6.7	0.942303
6.69	0.942349
6.68	0.942395
6.67	0.942441
6.66	0.942487
6.65	0.942534
6.64	0.94258
6.63	0.942627
6.62	0.942674
6.61	0.942721
6.6	0.942768
6.59	0.942815
6.58	0.942863
6.57	0.94291
6.56	0.942958
6.55	0.943006
6.54	0.943054
6.53	0.943102
6.52	0.94315
6.51	0.943199
6.5	0.943247
6.49	0.943296
6.48	0.943345
6.47	0.943394
6.46	0.943443
6.45	0.943493
6.44	0.943542
6.43	0.943592
6.42	0.943642
6.41	0.943692
6.4	0.943742
6.39	0.943793
6.38	0.943843
6.37	0.943894
6.36	0.943945
6.35	0.943996
6.34	0.944047
6.33	0.944098
6.32	0.94415
6.31	0.944201
6.3	0.944253
6.29	0.944305
6.28	0.944357
6.27	0.94441
6.26	0.944462
6.25	0.944515
6.24	0.944568
6.23	0.944621
6.22	0.944674
6.21	0.944728
6.2	0.944781
6.19	0.944835
6.18	0.944889
6.17	0.944943
6.16	0.944997
6.15	0.945052
6.14	0.945107
6.13	0.945161
6.12	0.945216
6.11	0.945272
6.1	0.945327
6.09	0.945383
6.08	0.945439
6.07	0.945494
6.06	0.945551
6.05	0.945607
6.04	0.945664
6.03	0.94572
6.02	0.945777
6.01	0.945834
6	0.945892
5.99	0.945949
5.98	0.946007
5.97	0.946065
5.96	0.946123
5.95	0.946181
5.94	0.94624
5.93	0.946299
5.92	0.946358
5.91	0.946417
5.9	0.946476
5.89	0.946536
5.88	0.946595
5.87	0.946655
5.86	0.946716
5.85	0.946776
5.84	0.946837
5.83	0.946897
5.82	0.946959
5.81	0.94702
5.8	0.947081
5.79	0.947143
5.78	0.947205
5.77	0.947267
5.76	0.947329
5.75	0.947392
5.74	0.947455
5.73	0.947518
5.72	0.947581
5.71	0.947645
5.7	0.947708
5.69	0.947772
5.68	0.947837
5.67	0.947901
5.66	0.947966
5.65	0.948031
5.64	0.948096
5.63	0.948161
5.62	0.948227
5.61	0.948293
5.6	0.948359
5.59	0.948425
5.58	0.948492
5.57	0.948558
5.56	0.948626
5.55	0.948693
5.54	0.94876
5.53	0.948828
5.52	0.948896
5.51	0.948965
5.5	0.949033
5.49	0.949102
5.48	0.949171
5.47	0.949241
5.46	0.94931
5.45	0.94938
5.44	0.94945
5.43	0.949521
5.42	0.949592
5.41	0.949663
5.4	0.949734
5.39	0.949805
5.38	0.949877
5.37	0.949949
5.36	0.950022
5.35	0.950094
5.34	0.950167
5.33	0.950241
5.32	0.950314
5.31	0.950388
5.3	0.950462
5.29	0.950536
5.28	0.950611
5.27	0.950686
5.26	0.950761
5.25	0.950837
5.24	0.950912
5.23	0.950989
5.22	0.951065
5.21	0.951142
5.2	0.951219
5.19	0.951296
5.18	0.951374
5.17	0.951452
5.16	0.95153
5.15	0.951609
5.14	0.951688
5.13	0.951767
5.12	0.951846
5.11	0.951926
5.1	0.952007
5.09	0.952087
5.08	0.952168
5.07	0.952249
5.06	0.952331
5.05	0.952413
5.04	0.952495
5.03	0.952577
5.02	0.95266
5.01	0.952743
5	0.952827
4.99	0.952911
4.98	0.952995
4.97	0.95308
4.96	0.953165
4.95	0.95325
4.94	0.953336
4.93	0.953422
4.92	0.953508
4.91	0.953595
4.9	0.953682
4.89	0.95377
4.88	0.953858
4.87	0.953946
4.86	0.954035
4.85	0.954124
4.84	0.954213
4.83	0.954303
4.82	0.954393
4.81	0.954484
4.8	0.954574
4.79	0.954666
4.78	0.954758
4.77	0.95485
4.76	0.954942
4.75	0.955035
4.74	0.955129
4.73	0.955222
4.72	0.955317
4.71	0.955411
4.7	0.955506
4.69	0.955602
4.68	0.955697
4.67	0.955794
4.66	0.95589
4.65	0.955988
4.64	0.956085
4.63	0.956183
4.62	0.956282
4.61	0.956381
4.6	0.95648
4.59	0.95658
4.58	0.95668
4.57	0.956781
4.56	0.956882
4.55	0.956984
4.54	0.957086
4.53	0.957188
4.52	0.957291
4.51	0.957395
4.5	0.957499
4.49	0.957604
4.48	0.957709
4.47	0.957814
4.46	0.95792
4.45	0.958026
4.44	0.958133
4.43	0.958241
4.42	0.958349
4.41	0.958457
4.4	0.958566
4.39	0.958676
4.38	0.958786
4.37	0.958896
4.36	0.959008
4.35	0.959119
4.34	0.959231
4.33	0.959344
4.32	0.959457
4.31	0.959571
4.3	0.959685
4.29	0.9598
4.28	0.959916
4.27	0.960032
4.26	0.960148
4.25	0.960266
4.24	0.960383
4.23	0.960502
4.22	0.960621
4.21	0.96074
4.2	0.96086
4.19	0.960981
4.18	0.961102
4.17	0.961224
4.16	0.961347
4.15	0.96147
4.14	0.961594
4.13	0.961718
4.12	0.961843
4.11	0.961969
4.1	0.962095
4.09	0.962222
4.08	0.96235
4.07	0.962478
4.06	0.962607
4.05	0.962736
4.04	0.962867
4.03	0.962997
4.02	0.963129
4.01	0.963261
4	0.963394
3.99	0.963528
3.98	0.963663
3.97	0.963798
3.96	0.963933
3.95	0.96407
3.94	0.964207
3.93	0.964345
3.92	0.964484
3.91	0.964624
3.9	0.964764
3.89	0.964905
3.88	0.965046
3.87	0.965189
3.86	0.965332
3.85	0.965476
3.84	0.965621
3.83	0.965767
3.82	0.965913
3.81	0.966061
3.8	0.966209
3.79	0.966358
3.78	0.966507
3.77	0.966658
3.76	0.966809
3.75	0.966962
3.74	0.967115
3.73	0.967269
3.72	0.967423
3.71	0.967579
3.7	0.967736
3.69	0.967893
3.68	0.968052
3.67	0.968211
3.66	0.968371
3.65	0.968532
3.64	0.968694
3.63	0.968857
3.62	0.969021
3.61	0.969186
3.6	0.969352
3.59	0.969519
3.58	0.969687
3.57	0.969856
3.56	0.970025
3.55	0.970196
3.54	0.970368
3.53	0.970541
3.52	0.970715
3.51	0.97089
3.5	0.971066
3.49	0.971243
3.48	0.971421
3.47	0.9716
3.46	0.971781
3.45	0.971962
3.44	0.972145
3.43	0.972328
3.42	0.972513
3.41	0.972699
3.4	0.972886
3.39	0.973074
3.38	0.973264
3.37	0.973454
3.36	0.973646
3.35	0.973839
3.34	0.974034
3.33	0.974229
3.32	0.974426
3.31	0.974624
3.3	0.974823
3.29	0.975024
3.28	0.975225
3.27	0.975429
3.26	0.975633
3.25	0.975839
3.24	0.976046
3.23	0.976254
3.22	0.976464
3.21	0.976676
3.2	0.976888
3.19	0.977102
3.18	0.977318
3.17	0.977535
3.16	0.977753
3.15	0.977973
3.14	0.978194
3.13	0.978417
3.12	0.978642
3.11	0.978867
3.1	0.979095
3.09	0.979324
3.08	0.979554
3.07	0.979787
3.06	0.98002
3.05	0.980256
3.04	0.980493
3.03	0.980732
3.02	0.980972
3.01	0.981214
3	0.981458
2.99	0.981704
2.98	0.981951
2.97	0.9822
2.96	0.982451
2.95	0.982704
2.94	0.982958
2.93	0.983214
2.92	0.983473
2.91	0.983733
2.9	0.983995
2.89	0.984259
2.88	0.984525
2.87	0.984793
2.86	0.985063
2.85	0.985335
2.84	0.985609
2.83	0.985885
2.82	0.986163
2.81	0.986443
2.8	0.986725
2.79	0.98701
2.78	0.987297
2.77	0.987586
2.76	0.987877
2.75	0.98817
2.74	0.988466
2.73	0.988764
2.72	0.989065
2.71	0.989367
2.7	0.989673
2.69	0.98998
2.68	0.99029
2.67	0.990603
2.66	0.990918
2.65	0.991236
2.64	0.991556
2.63	0.991879
2.62	0.992204
2.61	0.992532
2.6	0.992863
2.59	0.993197
2.58	0.993533
2.57	0.993873
2.56	0.994215
2.55	0.99456
2.54	0.994908
2.53	0.995258
2.52	0.995612
2.51	0.995969
2.5	0.996329
2.49	0.996692
2.48	0.997058
2.47	0.997428
2.46	0.9978
2.45	0.998176
2.44	0.998556
2.43	0.998938
2.42	0.999324
2.41	0.999714
2.4	1.00011
2.39	1.0005
2.38	1.0009
2.37	1.00131
2.36	1.00171
2.35	1.00213
2.34	1.00254
2.33	1.00296
2.32	1.00338
2.31	1.00381
2.3	1.00424
2.29	1.00468
2.28	1.00511
2.27	1.00556
2.26	1.00601
2.25	1.00646
2.24	1.00691
2.23	1.00737
2.22	1.00784
2.21	1.00831
2.2	1.00878
2.19	1.00926
2.18	1.00975
2.17	1.01024
2.16	1.01073
2.15	1.01123
2.14	1.01173
2.13	1.01224
2.12	1.01276
2.11	1.01327
2.1	1.0138
2.09	1.01433
2.08	1.01487
2.07	1.01541
2.06	1.01596
2.05	1.01651
2.04	1.01707
2.03	1.01763
2.02	1.0182
2.01	1.01878
2	1.01937
1.99	1.01996
1.98	1.02055
1.97	1.02116
1.96	1.02177
1.95	1.02239
1.94	1.02301
1.93	1.02364
1.92	1.02428
1.91	1.02493
1.9	1.02558
1.89	1.02624
1.88	1.02691
1.87	1.02759
1.86	1.02827
1.85	1.02897
1.84	1.02967
1.83	1.03038
1.82	1.0311
1.81	1.03182
1.8	1.03256
1.79	1.0333
1.78	1.03406
1.77	1.03482
1.76	1.0356
1.75	1.03638
1.74	1.03718
1.73	1.03798
1.72	1.03879
1.71	1.03962
1.7	1.04046
1.69	1.0413
1.68	1.04216
1.67	1.04303
1.66	1.04391
1.65	1.04481
1.64	1.04571
1.63	1.04663
1.62	1.04756
1.61	1.0485
1.6	1.04946
1.59	1.05043
1.58	1.05142
1.57	1.05242
1.56	1.05343
1.55	1.05446
1.54	1.0555
1.53	1.05656
1.52	1.05763
1.51	1.05872
1.5	1.05983
1.49	1.06095
1.48	1.06209
1.47	1.06325
1.46	1.06443
1.45	1.06562
1.44	1.06684
1.43	1.06807
1.42	1.06932
1.41	1.0706
1.4	1.07189
1.39	1.07321
1.38	1.07454
1.37	1.0759
1.36	1.07729
1.35	1.07869
1.34	1.08012
1.33	1.08158
1.32	1.08306
1.31	1.08456
1.3	1.0861
1.29	1.08766
1.28	1.08925
1.27	1.09087
1.26	1.09251
1.25	1.09419
1.24	1.0959
1.23	1.09765
1.22	1.09942
1.21	1.10123
1.2	1.10308
1.19	1.10496
1.18	1.10688
1.17	1.10884
1.16	1.11084
1.15	1.11287
1.14	1.11496
1.13	1.11708
1.12	1.11925
1.11	1.12147
1.1	1.12373
1.09	1.12604
1.08	1.12841
1.07	1.13082
1.06	1.13329
1.05	1.13582
1.04	1.13841
1.03	1.14106
1.02	1.14376
1.01	1.14654
1	1.14938
0.99	1.15229
0.98	1.15527
0.97	1.15833
0.96	1.16146
0.95	1.16468
0.94	1.16798
0.93	1.17137
0.92	1.17484
0.91	1.17841
0.9	1.18208
0.89	1.18586
0.88	1.18973
0.87	1.19372
0.86	1.19783
0.85	1.20205
0.84	1.20641
0.83	1.21089
0.82	1.21551
0.81	1.22028
0.8	1.2252
0.79	1.23028
0.78	1.23552
0.77	1.24094
0.76	1.24654
0.75	1.25234
0.74	1.25833
0.73	1.26455
0.72	1.27099
0.71	1.27766
0.7	1.28459
0.69	1.29178
0.68	1.29926
0.67	1.30703
0.66	1.31512
0.65	1.32354
0.64	1.33232
0.63	1.34148
0.62	1.35104
0.61	1.36104
0.6	1.3715
0.59	1.38244
0.58	1.39392
0.57	1.40597
0.56	1.41863
0.55	1.43194
0.54	1.44596
0.53	1.46076
0.52	1.47638
0.51	1.4929
0.5	1.51041
0.49	1.52898
0.48	1.54873
0.47	1.56976
0.46	1.5922
0.45	1.61619
0.44	1.64191
0.43	1.66953
0.42	1.69928
0.41	1.7314
0.4	1.76618
0.39	1.80398
0.38	1.84517
0.37	1.89025
0.36	1.93976
0.35	1.99438
0.34	2.05493
0.33	2.12241
0.32	2.19806
0.31	2.2834
0.3	2.3804
0.29	2.49158
0.28	2.62021
0.27	2.77071
0.26	2.94913
0.25	3.16404
0.24	3.42808
0.23	3.76094
0.22	4.19559
0.21	4.79357
0.2	5.69186
0.19	7.32067
0.18	17.1588
-0.18	17.1588
-0.19	7.32067
-0.2	5.69186
-0.21	4.79357
-0.22	4.19559
-0.23	3.76094
-0.24	3.42808
-0.25	3.16404
-0.26	2.94913
-0.27	2.77071
-0.28	2.62021
-0.29	2.49158
-0.3	2.3804
-0.31	2.2834
-0.32	2.19806
-0.33	2.12241
-0.34	2.05493
-0.35	1.99438
-0.36	1.93976
-0.37	1.89025
-0.38	1.84517
-0.39	1.80398
-0.4	1.76618
-0.41	1.7314
-0.42	1.69928
-0.43	1.66953
-0.44	1.64191
-0.45	1.61619
-0.46	1.5922
-0.47	1.56976
-0.48	1.54873
-0.49	1.52898
-0.5	1.51041
-0.51	1.4929
-0.52	1.47638
-0.53	1.46076
-0.54	1.44596
-0.55	1.43194
-0.56	1.41863
-0.57	1.40597
-0.58	1.39392
-0.59	1.38244
-0.6	1.3715
-0.61	1.36104
-0.62	1.35104
-0.63	1.34148
-0.64	1.33232
-0.65	1.32354
-0.66	1.31512
-0.67	1.30703
-0.68	1.29926
-0.69	1.29178
-0.7	1.28459
-0.71	1.27766
-0.72	1.27099
-0.73	1.26455
-0.74	1.25833
-0.75	1.25234
-0.76	1.24654
-0.77	1.24094
-0.78	1.23552
-0.79	1.23028
-0.8	1.2252
-0.81	1.22028
-0.82	1.21551
-0.83	1.21089
-0.84	1.20641
-0.85	1.20205
-0.86	1.19783
-0.87	1.19372
-0.88	1.18973
-0.89	1.18586
-0.9	1.18208
-0.91	1.17841
-0.92	1.17484
-0.93	1.17137
-0.94	1.16798
-0.95	1.16468
-0.96	1.16146
-0.97	1.15833
-0.98	1.15527
-0.99	1.15229
-1	1.14938
-1.01	1.14654
-1.02	1.14376
-1.03	1.14106
-1.04	1.13841
-1.05	1.13582
-1.06	1.13329
-1.07	1.13082
-1.08	1.12841
-1.09	1.12604
-1.1	1.12373
-1.11	1.12147
-1.12	1.11925
-1.13	1.11708
-1.14	1.11496
-1.15	1.11287
-1.16	1.11084
-1.17	1.10884
-1.18	1.10688
-1.19	1.10496
-1.2	1.10308
-1.21	1.10123
-1.22	1.09942
-1.23	1.09765
-1.24	1.0959
-1.25	1.09419
-1.26	1.09251
-1.27	1.09087
-1.28	1.08925
-1.29	1.08766
-1.3	1.0861
-1.31	1.08456
-1.32	1.08306
-1.33	1.08158
-1.34	1.08012
-1.35	1.07869
-1.36	1.07729
-1.37	1.0759
-1.38	1.07454
-1.39	1.07321
-1.4	1.07189
-1.41	1.0706
-1.42	1.06932
-1.43	1.06807
-1.44	1.06684
-1.45	1.06562
-1.46	1.06443
-1.47	1.06325
-1.48	1.06209
-1.49	1.06095
-1.5	1.05983
-1.51	1.05872
-1.52	1.05763
-1.53	1.05656
-1.54	1.0555
-1.55	1.05446
-1.56	1.05343
-1.57	1.05242
-1.58	1.05142
-1.59	1.05043
-1.6	1.04946
-1.61	1.0485
-1.62	1.04756
-1.63	1.04663
-1.64	1.04571
-1.65	1.04481
-1.66	1.04391
-1.67	1.04303
-1.68	1.04216
-1.69	1.0413
-1.7	1.04046
-1.71	1.03962
-1.72	1.03879
-1.73	1.03798
-1.74	1.03718
-1.75	1.03638
-1.76	1.0356
-1.77	1.03482
-1.78	1.03406
-1.79	1.0333
-1.8	1.03256
-1.81	1.03182
-1.82	1.0311
-1.83	1.03038
-1.84	1.02967
-1.85	1.02897
-1.86	1.02827
-1.87	1.02759
-1.88	1.02691
-1.89	1.02624
-1.9	1.02558
-1.91	1.02493
-1.92	1.02428
-1.93	1.02364
-1.94	1.02301
-1.95	1.02239
-1.96	1.02177
-1.97	1.02116
-1.98	1.02055
-1.99	1.01996
-2	1.01937
-2.01	1.01878
-2.02	1.0182
-2.03	1.01763
-2.04	1.01707
-2.05	1.01651
-2.06	1.01596
-2.07	1.01541
-2.08	1.01487
-2.09	1.01433
-2.1	1.0138
-2.11	1.01327
-2.12	1.01276
-2.13	1.01224
-2.14	1.01173
-2.15	1.01123
-2.16	1.01073
-2.17	1.01024
-2.18	1.00975
-2.19	1.00926
-2.2	1.00878
-2.21	1.00831
-2.22	1.00784
-2.23	1.00737
-2.24	1.00691
-2.25	1.00646
-2.26	1.00601
-2.27	1.00556
-2.28	1.00511
-2.29	1.00468
-2.3	1.00424
-2.31	1.00381
-2.32	1.00338
-2.33	1.00296
-2.34	1.00254
-2.35	1.00213
-2.36	1.00171
-2.37	1.00131
-2.38	1.0009
-2.39	1.0005
-2.4	1.00011
-2.41	0.999714
-2.42	0.999324
-2.43	0.998938
-2.44	0.998556
-2.45	0.998176
-2.46	0.9978
-2.47	0.997428
-2.48	0.997058
-2.49	0.996692
-2.5	0.996329
-2.51	0.995969
-2.52	0.995612
-2.53	0.995258
-2.54	0.994908
-2.55	0.99456
-2.56	0.994215
-2.57	0.993873
-2.58	0.993533
-2.59	0.993197
-2.6	0.992863
-2.61	0.992532
-2.62	0.992204
-2.63	0.991879
-2.64	0.991556
-2.65	0.991236
-2.66	0.990918
-2.67	0.990603
-2.68	0.99029
-2.69	0.98998
-2.7	0.989673
-2.71	0.989367
-2.72	0.989065
-2.73	0.988764
-2.74	0.988466
-2.75	0.98817
-2.76	0.987877
-2.77	0.987586
-2.78	0.987297
-2.79	0.98701
-2.8	0.986725
-2.81	0.986443
-2.82	0.986163
-2.83	0.985885
-2.84	0.985609
-2.85	0.985335
-2.86	0.985063
-2.87	0.984793
-2.88	0.984525
-2.89	0.984259
-2.9	0.983995
-2.91	0.983733
-2.92	0.983473
-2.93	0.983214
-2.94	0.982958
-2.95	0.982704
-2.96	0.982451
-2.97	0.9822
-2.98	0.981951
-2.99	0.981704
-3	0.981458
-3.01	0.981214
-3.02	0.980972
-3.03	0.980732
-3.04	0.980493
-3.05	0.980256
-3.06	0.98002
-3.07	0.979787
-3.08	0.979554
-3.09	0.979324
-3.1	0.979095
-3.11	0.978867
-3.12	0.978642
-3.13	0.978417
-3.14	0.978194
-3.15	0.977973
-3.16	0.977753
-3.17	0.977535
-3.18	0.977318
-3.19	0.977102
-3.2	0.976888
-3.21	0.976676
-3.22	0.976464
-3.23	0.976254
-3.24	0.976046
-3.25	0.975839
-3.26	0.975633
-3.27	0.975429
-3.28	0.975225
-3.29	0.975024
-3.3	0.974823
-3.31	0.974624
-3.32	0.974426
-3.33	0.974229
-3.34	0.974034
-3.35	0.973839
-3.36	0.973646
-3.37	0.973454
-3.38	0.973264
-3.39	0.973074
-3.4	0.972886
-3.41	0.972699
-3.42	0.972513
-3.43	0.972328
-3.44	0.972145
-3.45	0.971962
-3.46	0.971781
-3.47	0.9716
-3.48	0.971421
-3.49	0.971243
-3.5	0.971066
-3.51	0.97089
-3.52	0.970715
-3.53	0.970541
-3.54	0.970368
-3.55	0.970196
-3.56	0.970025
-3.57	0.969856
-3.58	0.969687
-3.59	0.969519
-3.6	0.969352
-3.61	0.969186
-3.62	0.969021
-3.63	0.968857
-3.64	0.968694
-3.65	0.968532
-3.66	0.968371
-3.67	0.968211
-3.68	0.968052
-3.69	0.967893
-3.7	0.967736
-3.71	0.967579
-3.72	0.967423
-3.73	0.967269
-3.74	0.967115
-3.75	0.966962
-3.76	0.966809
-3.77	0.966658
-3.78	0.966507
-3.79	0.966358
-3.8	0.966209
-3.81	0.966061
-3.82	0.965913
-3.83	0.965767
-3.84	0.965621
-3.85	0.965476
-3.86	0.965332
-3.87	0.965189
-3.88	0.965046
-3.89	0.964905
-3.9	0.964764
-3.91	0.964624
-3.92	0.964484
-3.93	0.964345
-3.94	0.964207
-3.95	0.96407
-3.96	0.963933
-3.97	0.963798
-3.98	0.963663
-3.99	0.963528
-4	0.963394
-4.01	0.963261
-4.02	0.963129
-4.03	0.962997
-4.04	0.962867
-4.05	0.962736
-4.06	0.962607
-4.07	0.962478
-4.08	0.96235
-4.09	0.962222
-4.1	0.962095
-4.11	0.961969
-4.12	0.961843
-4.13	0.961718
-4.14	0.961594
-4.15	0.96147
-4.16	0.961347
-4.17	0.961224
-4.18	0.961102
-4.19	0.960981
-4.2	0.96086
-4.21	0.96074
-4.22	0.960621
-4.23	0.960502
-4.24	0.960383
-4.25	0.960266
-4.26	0.960148
-4.27	0.960032
-4.28	0.959916
-4.29	0.9598
-4.3	0.959685
-4.31	0.959571
-4.32	0.959457
-4.33	0.959344
-4.34	0.959231
-4.35	0.959119
-4.36	0.959008
-4.37	0.958896
-4.38	0.958786
-4.39	0.958676
-4.4	0.958566
-4.41	0.958457
-4.42	0.958349
-4.43	0.958241
-4.44	0.958133
-4.45	0.958026
-4.46	0.95792
-4.47	0.957814
-4.48	0.957709
-4.49	0.957604
-4.5	0.957499
-4.51	0.957395
-4.52	0.957291
-4.53	0.957188
-4.54	0.957086
-4.55	0.956984
-4.56	0.956882
-4.57	0.956781
-4.58	0.95668
-4.59	0.95658
-4.6	0.95648
-4.61	0.956381
-4.62	0.956282
-4.63	0.956183
-4.64	0.956085
-4.65	0.955988
-4.66	0.95589
-4.67	0.955794
-4.68	0.955697
-4.69	0.955602
-4.7	0.955506
-4.71	0.955411
-4.72	0.955317
-4.73	0.955222
-4.74	0.955129
-4.75	0.955035
-4.76	0.954942
-4.77	0.95485
-4.78	0.954758
-4.79	0.954666
-4.8	0.954574
-4.81	0.954484
-4.82	0.954393
-4.83	0.954303
-4.84	0.954213
-4.85	0.954124
-4.86	0.954035
-4.87	0.953946
-4.88	0.953858
-4.89	0.95377
-4.9	0.953682
-4.91	0.953595
-4.92	0.953508
-4.93	0.953422
-4.94	0.953336
-4.95	0.95325
-4.96	0.953165
-4.97	0.95308
-4.98	0.952995
-4.99	0.952911
-5	0.952827
-5.01	0.952743
-5.02	0.95266
-5.03	0.952577
-5.04	0.952495
-5.05	0.952413
-5.06	0.952331
-5.07	0.952249
-5.08	0.952168
-5.09	0.952087
-5.1	0.952007
-5.11	0.951926
-5.12	0.951846
-5.13	0.951767
-5.14	0.951688
-5.15	0.951609
-5.16	0.95153
-5.17	0.951452
-5.18	0.951374
-5.19	0.951296
-5.2	0.951219
-5.21	0.951142
-5.22	0.951065
-5.23	0.950989
-5.24	0.950912
-5.25	0.950837
-5.26	0.950761
-5.27	0.950686
-5.28	0.950611
-5.29	0.950536
-5.3	0.950462
-5.31	0.950388
-5.32	0.950314
-5.33	0.950241
-5.34	0.950167
-5.35	0.950094
-5.36	0.950022
-5.37	0.949949
-5.38	0.949877
-5.39	0.949805
-5.4	0.949734
-5.41	0.949663
-5.42	0.949592
-5.43	0.949521
-5.44	0.94945
-5.45	0.94938
-5.46	0.94931
-5.47	0.949241
-5.48	0.949171
-5.49	0.949102
-5.5	0.949033
-5.51	0.948965
-5.52	0.948896
-5.53	0.948828
-5.54	0.94876
-5.55	0.948693
-5.56	0.948626
-5.57	0.948558
-5.58	0.948492
-5.59	0.948425
-5.6	0.948359
-5.61	0.948293
-5.62	0.948227
-5.63	0.948161
-5.64	0.948096
-5.65	0.948031
-5.66	0.947966
-5.67	0.947901
-5.68	0.947837
-5.69	0.947772
-5.7	0.947708
-5.71	0.947645
-5.72	0.947581
-5.73	0.947518
-5.74	0.947455
-5.75	0.947392
-5.76	0.947329
-5.77	0.947267
-5.78	0.947205
-5.79	0.947143
-5.8	0.947081
-5.81	0.94702
-5.82	0.946959
-5.83	0.946897
-5.84	0.946837
-5.85	0.946776
-5.86	0.946716
-5.87	0.946655
-5.88	0.946595
-5.89	0.946536
-5.9	0.946476
-5.91	0.946417
-5.92	0.946358
-5.93	0.946299
-5.94	0.94624
-5.95	0.946181
-5.96	0.946123
-5.97	0.946065
-5.98	0.946007
-5.99	0.945949
-6	0.945892
-6.01	0.945834
-6.02	0.945777
-6.03	0.94572
-6.04	0.945664
-6.05	0.945607
-6.06	0.945551
-6.07	0.945494
-6.08	0.945439
-6.09	0.945383
-6.1	0.945327
-6.11	0.945272
-6.12	0.945216
-6.13	0.945161
-6.14	0.945107
-6.15	0.945052
-6.16	0.944997
-6.17	0.944943
-6.18	0.944889
-6.19	0.944835
-6.2	0.944781
-6.21	0.944728
-6.22	0.944674
-6.23	0.944621
-6.24	0.944568
-6.25	0.944515
-6.26	0.944462
-6.27	0.94441
-6.28	0.944357
-6.29	0.944305
-6.3	0.944253
-6.31	0.944201
-6.32	0.94415
-6.33	0.944098
-6.34	0.944047
-6.35	0.943996
-6.36	0.943945
-6.37	0.943894
-6.38	0.943843
-6.39	0.943793
-6.4	0.943742
-6.41	0.943692
-6.42	0.943642
-6.43	0.943592
-6.44	0.943542
-6.45	0.943493
-6.46	0.943443
-6.47	0.943394
-6.48	0.943345
-6.49	0.943296
-6.5	0.943247
-6.51	0.943199
-6.52	0.94315
-6.53	0.943102
-6.54	0.943054
-6.55	0.943006
-6.56	0.942958
-6.57	0.94291
-6.58	0.942863
-6.59	0.942815
-6.6	0.942768
-6.61	0.942721
-6.62	0.942674
-6.63	0.942627
-6.64	0.94258
-6.65	0.942534
-6.66	0.942487
-6.67	0.942441
-6.68	0.942395
-6.69	0.942349
-6.7	0.942303
-6.71	0.942257
-6.72	0.942212
-6.73	0.942166
-6.74	0.942121
-6.75	0.942076
-6.76	0.942031
-6.77	0.941986
-6.78	0.941941
-6.79	0.941897
-6.8	0.941852
-6.81	0.941808
-6.82	0.941764
-6.83	0.94172
-6.84	0.941676
-6.85	0.941632
-6.86	0.941588
-6.87	0.941545
-6.88	0.941502
-6.89	0.941458
-6.9	0.941415
-6.91	0.941372
-6.92	0.941329
-6.93	0.941287
-6.94	0.941244
-6.95	0.941201
-6.96	0.941159
-6.97	0.941117
-6.98	0.941075
-6.99	0.941033
-7	0.940991
-7.01	0.940949
-7.02	0.940907
-7.03	0.940866
-7.04	0.940824
-7.05	0.940783
-7.06	0.940742
-7.07	0.940701
-7.08	0.94066
-7.09	0.940619
-7.1	0.940579
-7.11	0.940538
-7.12	0.940498
-7.13	0.940457
-7.14	0.940417
-7.15	0.940377
-7.16	0.940337
-7.17	0.940297
-7.18	0.940257
-7.19	0.940218
-7.2	0.940178
-7.21	0.940139
-7.22	0.940099
-7.23	0.94006
-7.24	0.940021
-7.25	0.939982
-7.26	0.939943
-7.27	0.939905
-7.28	0.939866
-7.29	0.939827
-7.3	0.939789
-7.31	0.939751
-7.32	0.939712
-7.33	0.939674
-7.34	0.939636
-7.35	0.939598
-7.36	0.939561
-7.37	0.939523
-7.38	0.939485
-7.39	0.939448
-7.4	0.939411
-7.41	0.939373
-7.42	0.939336
-7.43	0.939299
-7.44	0.939262
-7.45	0.939225
-7.46	0.939188
-7.47	0.939152
-7.48	0.939115
-7.49	0.939079
-7.5	0.939042
-7.51	0.939006
-7.52	0.93897
-7.53	0.938934
-7.54	0.938898
-7.55	0.938862
-7.56	0.938826
-7.57	0.938791
-7.58	0.938755
-7.59	0.93872
-7.6	0.938684
-7.61	0.938649
-7.62	0.938614
-7.63	0.938579
-7.64	0.938544
-7.65	0.938509
-7.66	0.938474
-7.67	0.938439
-7.68	0.938405
-7.69	0.93837
-7.7	0.938336
-7.71	0.938301
-7.72	0.938267
-7.73	0.938233
-7.74	0.938199
-7.75	0.938165
-7.76	0.938131
-7.77	0.938097
-7.78	0.938063
-7.79	0.93803
-7.8	0.937996
-7.81	0.937963
-7.82	0.937929
-7.83	0.937896
-7.84	0.937863
-7.85	0.93783
-7.86	0.937797
-7.87	0.937764
-7.88	0.937731
-7.89	0.937698
-7.9	0.937666
-7.91	0.937633
-7.92	0.9376
-7.93	0.937568
-7.94	0.937536
-7.95	0.937503
-7.96	0.937471
-7.97	0.937439
-7.98	0.937407
-7.99	0.937375
-8	0.937343
-8.01	0.937312
-8.02	0.93728
-8.03	0.937248
-8.04	0.937217
-8.05	0.937185
-8.06	0.937154
-8.07	0.937123
-8.08	0.937092
-8.09	0.93706
-8.1	0.937029
-8.11	0.936998
-8.12	0.936967
-8.13	0.936937
-8.14	0.936906
-8.15	0.936875
-8.16	0.936845
-8.17	0.936814
-8.18	0.936784
-8.19	0.936753
-8.2	0.936723
-8.21	0.936693
-8.22	0.936663
-8.23	0.936633
-8.24	0.936603
-8.25	0.936573
-8.26	0.936543
-8.27	0.936513
-8.28	0.936484
-8.29	0.936454
-8.3	0.936424
-8.31	0.936395
-8.32	0.936366
-8.33	0.936336
-8.34	0.936307
-8.35	0.936278
-8.36	0.936249
-8.37	0.93622
-8.38	0.936191
-8.39	0.936162
-8.4	0.936133
-8.41	0.936104
-8.42	0.936076
-8.43	0.936047
-8.44	0.936018
-8.45	0.93599
-8.46	0.935962
-8.47	0.935933
-8.48	0.935905
-8.49	0.935877
-8.5	0.935849
-8.51	0.935821
-8.52	0.935793
-8.53	0.935765
-8.54	0.935737
-8.55	0.935709
-8.56	0.935681
-8.57	0.935654
-8.58	0.935626
-8.59	0.935598
-8.6	0.935571
-8.61	0.935544
-8.62	0.935516
-8.63	0.935489
-8.64	0.935462
-8.65	0.935435
-8.66	0.935408
-8.67	0.935381
-8.68	0.935354
-8.69	0.935327
-8.7	0.9353
-8.71	0.935273
-8.72	0.935246
-8.73	0.93522
-8.74	0.935193
-8.75	0.935167
-8.76	0.93514
-8.77	0.935114
-8.78	0.935088
-8.79	0.935061
-8.8	0.935035
-8.81	0.935009
-8.82	0.934983
-8.83	0.934957
-8.84	0.934931
-8.85	0.934905
-8.86	0.934879
-8.87	0.934853
-8.88	0.934828
-8.89	0.934802
-8.9	0.934776
-8.91	0.934751
-8.92	0.934725
-8.93	0.9347
-8.94	0.934674
-8.95	0.934649
-8.96	0.934624
-8.97	0.934599
-8.98	0.934573
-8.99	0.934548
-9	0.934523
-9.01	0.934498
-9.02	0.934473
-9.03	0.934449
-9.04	0.934424
-9.05	0.934399
-9.06	0.934374
-9.07	0.93435
-9.08	0.934325
-9.09	0.934301
-9.1	0.934276
-9.11	0.934252
-9.12	0.934227
-9.13	0.934203
-9.14	0.934179
-9.15	0.934155
-9.16	0.93413
-9.17	0.934106
-9.18	0.934082
-9.19	0.934058
-9.2	0.934034
-9.21	0.934011
-9.22	0.933987
-9.23	0.933963
-9.24	0.933939
-9.25	0.933916
-9.26	0.933892
-9.27	0.933868
-9.28	0.933845
-9.29	0.933821
-9.3	0.933798
-9.31	0.933775
-9.32	0.933751
-9.33	0.933728
-9.34	0.933705
-9.35	0.933682
-9.36	0.933659
-9.37	0.933636
-9.38	0.933613
-9.39	0.93359
-9.4	0.933567
-9.41	0.933544
-9.42	0.933521
-9.43	0.933498
-9.44	0.933476
-9.45	0.933453
-9.46	0.93343
-9.47	0.933408
-9.48	0.933385
-9.49	0.933363
-9.5	0.93334
-9.51	0.933318
-9.52	0.933296
-9.53	0.933273
-9.54	0.933251
-9.55	0.933229
-9.56	0.933207
-9.57	0.933185
-9.58	0.933163
-9.59	0.933141
-9.6	0.933119
-9.61	0.933097
-9.62	0.933075
-9.63	0.933053
-9.64	0.933031
-9.65	0.93301
-9.66	0.932988
-9.67	0.932967
-9.68	0.932945
-9.69	0.932923
-9.7	0.932902
-9.71	0.93288
-9.72	0.932859
-9.73	0.932838
-9.74	0.932816
-9.75	0.932795
-9.76	0.932774
-9.77	0.932753
-9.78	0.932732
-9.79	0.932711
-9.8	0.93269
-9.81	0.932669
-9.82	0.932648
-9.83	0.932627
-9.84	0.932606
-9.85	0.932585
-9.86	0.932564
-9.87	0.932544
-9.88	0.932523
-9.89	0.932502
-9.9	0.932482
-9.91	0.932461
-9.92	0.93244
-9.93	0.93242
-9.94	0.9324
-9.95	0.932379
-9.96	0.932359
-9.97	0.932338
-9.98	0.932318
-9.99	0.932298
-10	0.932278
-10.01	0.932258
-10.02	0.932238
-10.03	0.932217
-10.04	0.932197
-10.05	0.932177
-10.06	0.932158
-10.07	0.932138
-10.08	0.932118
-10.09	0.932098
-10.1	0.932078
-10.11	0.932058
-10.12	0.932039
-10.13	0.932019
-10.14	0.931999
-10.15	0.93198
-10.16	0.93196
-10.17	0.931941
-10.18	0.931921
-10.19	0.931902
-10.2	0.931883
-10.21	0.931863
-10.22	0.931844
-10.23	0.931825
-10.24	0.931805
-10.25	0.931786
-10.26	0.931767
-10.27	0.931748
-10.28	0.931729
-10.29	0.93171
-10.3	0.931691
-10.31	0.931672
-10.32	0.931653
-10.33	0.931634
-10.34	0.931615
-10.35	0.931596
-10.36	0.931577
-10.37	0.931559
-10.38	0.93154
-10.39	0.931521
-10.4	0.931503
-10.41	0.931484
-10.42	0.931465
-10.43	0.931447
-10.44	0.931428
-10.45	0.93141
-10.46	0.931392
-10.47	0.931373
-10.48	0.931355
-10.49	0.931337
-10.5	0.931318
-10.51	0.9313
-10.52	0.931282
-10.53	0.931264
-10.54	0.931246
-10.55	0.931227
-10.56	0.931209
-10.57	0.931191
-10.58	0.931173
-10.59	0.931155
-10.6	0.931137
-10.61	0.93112
-10.62	0.931102
-10.63	0.931084
-10.64	0.931066
-10.65	0.931048
-10.66	0.931031
-10.67	0.931013
-10.68	0.930995
-10.69	0.930978
-10.7	0.93096
-10.71	0.930942
-10.72	0.930925
-10.73	0.930907
-10.74	0.93089
-10.75	0.930872
-10.76	0.930855
-10.77	0.930838
-10.78	0.93082
-10.79	0.930803
-10.8	0.930786
-10.81	0.930769
-10.82	0.930751
-10.83	0.930734
-10.84	0.930717
-10.85	0.9307
-10.86	0.930683
-10.87	0.930666
-10.88	0.930649
-10.89	0.930632
-10.9	0.930615
-10.91	0.930598
-10.92	0.930581
-10.93	0.930564
-10.94	0.930548
-10.95	0.930531
-10.96	0.930514
-10.97	0.930497
-10.98	0.930481
-10.99	0.930464
-11	0.930447
-11.01	0.930431
-11.02	0.930414
-11.03	0.930398
-11.04	0.930381
-11.05	0.930365
-11.06	0.930348
-11.07	0.930332
-11.08	0.930315
-11.09	0.930299
-11.1	0.930283
-11.11	0.930266
-11.12	0.93025
-11.13	0.930234
-11.14	0.930218
-11.15	0.930202
-11.16	0.930185
-11.17	0.930169
-11.18	0.930153
-11.19	0.930137
-11.2	0.930121
-11.21	0.930105
-11.22	0.930089
-11.23	0.930073
-11.24	0.930057
-11.25	0.930041
-11.26	0.930026
-11.27	0.93001
-11.28	0.929994
-11.29	0.929978
-11.3	0.929962
-11.31	0.929947
-11.32	0.929931
-11.33	0.929915
-11.34	0.9299
-11.35	0.929884
-11.36	0.929869
-11.37	0.929853
-11.38	0.929838
-11.39	0.929822
-11.4	0.929807
-11.41	0.929791
-11.42	0.929776
-11.43	0.92976
-11.44	0.929745
-11.45	0.92973
-11.46	0.929714
-11.47	0.929699
-11.48	0.929684
-11.49	0.929669
-11.5	0.929653
-11.51	0.929638
-11.52	0.929623
-11.53	0.929608
-11.54	0.929593
-11.55	0.929578
-11.56	0.929563
-11.57	0.929548
-11.58	0.929533
-11.59	0.929518
-11.6	0.929503
-11.61	0.929488
-11.62	0.929473
-11.63	0.929458
-11.64	0.929444
-11.65	0.929429
-11.66	0.929414
-11.67	0.929399
-11.68	0.929385
-11.69	0.92937
-11.7	0.929355
-11.71	0.929341
-11.72	0.929326
-11.73	0.929311
-11.74	0.929297
-11.75	0.929282
-11.76	0.929268
-11.77	0.929253
-11.78	0.929239
-11.79	0.929224
-11.8	0.92921
-11.81	0.929196
-11.82	0.929181
-11.83	0.929167
-11.84	0.929153
-11.85	0.929138
-11.86	0.929124
-11.87	0.92911
-11.88	0.929096
-11.89	0.929081
-11.9	0.929067
-11.91	0.929053
-11.92	0.929039
-11.93	0.929025
-11.94	0.929011
-11.95	0.928997
-11.96	0.928983
-11.97	0.928969
-11.98	0.928955
-11.99	0.928941
-12	0.928927
-12.01	0.928913
-12.02	0.928899
-12.03	0.928885
-12.04	0.928871
-12.05	0.928857
-12.06	0.928844
-12.07	0.92883
-12.08	0.928816
-12.09	0.928802
-12.1	0.928789
-12.11	0.928775
-12.12	0.928761
-12.13	0.928748
-12.14	0.928734
-12.15	0.928721
-12.16	0.928707
-12.17	0.928693
-12.18	0.92868
-12.19	0.928666
-12.2	0.928653
-12.21	0.92864
-12.22	0.928626
-12.23	0.928613
-12.24	0.928599
-12.25	0.928586
-12.26	0.928573
-12.27	0.928559
-12.28	0.928546
-12.29	0.928533
-12.3	0.928519
-12.31	0.928506
-12.32	0.928493
-12.33	0.92848
-12.34	0.928467
-12.35	0.928454
-12.36	0.92844
-12.37	0.928427
-12.38	0.928414
-12.39	0.928401
-12.4	0.928388
-12.41	0.928375
-12.42	0.928362
-12.43	0.928349
-12.44	0.928336
-12.45	0.928323
-12.46	0.92831
-12.47	0.928298
-12.48	0.928285
-12.49	0.928272
-12.5	0.928259
-12.51	0.928246
-12.52	0.928233
-12.53	0.928221
-12.54	0.928208
-12.55	0.928195
-12.56	0.928183
-12.57	0.92817
-12.58	0.928157
-12.59	0.928145
-12.6	0.928132
-12.61	0.928119
-12.62	0.928107
-12.63	0.928094
-12.64	0.928082
-12.65	0.928069
-12.66	0.928057
-12.67	0.928044
-12.68	0.928032
-12.69	0.928019
-12.7	0.928007
-12.71	0.927994
-12.72	0.927982
-12.73	0.92797
-12.74	0.927957
-12.75	0.927945
-12.76	0.927933
-12.77	0.927921
-12.78	0.927908
-12.79	0.927896
-12.8	0.927884
-12.81	0.927872
-12.82	0.927859
-12.83	0.927847
-12.84	0.927835
-12.85	0.927823
-12.86	0.927811
-12.87	0.927799
-12.88	0.927787
-12.89	0.927775
-12.9	0.927763
-12.91	0.927751
-12.92	0.927739
-12.93	0.927727
-12.94	0.927715
-12.95	0.927703
-12.96	0.927691
-12.97	0.927679
-12.98	0.927667
-12.99	0.927655
-13	0.927643
-13.01	0.927632
-13.02	0.92762
-13.03	0.927608
-13.04	0.927596
-13.05	0.927584
-13.06	0.927573
-13.07	0.927561
-13.08	0.927549
-13.09	0.927538
-13.1	0.927526
-13.11	0.927514
-13.12	0.927503
-13.13	0.927491
-13.14	0.92748
-13.15	0.927468
-13.16	0.927456
-13.17	0.927445
-13.18	0.927433
-13.19	0.927422
-13.2	0.92741
-13.21	0.927399
-13.22	0.927387
-13.23	0.927376
-13.24	0.927365
-13.25	0.927353
-13.26	0.927342
-13.27	0.92733
-13.28	0.927319
-13.29	0.927308
-13.3	0.927297
-13.31	0.927285
-13.32	0.927274
-13.33	0.927263
-13.34	0.927251
-13.35	0.92724
-13.36	0.927229
-13.37	0.927218
-13.38	0.927207
-13.39	0.927196
-13.4	0.927184
-13.41	0.927173
-13.42	0.927162
-13.43	0.927151
-13.44	0.92714
-13.45	0.927129
-13.46	0.927118
-13.47	0.927107
-13.48	0.927096
-13.49	0.927085
-13.5	0.927074
-13.51	0.927063
-13.52	0.927052
-13.53	0.927041
-13.54	0.92703
-13.55	0.927019
-13.56	0.927009
-13.57	0.926998
-13.58	0.926987
-13.59	0.926976
-13.6	0.926965
-13.61	0.926954
-13.62	0.926944
-13.63	0.926933
-13.64	0.926922
-13.65	0.926911
-13.66	0.926901
-13.67	0.92689
-13.68	0.926879
-13.69	0.926869
-13.7	0.926858
-13.71	0.926847
-13.72	0.926837
-13.73	0.926826
-13.74	0.926816
-13.75	0.926805
-13.76	0.926794
-13.77	0.926784
-13.78	0.926773
-13.79	0.926763
-13.8	0.926752
-13.81	0.926742
-13.82	0.926731
-13.83	0.926721
-13.84	0.926711
-13.85	0.9267
-13.86	0.92669
-13.87	0.926679
-13.88	0.926669
-13.89	0.926659
-13.9	0.926648
-13.91	0.926638
-13.92	0.926628
-13.93	0.926617
-13.94	0.926607
-13.95	0.926597
-13.96	0.926587
-13.97	0.926576
-13.98	0.926566
-13.99	0.926556
-14	0.926546
-14.01	0.926536
-14.02	0.926525
-14.03	0.926515
-14.04	0.926505
-14.05	0.926495
-14.06	0.926485
-14.07	0.926475
-14.08	0.926465
-14.09	0.926455
-14.1	0.926445
-14.11	0.926435
-14.12	0.926425
-14.13	0.926415
-14.14	0.926405
-14.15	0.926395
-14.16	0.926385
-14.17	0.926375
-14.18	0.926365
-14.19	0.926355
-14.2	0.926345
-14.21	0.926335
-14.22	0.926325
-14.23	0.926315
-14.24	0.926306
-14.25	0.926296
-14.26	0.926286
-14.27	0.926276
-14.28	0.926266
-14.29	0.926257
-14.3	0.926247
-14.31	0.926237
-14.32	0.926227
-14.33	0.926218
-14.34	0.926208
-14.35	0.926198
-14.36	0.926189
-14.37	0.926179
-14.38	0.926169
-14.39	0.92616
-14.4	0.92615
-14.41	0.92614
-14.42	0.926131
-14.43	0.926121
-14.44	0.926112
-14.45	0.926102
-14.46	0.926093
-14.47	0.926083
-14.48	0.926073
-14.49	0.926064
-14.5	0.926054
-14.51	0.926045
-14.52	0.926036
-14.53	0.926026
-14.54	0.926017
-14.55	0.926007
-14.56	0.925998
-14.57	0.925988
-14.58	0.925979
-14.59	0.92597
-14.6	0.92596
-14.61	0.925951
-14.62	0.925942
-14.63	0.925932
-14.64	0.925923
-14.65	0.925914
-14.66	0.925904
-14.67	0.925895
-14.68	0.925886
-14.69	0.925877
-14.7	0.925867
-14.71	0.925858
-14.72	0.925849
-14.73	0.92584
-14.74	0.925831
-14.75	0.925821
-14.76	0.925812
-14.77	0.925803
-14.78	0.925794
-14.79	0.925785
-14.8	0.925776
-14.81	0.925767
-14.82	0.925758
-14.83	0.925749
-14.84	0.92574
-14.85	0.925731
-14.86	0.925721
-14.87	0.925712
-14.88	0.925703
-14.89	0.925694
-14.9	0.925685
-14.91	0.925677
-14.92	0.925668
-14.93	0.925659
-14.94	0.92565
-14.95	0.925641
-14.96	0.925632
-14.97	0.925623
-14.98	0.925614
-14.99	0.925605
-15	0.925596
-15.01	0.925587
-15.02	0.925579
-15.03	0.92557
-15.04	0.925561
-15.05	0.925552
-15.06	0.925543
-15.07	0.925535
-15.08	0.925526
-15.09	0.925517
-15.1	0.925508
-15.11	0.9255
-15.12	0.925491
-15.13	0.925482
-15.14	0.925474
-15.15	0.925465
-15.16	0.925456
-15.17	0.925448
-15.18	0.925439
-15.19	0.92543
-15.2	0.925422
-15.21	0.925413
-15.22	0.925404
-15.23	0.925396
-15.24	0.925387
-15.25	0.925379
-15.26	0.92537
-15.27	0.925362
-15.28	0.925353
-15.29	0.925345
-15.3	0.925336
-15.31	0.925327
-15.32	0.925319
-15.33	0.925311
-15.34	0.925302
-15.35	0.925294
-15.36	0.925285
-15.37	0.925277
-15.38	0.925268
-15.39	0.92526
-15.4	0.925251
-15.41	0.925243
-15.42	0.925235
-15.43	0.925226
-15.44	0.925218
-15.45	0.92521
-15.46	0.925201
-15.47	0.925193
-15.48	0.925185
-15.49	0.925176
-15.5	0.925168
-15.51	0.92516
-15.52	0.925152
-15.53	0.925143
-15.54	0.925135
-15.55	0.925127
-15.56	0.925119
-15.57	0.92511
-15.58	0.925102
-15.59	0.925094
-15.6	0.925086
-15.61	0.925078
-15.62	0.925069
-15.63	0.925061
-15.64	0.925053
-15.65	0.925045
-15.66	0.925037
-15.67	0.925029
-15.68	0.925021
-15.69	0.925013
-15.7	0.925005
-15.71	0.924996
-15.72	0.924988
-15.73	0.92498
-15.74	0.924972
-15.75	0.924964
-15.76	0.924956
-15.77	0.924948
-15.78	0.92494
-15.79	0.924932
-15.8	0.924924
-15.81	0.924916
-15.82	0.924908
-15.83	0.9249
-15.84	0.924893
-15.85	0.924885
-15.86	0.924877
-15.87	0.924869
-15.88	0.924861
-15.89	0.924853
-15.9	0.924845
-15.91	0.924837
-15.92	0.924829
-15.93	0.924822
-15.94	0.924814
-15.95	0.924806
-15.96	0.924798
-15.97	0.92479
-15.98	0.924783
-15.99	0.924775
-16	0.924767
-16.01	0.924759
-16.02	0.924751
-16.03	0.924744
-16.04	0.924736
-16.05	0.924728
-16.06	0.92472
-16.07	0.924713
-16.08	0.924705
-16.09	0.924697
-16.1	0.92469
-16.11	0.924682
-16.12	0.924674
-16.13	0.924667
-16.14	0.924659
-16.15	0.924652
-16.16	0.924644
-16.17	0.924636
-16.18	0.924629
-16.19	0.924621
-16.2	0.924613
-16.21	0.924606
-16.22	0.924598
-16.23	0.924591
-16.24	0.924583
-16.25	0.924576
-16.26	0.924568
-16.27	0.924561
-16.28	0.924553
-16.29	0.924546
-16.3	0.924538
-16.31	0.924531
-16.32	0.924523
-16.33	0.924516
-16.34	0.924508
-16.35	0.924501
-16.36	0.924493
-16.37	0.924486
-16.38	0.924479
-16.39	0.924471
-16.4	0.924464
-16.41	0.924456
-16.42	0.924449
-16.43	0.924442
-16.44	0.924434
-16.45	0.924427
-16.46	0.92442
-16.47	0.924412
-16.48	0.924405
-16.49	0.924398
-16.5	0.92439
-16.51	0.924383
-16.52	0.924376
-16.53	0.924369
-16.54	0.924361
-16.55	0.924354
-16.56	0.924347
-16.57	0.924339
-16.58	0.924332
-16.59	0.924325
-16.6	0.924318
-16.61	0.924311
-16.62	0.924303
-16.63	0.924296
-16.64	0.924289
-16.65	0.924282
-16.66	0.924275
-16.67	0.924268
-16.68	0.92426
-16.69	0.924253
-16.7	0.924246
-16.71	0.924239
-16.72	0.924232
-16.73	0.924225
-16.74	0.924218
-16.75	0.924211
-16.76	0.924204
-16.77	0.924196
-16.78	0.924189
-16.79	0.924182
-16.8	0.924175
-16.81	0.924168
-16.82	0.924161
-16.83	0.924154
-16.84	0.924147
-16.85	0.92414
-16.86	0.924133
-16.87	0.924126
-16.88	0.924119
-16.89	0.924112
-16.9	0.924105
-16.91	0.924098
-16.92	0.924091
-16.93	0.924084
-16.94	0.924078
-16.95	0.924071
-16.96	0.924064
-16.97	0.924057
-16.98	0.92405
-16.99	0.924043
-17	0.924036
-17.01	0.924029
-17.02	0.924022
-17.03	0.924016
-17.04	0.924009
-17.05	0.924002
-17.06	0.923995
-17.07	0.923988
-17.08	0.923981
-17.09	0.923975
-17.1	0.923968
-17.11	0.923961
-17.12	0.923954
-17.13	0.923948
-17.14	0.923941
-17.15	0.923934
-17.16	0.923927
-17.17	0.923921
-17.18	0.923914
-17.19	0.923907
-17.2	0.9239
-17.21	0.923894
-17.22	0.923887
-17.23	0.92388
-17.24	0.923874
-17.25	0.923867
-17.26	0.92386
-17.27	0.923854
-17.28	0.923847
-17.29	0.92384
-17.3	0.923834
-17.31	0.923827
-17.32	0.92382
-17.33	0.923814
-17.34	0.923807
-17.35	0.923801
-17.36	0.923794
-17.37	0.923787
-17.38	0.923781
-17.39	0.923774
-17.4	0.923768
-17.41	0.923761
-17.42	0.923755
-17.43	0.923748
-17.44	0.923741
-17.45	0.923735
-17.46	0.923728
-17.47	0.923722
-17.48	0.923715
-17.49	0.923709
-17.5	0.923702
-17.51	0.923696
-17.52	0.923689
-17.53	0.923683
-17.54	0.923677
-17.55	0.92367
-17.56	0.923664
-17.57	0.923657
-17.58	0.923651
-17.59	0.923644
-17.6	0.923638
-17.61	0.923632
-17.62	0.923625
-17.63	0.923619
-17.64	0.923612
-17.65	0.923606
-17.66	0.9236
-17.67	0.923593
-17.68	0.923587
-17.69	0.923581
-17.7	0.923574
-17.71	0.923568
-17.72	0.923562
-17.73	0.923555
-17.74	0.923549
-17.75	0.923543
-17.76	0.923536
-17.77	0.92353
-17.78	0.923524
-17.79	0.923518
-17.8	0.923511
-17.81	0.923505
-17.82	0.923499
-17.83	0.923493
-17.84	0.923486
-17.85	0.92348
-17.86	0.923474
-17.87	0.923468
-17.88	0.923461
-17.89	0.923455
-17.9	0.923449
-17.91	0.923443
-17.92	0.923437
-17.93	0.92343
-17.94	0.923424
-17.95	0.923418
-17.96	0.923412
-17.97	0.923406
-17.98	0.9234
-17.99	0.923394
-18	0.923387
-18.01	0.923381
-18.02	0.923375
-18.03	0.923369
-18.04	0.923363
-18.05	0.923357
-18.06	0.923351
-18.07	0.923345
-18.08	0.923339
-18.09	0.923333
-18.1	0.923327
-18.11	0.92332
-18.12	0.923314
-18.13	0.923308
-18.14	0.923302
-18.15	0.923296
-18.16	0.92329
-18.17	0.923284
-18.18	0.923278
-18.19	0.923272
-18.2	0.923266
-18.21	0.92326
-18.22	0.923254
-18.23	0.923248
-18.24	0.923242
-18.25	0.923236
-18.26	0.923231
-18.27	0.923225
-18.28	0.923219
-18.29	0.923213
-18.3	0.923207
-18.31	0.923201
-18.32	0.923195
-18.33	0.923189
-18.34	0.923183
-18.35	0.923177
-18.36	0.923171
-18.37	0.923166
-18.38	0.92316
-18.39	0.923154
-18.4	0.923148
-18.41	0.923142
-18.42	0.923136
-18.43	0.92313
-18.44	0.923124
-18.45	0.923119
-18.46	0.923113
-18.47	0.923107
-18.48	0.923101
-18.49	0.923095
-18.5	0.92309
-18.51	0.923084
-18.52	0.923078
-18.53	0.923072
-18.54	0.923066
-18.55	0.923061
-18.56	0.923055
-18.57	0.923049
-18.58	0.923043
-18.59	0.923038
-18.6	0.923032
-18.61	0.923026
-18.62	0.923021
-18.63	0.923015
-18.64	0.923009
-18.65	0.923003
-18.66	0.922998
-18.67	0.922992
-18.68	0.922986
-18.69	0.922981
-18.7	0.922975
-18.71	0.922969
-18.72	0.922964
-18.73	0.922958
-18.74	0.922952
-18.75	0.922947
-18.76	0.922941
-18.77	0.922935
-18.78	0.92293
-18.79	0.922924
-18.8	0.922919
-18.81	0.922913
-18.82	0.922907
-18.83	0.922902
-18.84	0.922896
-18.85	0.922891
-18.86	0.922885
-18.87	0.92288
-18.88	0.922874
-18.89	0.922868
-18.9	0.922863
-18.91	0.922857
-18.92	0.922852
-18.93	0.922846
-18.94	0.922841
-18.95	0.922835
-18.96	0.92283
-18.97	0.922824
-18.98	0.922819
-18.99	0.922813
-19	0.922808
-19.01	0.922802
-19.02	0.922797
-19.03	0.922791
-19.04	0.922786
-19.05	0.92278
-19.06	0.922775
-19.07	0.922769
-19.08	0.922764
-19.09	0.922758
-19.1	0.922753
-19.11	0.922748
-19.12	0.922742
-19.13	0.922737
-19.14	0.922731
-19.15	0.922726
-19.16	0.922721
-19.17	0.922715
-19.18	0.92271
-19.19	0.922704
-19.2	0.922699
-19.21	0.922694
-19.22	0.922688
-19.23	0.922683
-19.24	0.922678
-19.25	0.922672
-19.26	0.922667
-19.27	0.922662
-19.28	0.922656
-19.29	0.922651
-19.3	0.922646
-19.31	0.92264
-19.32	0.922635
-19.33	0.92263
-19.34	0.922624
-19.35	0.922619
-19.36	0.922614
-19.37	0.922608
-19.38	0.922603
-19.39	0.922598
-19.4	0.922593
-19.41	0.922587
-19.42	0.922582
-19.43	0.922577
-19.44	0.922572
-19.45	0.922566
-19.46	0.922561
-19.47	0.922556
-19.48	0.922551
-19.49	0.922545
-19.5	0.92254
-19.51	0.922535
-19.52	0.92253
-19.53	0.922525
-19.54	0.922519
-19.55	0.922514
-19.56	0.922509
-19.57	0.922504
-19.58	0.922499
-19.59	0.922494
-19.6	0.922488
-19.61	0.922483
-19.62	0.922478
-19.63	0.922473
-19.64	0.922468
-19.65	0.922463
-19.66	0.922458
-19.67	0.922453
-19.68	0.922447
-19.69	0.922442
-19.7	0.922437
-19.71	0.922432
-19.72	0.922427
-19.73	0.922422
-19.74	0.922417
-19.75	0.922412
-19.76	0.922407
-19.77	0.922402
-19.78	0.922396
-19.79	0.922391
-19.8	0.922386
-19.81	0.922381
-19.82	0.922376
-19.83	0.922371
-19.84	0.922366
-19.85	0.922361
-19.86	0.922356
-19.87	0.922351
-19.88	0.922346
-19.89	0.922341
-19.9	0.922336
-19.91	0.922331
-19.92	0.922326
-19.93	0.922321
-19.94	0.922316
-19.95	0.922311
-19.96	0.922306
-19.97	0.922301
-19.98	0.922296
-19.99	0.922291
-20	0.922286
-20.01	0.922281
-20.02	0.922276
-20.03	0.922272
-20.04	0.922267
-20.05	0.922262
-20.06	0.922257
-20.07	0.922252
-20.08	0.922247
-20.09	0.922242
-20.1	0.922237
-20.11	0.922232
-20.12	0.922227
-20.13	0.922222
-20.14	0.922218
-20.15	0.922213
-20.16	0.922208
-20.17	0.922203
-20.18	0.922198
-20.19	0.922193
-20.2	0.922188
-20.21	0.922184
-20.22	0.922179
-20.23	0.922174
-20.24	0.922169
-20.25	0.922164
-20.26	0.922159
-20.27	0.922155
-20.28	0.92215
-20.29	0.922145
-20.3	0.92214
-20.31	0.922135
-20.32	0.922131
-20.33	0.922126
-20.34	0.922121
-20.35	0.922116
-20.36	0.922111
-20.37	0.922107
-20.38	0.922102
-20.39	0.922097
-20.4	0.922092
-20.41	0.922088
-20.42	0.922083
-20.43	0.922078
-20.44	0.922073
-20.45	0.922069
-20.46	0.922064
-20.47	0.922059
-20.48	0.922054
-20.49	0.92205
-20.5	0.922045
-20.51	0.92204
-20.52	0.922036
-20.53	0.922031
-20.54	0.922026
-20.55	0.922022
-20.56	0.922017
-20.57	0.922012
-20.58	0.922007
-20.59	0.922003
-20.6	0.921998
-20.61	0.921993
-20.62	0.921989
-20.63	0.921984
-20.64	0.921979
-20.65	0.921975
-20.66	0.92197
-20.67	0.921966
-20.68	0.921961
-20.69	0.921956
-20.7	0.921952
-20.71	0.921947
-20.72	0.921942
-20.73	0.921938
-20.74	0.921933
-20.75	0.921929
-20.76	0.921924
-20.77	0.92192
-20.78	0.921915
-20.79	0.92191
-20.8	0.921906
-20.81	0.921901
-20.82	0.921897
-20.83	0.921892
-20.84	0.921888
-20.85	0.921883
-20.86	0.921878
-20.87	0.921874
-20.88	0.921869
-20.89	0.921865
-20.9	0.92186
-20.91	0.921856
-20.92	0.921851
-20.93	0.921847
-20.94	0.921842
-20.95	0.921838
-20.96	0.921833
-20.97	0.921829
-20.98	0.921824
-20.99	0.92182
-21	0.921815
-21.01	0.921811
-21.02	0.921806
-21.03	0.921802
-21.04	0.921797
-21.05	0.921793
-21.06	0.921788
-21.07	0.921784
-21.08	0.921779
-21.09	0.921775
-21.1	0.921771
-21.11	0.921766
-21.12	0.921762
-21.13	0.921757
-21.14	0.921753
-21.15	0.921748
-21.16	0.921744
-21.17	0.92174
-21.18	0.921735
-21.19	0.921731
-21.2	0.921726
-21.21	0.921722
-21.22	0.921718
-21.23	0.921713
-21.24	0.921709
-21.25	0.921704
-21.26	0.9217
-21.27	0.921696
-21.28	0.921691
-21.29	0.921687
-21.3	0.921683
-21.31	0.921678
-21.32	0.921674
-21.33	0.921669
-21.34	0.921665
-21.35	0.921661
-21.36	0.921656
-21.37	0.921652
-21.38	0.921648
-21.39	0.921643
-21.4	0.921639
-21.41	0.921635
-21.42	0.921631
-21.43	0.921626
-21.44	0.921622
-21.45	0.921618
-21.46	0.921613
-21.47	0.921609
-21.48	0.921605
-21.49	0.9216
-21.5	0.921596
-21.51	0.921592
-21.52	0.921588
-21.53	0.921583
-21.54	0.921579
-21.55	0.921575
-21.56	0.921571
-21.57	0.921566
-21.58	0.921562
-21.59	0.921558
-21.6	0.921554
-21.61	0.921549
-21.62	0.921545
-21.63	0.921541
-21.64	0.921537
-21.65	0.921532
-21.66	0.921528
-21.67	0.921524
-21.68	0.92152
-21.69	0.921516
-21.7	0.921511
-21.71	0.921507
-21.72	0.921503
-21.73	0.921499
-21.74	0.921495
-21.75	0.92149
-21.76	0.921486
-21.77	0.921482
-21.78	0.921478
-21.79	0.921474
-21.8	0.92147
-21.81	0.921465
-21.82	0.921461
-21.83	0.921457
-21.84	0.921453
-21.85	0.921449
-21.86	0.921445
-21.87	0.921441
-21.88	0.921436
-21.89	0.921432
-21.9	0.921428
-21.91	0.921424
-21.92	0.92142
-21.93	0.921416
-21.94	0.921412
-21.95	0.921408
-21.96	0.921404
-21.97	0.921399
-21.98	0.921395
-21.99	0.921391
-22	0.921387
-22.01	0.921383
-22.02	0.921379
-22.03	0.921375
-22.04	0.921371
-22.05	0.921367
-22.06	0.921363
-22.07	0.921359
-22.08	0.921355
-22.09	0.921351
-22.1	0.921347
-22.11	0.921342
-22.12	0.921338
-22.13	0.921334
-22.14	0.92133
-22.15	0.921326
-22.16	0.921322
-22.17	0.921318
-22.18	0.921314
-22.19	0.92131
-22.2	0.921306
-22.21	0.921302
-22.22	0.921298
-22.23	0.921294
-22.24	0.92129
-22.25	0.921286
-22.26	0.921282
-22.27	0.921278
-22.28	0.921274
-22.29	0.92127
-22.3	0.921266
-22.31	0.921262
-22.32	0.921258
-22.33	0.921254
-22.34	0.92125
-22.35	0.921247
-22.36	0.921243
-22.37	0.921239
-22.38	0.921235
-22.39	0.921231
-22.4	0.921227
-22.41	0.921223
-22.42	0.921219
-22.43	0.921215
-22.44	0.921211
-22.45	0.921207
-22.46	0.921203
-22.47	0.921199
-22.48	0.921195
-22.49	0.921191
-22.5	0.921188
-22.51	0.921184
-22.52	0.92118
-22.53	0.921176
-22.54	0.921172
-22.55	0.921168
-22.56	0.921164
-22.57	0.92116
-22.58	0.921156
-22.59	0.921153
-22.6	0.921149
-22.61	0.921145
-22.62	0.921141
-22.63	0.921137
-22.64	0.921133
-22.65	0.921129
-22.66	0.921126
-22.67	0.921122
-22.68	0.921118
-22.69	0.921114
-22.7	0.92111
-22.71	0.921106
-22.72	0.921103
-22.73	0.921099
-22.74	0.921095
-22.75	0.921091
-22.76	0.921087
-22.77	0.921083
-22.78	0.92108
-22.79	0.921076
-22.8	0.921072
-22.81	0.921068
-22.82	0.921064
-22.83	0.921061
-22.84	0.921057
-22.85	0.921053
-22.86	0.921049
-22.87	0.921046
-22.88	0.921042
-22.89	0.921038
-22.9	0.921034
-22.91	0.92103
-22.92	0.921027
-22.93	0.921023
-22.94	0.921019
-22.95	0.921015
-22.96	0.921012
-22.97	0.921008
-22.98	0.921004
-22.99	0.921
-23	0.920997
-23.01	0.920993
-23.02	0.920989
-23.03	0.920986
-23.04	0.920982
-23.05	0.920978
-23.06	0.920974
-23.07	0.920971
-23.08	0.920967
-23.09	0.920963
-23.1	0.92096
-23.11	0.920956
-23.12	0.920952
-23.13	0.920948
-23.14	0.920945
-23.15	0.920941
-23.16	0.920937
-23.17	0.920934
-23.18	0.92093
-23.19	0.920926
-23.2	0.920923
-23.21	0.920919
-23.22	0.920915
-23.23	0.920912
-23.24	0.920908
-23.25	0.920904
-23.26	0.920901
-23.27	0.920897
-23.28	0.920893
-23.29	0.92089
-23.3	0.920886
-23.31	0.920883
-23.32	0.920879
-23.33	0.920875
-23.34	0.920872
-23.35	0.920868
-23.36	0.920864
-23.37	0.920861
-23.38	0.920857
-23.39	0.920854
-23.4	0.92085
-23.41	0.920846
-23.42	0.920843
-23.43	0.920839
-23.44	0.920836
-23.45	0.920832
-23.46	0.920828
-23.47	0.920825
-23.48	0.920821
-23.49	0.920818
-23.5	0.920814
-23.51	0.92081
-23.52	0.920807
-23.53	0.920803
-23.54	0.9208
-23.55	0.920796
-23.56	0.920793
-23.57	0.920789
-23.58	0.920786
-23.59	0.920782
-23.6	0.920778
-23.61	0.920775
-23.62	0.920771
-23.63	0.920768
-23.64	0.920764
-23.65	0.920761
-23.66	0.920757
-23.67	0.920754
-23.68	0.92075
-23.69	0.920747
-23.7	0.920743
-23.71	0.92074
-23.72	0.920736
-23.73	0.920733
-23.74	0.920729
-23.75	0.920726
-23.76	0.920722
-23.77	0.920719
-23.78	0.920715
-23.79	0.920712
-23.8	0.920708
-23.81	0.920705
-23.82	0.920701
-23.83	0.920698
-23.84	0.920694
-23.85	0.920691
-23.86	0.920687
-23.87	0.920684
-23.88	0.92068
-23.89	0.920677
-23.9	0.920673
-23.91	0.92067
-23.92	0.920667
-23.93	0.920663
-23.94	0.92066
-23.95	0.920656
-23.96	0.920653
-23.97	0.920649
-23.98	0.920646
-23.99	0.920642
-24	0.920639
-24.01	0.920636
-24.02	0.920632
-24.03	0.920629
-24.04	0.920625
-24.05	0.920622
-24.06	0.920619
-24.07	0.920615
-24.08	0.920612
-24.09	0.920608
-24.1	0.920605
-24.11	0.920601
-24.12	0.920598
-24.13	0.920595
-24.14	0.920591
-24.15	0.920588
-24.16	0.920585
-24.17	0.920581
-24.18	0.920578
-24.19	0.920574
-24.2	0.920571
-24.21	0.920568
-24.22	0.920564
-24.23	0.920561
-24.24	0.920558
-24.25	0.920554
-24.26	0.920551
-24.27	0.920548
-24.28	0.920544
-24.29	0.920541
-24.3	0.920537
-24.31	0.920534
-24.32	0.920531
-24.33	0.920527
-24.34	0.920524
-24.35	0.920521
-24.36	0.920518
-24.37	0.920514
-24.38	0.920511
-24.39	0.920508
-24.4	0.920504
-24.41	0.920501
-24.42	0.920498
-24.43	0.920494
-24.44	0.920491
-24.45	0.920488
-24.46	0.920484
-24.47	0.920481
-24.48	0.920478
-24.49	0.920474
-24.5	0.920471
-24.51	0.920468
-24.52	0.920465
-24.53	0.920461
-24.54	0.920458
-24.55	0.920455
-24.56	0.920452
-24.57	0.920448
-24.58	0.920445
-24.59	0.920442
-24.6	0.920438
-24.61	0.920435
-24.62	0.920432
-24.63	0.920429
-24.64	0.920425
-24.65	0.920422
-24.66	0.920419
-24.67	0.920416
-24.68	0.920412
-24.69	0.920409
-24.7	0.920406
-24.71	0.920403
-24.72	0.9204
-24.73	0.920396
-24.74	0.920393
-24.75	0.92039
-24.76	0.920387
-24.77	0.920383
-24.78	0.92038
-24.79	0.920377
-24.8	0.920374
-24.81	0.920371
-24.82	0.920367
-24.83	0.920364
-24.84	0.920361
-24.85	0.920358
-24.86	0.920355
-24.87	0.920351
-24.88	0.920348
-24.89	0.920345
-24.9	0.920342
-24.91	0.920339
-24.92	0.920335
-24.93	0.920332
-24.94	0.920329
-24.95	0.920326
-24.96	0.920323
-24.97	0.92032
-24.98	0.920316
-24.99	0.920313
-25	0.92031
-25.01	0.920307
-25.02	0.920304
-25.03	0.920301
-25.04	0.920298
-25.05	0.920294
-25.06	0.920291
-25.07	0.920288
-25.08	0.920285
-25.09	0.920282
-25.1	0.920279
-25.11	0.920276
-25.12	0.920272
-25.13	0.920269
-25.14	0.920266
-25.15	0.920263
-25.16	0.92026
-25.17	0.920257
-25.18	0.920254
-25.19	0.920251
-25.2	0.920248
-25.21	0.920244
-25.22	0.920241
-25.23	0.920238
-25.24	0.920235
-25.25	0.920232
-25.26	0.920229
-25.27	0.920226
-25.28	0.920223
-25.29	0.92022
-25.3	0.920217
-25.31	0.920214
-25.32	0.92021
-25.33	0.920207
-25.34	0.920204
-25.35	0.920201
-25.36	0.920198
-25.37	0.920195
-25.38	0.920192
-25.39	0.920189
-25.4	0.920186
-25.41	0.920183
-25.42	0.92018
-25.43	0.920177
-25.44	0.920174
-25.45	0.920171
-25.46	0.920168
-25.47	0.920165
-25.48	0.920162
-25.49	0.920159
-25.5	0.920155
-25.51	0.920152
-25.52	0.920149
-25.53	0.920146
-25.54	0.920143
-25.55	0.92014
-25.56	0.920137
-25.57	0.920134
-25.58	0.920131
-25.59	0.920128
-25.6	0.920125
-25.61	0.920122
-25.62	0.920119
-25.63	0.920116
-25.64	0.920113
-25.65	0.92011
-25.66	0.920107
-25.67	0.920104
-25.68	0.920101
-25.69	0.920098
-25.7	0.920095
-25.71	0.920092
-25.72	0.920089
-25.73	0.920086
-25.74	0.920083
-25.75	0.92008
-25.76	0.920077
-25.77	0.920074
-25.78	0.920071
-25.79	0.920069
-25.8	0.920066
-25.81	0.920063
-25.82	0.92006
-25.83	0.920057
-25.84	0.920054
-25.85	0.920051
-25.86	0.920048
-25.87	0.920045
-25.88	0.920042
-25.89	0.920039
-25.9	0.920036
-25.91	0.920033
-25.92	0.92003
-25.93	0.920027
-25.94	0.920024
-25.95	0.920021
-25.96	0.920018
-25.97	0.920016
-25.98	0.920013
-25.99	0.92001
-26	0.920007
-26.01	0.920004
-26.02	0.920001
-26.03	0.919998
-26.04	0.919995
-26.05	0.919992
-26.06	0.919989
-26.07	0.919986
-26.08	0.919984
-26.09	0.919981
-26.1	0.919978
-26.11	0.919975
-26.12	0.919972
-26.13	0.919969
-26.14	0.919966
-26.15	0.919963
-26.16	0.91996
-26.17	0.919958
-26.18	0.919955
-26.19	0.919952
-26.2	0.919949
-26.21	0.919946
-26.22	0.919943
-26.23	0.91994
-26.24	0.919937
-26.25	0.919935
-26.26	0.919932
-26.27	0.919929
-26.28	0.919926
-26.29	0.919923
-26.3	0.91992
-26.31	0.919917
-26.32	0.919915
-26.33	0.919912
-26.34	0.919909
-26.35	0.919906
-26.36	0.919903
-26.37	0.9199
-26.38	0.919898
-26.39	0.919895
-26.4	0.919892
-26.41	0.919889
-26.42	0.919886
-26.43	0.919883
-26.44	0.919881
-26.45	0.919878
-26.46	0.919875
-26.47	0.919872
-26.48	0.919869
-26.49	0.919867
-26.5	0.919864
-26.51	0.919861
-26.52	0.919858
-26.53	0.919855
-26.54	0.919852
-26.55	0.91985
-26.56	0.919847
-26.57	0.919844
-26.58	0.919841
-26.59	0.919839
-26.6	0.919836
-26.61	0.919833
-26.62	0.91983
-26.63	0.919827
-26.64	0.919825
-26.65	0.919822
-26.66	0.919819
-26.67	0.919816
-26.68	0.919814
-26.69	0.919811
-26.7	0.919808
-26.71	0.919805
-26.72	0.919802
-26.73	0.9198
-26.74	0.919797
-26.75	0.919794
-26.76	0.919791
-26.77	0.919789
-26.78	0.919786
-26.79	0.919783
-26.8	0.91978
-26.81	0.919778
-26.82	0.919775
-26.83	0.919772
-26.84	0.91977
-26.85	0.919767
-26.86	0.919764
-26.87	0.919761
-26.88	0.919759
-26.89	0.919756
-26.9	0.919753
-26.91	0.91975
-26.92	0.919748
-26.93	0.919745
-26.94	0.919742
-26.95	0.91974
-26.96	0.919737
-26.97	0.919734
-26.98	0.919731
-26.99	0.919729
-27	0.919726
-27.01	0.919723
-27.02	0.919721
-27.03	0.919718
-27.04	0.919715
-27.05	0.919712
-27.06	0.91971
-27.07	0.919707
-27.08	0.919704
-27.09	0.919702
-27.1	0.919699
-27.11	0.919696
-27.12	0.919694
-27.13	0.919691
-27.14	0.919688
-27.15	0.919686
-27.16	0.919683
-27.17	0.91968
-27.18	0.919678
-27.19	0.919675
-27.2	0.919672
-27.21	0.91967
-27.22	0.919667
-27.23	0.919664
-27.24	0.919662
-27.25	0.919659
-27.26	0.919656
-27.27	0.919654
-27.28	0.919651
-27.29	0.919648
-27.3	0.919646
-27.31	0.919643
-27.32	0.919641
-27.33	0.919638
-27.34	0.919635
-27.35	0.919633
-27.36	0.91963
-27.37	0.919627
-27.38	0.919625
-27.39	0.919622
-27.4	0.91962
-27.41	0.919617
-27.42	0.919614
-27.43	0.919612
-27.44	0.919609
-27.45	0.919606
-27.46	0.919604
-27.47	0.919601
-27.48	0.919599
-27.49	0.919596
-27.5	0.919593
-27.51	0.919591
-27.52	0.919588
-27.53	0.919586
-27.54	0.919583
-27.55	0.91958
-27.56	0.919578
-27.57	0.919575
-27.58	0.919573
-27.59	0.91957
-27.6	0.919567
-27.61	0.919565
-27.62	0.919562
-27.63	0.91956
-27.64	0.919557
-27.65	0.919554
-27.66	0.919552
-27.67	0.919549
-27.68	0.919547
-27.69	0.919544
-27.7	0.919542
-27.71	0.919539
-27.72	0.919536
-27.73	0.919534
-27.74	0.919531
-27.75	0.919529
-27.76	0.919526
-27.77	0.919524
-27.78	0.919521
-27.79	0.919519
-27.8	0.919516
-27.81	0.919513
-27.82	0.919511
-27.83	0.919508
-27.84	0.919506
-27.85	0.919503
-27.86	0.919501
-27.87	0.919498
-27.88	0.919496
-27.89	0.919493
-27.9	0.919491
-27.91	0.919488
-27.92	0.919486
-27.93	0.919483
-27.94	0.919481
-27.95	0.919478
-27.96	0.919475
-27.97	0.919473
-27.98	0.91947
-27.99	0.919468
-28	0.919465
-28.01	0.919463
-28.02	0.91946
-28.03	0.919458
-28.04	0.919455
-28.05	0.919453
-28.06	0.91945
-28.07	0.919448
-28.08	0.919445
-28.09	0.919443
-28.1	0.91944
-28.11	0.919438
-28.12	0.919435
-28.13	0.919433
-28.14	0.91943
-28.15	0.919428
-28.16	0.919425
-28.17	0.919423
-28.18	0.91942
-28.19	0.919418
-28.2	0.919416
-28.21	0.919413
-28.22	0.919411
-28.23	0.919408
-28.24	0.919406
-28.25	0.919403
-28.26	0.919401
-28.27	0.919398
-28.28	0.919396
-28.29	0.919393
-28.3	0.919391
-28.31	0.919388
-28.32	0.919386
-28.33	0.919384
-28.34	0.919381
-28.35	0.919379
-28.36	0.919376
-28.37	0.919374
-28.38	0.919371
-28.39	0.919369
-28.4	0.919366
-28.41	0.919364
-28.42	0.919361
-28.43	0.919359
-28.44	0.919357
-28.45	0.919354
-28.46	0.919352
-28.47	0.919349
-28.48	0.919347
-28.49	0.919344
-28.5	0.919342
-28.51	0.91934
-28.52	0.919337
-28.53	0.919335
-28.54	0.919332
-28.55	0.91933
-28.56	0.919327
-28.57	0.919325
-28.58	0.919323
-28.59	0.91932
-28.6	0.919318
-28.61	0.919315
-28.62	0.919313
-28.63	0.919311
-28.64	0.919308
-28.65	0.919306
-28.66	0.919303
-28.67	0.919301
-28.68	0.919299
-28.69	0.919296
-28.7	0.919294
-28.71	0.919291
-28.72	0.919289
-28.73	0.919287
-28.74	0.919284
-28.75	0.919282
-28.76	0.91928
-28.77	0.919277
-28.78	0.919275
-28.79	0.919272
-28.8	0.91927
-28.81	0.919268
-28.82	0.919265
-28.83	0.919263
-28.84	0.919261
-28.85	0.919258
-28.86	0.919256
-28.87	0.919254
-28.88	0.919251
-28.89	0.919249
-28.9	0.919246
-28.91	0.919244
-28.92	0.919242
-28.93	0.919239
-28.94	0.919237
-28.95	0.919235
-28.96	0.919232
-28.97	0.91923
-28.98	0.919228
-28.99	0.919225
-29	0.919223
-29.01	0.919221
-29.02	0.919218
-29.03	0.919216
-29.04	0.919214
-29.05	0.919211
-29.06	0.919209
-29.07	0.919207
-29.08	0.919204
-29.09	0.919202
-29.1	0.9192
-29.11	0.919197
-29.12	0.919195
-29.13	0.919193
-29.14	0.91919
-29.15	0.919188
-29.16	0.919186
-29.17	0.919183
-29.18	0.919181
-29.19	0.919179
-29.2	0.919176
-29.21	0.919174
-29.22	0.919172
-29.23	0.91917
-29.24	0.919167
-29.25	0.919165
-29.26	0.919163
-29.27	0.91916
-29.28	0.919158
-29.29	0.919156
-29.3	0.919153
-29.31	0.919151
-29.32	0.919149
-29.33	0.919147
-29.34	0.919144
-29.35	0.919142
-29.36	0.91914
-29.37	0.919137
-29.38	0.919135
-29.39	0.919133
-29.4	0.919131
-29.41	0.919128
-29.42	0.919126
-29.43	0.919124
-29.44	0.919122
-29.45	0.919119
-29.46	0.919117
-29.47	0.919115
-29.48	0.919112
-29.49	0.91911
-29.5	0.919108
-29.51	0.919106
-29.52	0.919103
-29.53	0.919101
-29.54	0.919099
-29.55	0.919097
-29.56	0.919094
-29.57	0.919092
-29.58	0.91909
-29.59	0.919088
-29.6	0.919085
-29.61	0.919083
-29.62	0.919081
-29.63	0.919079
-29.64	0.919076
-29.65	0.919074
-29.66	0.919072
-29.67	0.91907
-29.68	0.919067
-29.69	0.919065
-29.7	0.919063
-29.71	0.919061
-29.72	0.919059
-29.73	0.919056
-29.74	0.919054
-29.75	0.919052
-29.76	0.91905
-29.77	0.919047
-29.78	0.919045
-29.79	0.919043
-29.8	0.919041
-29.81	0.919039
-29.82	0.919036
-29.83	0.919034
-29.84	0.919032
-29.85	0.91903
-29.86	0.919027
-29.87	0.919025
-29.88	0.919023
-29.89	0.919021
-29.9	0.919019
-29.91	0.919016
-29.92	0.919014
-29.93	0.919012
-29.94	0.91901
-29.95	0.919008
-29.96	0.919005
-29.97	0.919003
-29.98	0.919001
-29.99	0.918999
-30	0.918997
