x	y
30	0.64767
29.99	0.647671
29.98	0.647673
29.97	0.647674
29.96	0.647675
29.95	0.647676
29.94	0.647677
29.93	0.647679
29.92	0.64768
29.91	0.647681
29.9	0.647682
29.89	0.647683
29.88	0.647684
29.87	0.647686
29.86	0.647687
29.85	0.647688
29.84	0.647689
29.83	0.64769
29.82	0.647692
29.81	0.647693
29.8	0.647694
29.79	0.647695
29.78	0.647696
29.77	0.647697
29.76	0.647699
29.75	0.6477
29.74	0.647701
29.73	0.647702
29.72	0.647703
29.71	0.647705
29.7	0.647706
29.69	0.647707
29.68	0.647708
29.67	0.647709
29.66	0.647711
29.65	0.647712
29.64	0.647713
29.63	0.647714
29.62	0.647715
29.61	0.647717
29.6	0.647718
29.59	0.647719
29.58	0.64772
29.57	0.647721
29.56	0.647723
29.55	0.647724
29.54	0.647725
29.53	0.647726
29.52	0.647727
29.51	0.647729
29.5	0.64773
29.49	0.647731
29.48	0.647732
29.47	0.647734
29.46	0.647735
29.45	0.647736
29.44	0.647737
29.43	0.647738
29.42	0.64774
29.41	0.647741
29.4	0.647742
29.39	0.647743
29.38	0.647744
29.37	0.647746
29.36	0.647747
29.35	0.647748
29.34	0.647749
29.33	0.647751
29.32	0.647752
29.31	0.647753
29.3	0.647754
29.29	0.647756
29.28	0.647757
29.27	0.647758
29.26	0.647759
29.25	0.64776
29.24	0.647762
29.23	0.647763
29.22	0.647764
29.21	0.647765
29.2	0.647767
29.19	0.647768
29.18	0.647769
29.17	0.64777
29.16	0.647772
29.15	0.647773
29.14	0.647774
29.13	0.647775
29.12	0.647777
29.11	0.647778
29.1	0.647779
29.09	0.64778
29.08	0.647782
29.07	0.647783
29.06	0.647784
29.05	0.647785
29.04	0.647787
29.03	0.647788
29.02	0.647789
29.01	0.64779
29	0.647792
28.99	0.647793
28.98	0.647794
28.97	0.647795
28.96	0.647797
28.95	0.647798
28.94	0.647799
28.93	0.6478
28.92	0.647802
28.91	0.647803
28.9	0.647804
28.89	0.647805
28.88	0.647807
28.87	0.647808
28.86	0.647809
28.85	0.64781
28.84	0.647812
28.83	0.647813
28.82	0.647814
28.81	0.647816
28.8	0.647817
28.79	0.647818
28.78	0.647819
28.77	0.647821
28.76	0.647822
28.75	0.647823
28.74	0.647824
28.73	0.647826
28.72	0.647827
28.71	0.647828
28.7	0.64783
28.69	0.647831
28.68	0.647832
28.67	0.647833
28.66	0.647835
28.65	0.647836
28.64	0.647837
28.63	0.647839
28.62	0.64784
28.61	0.647841
28.6	0.647842
28.59	0.647844
28.58	0.647845
28.57	0.647846
28.56	0.647848
28.55	0.647849
28.54	0.64785
28.53	0.647852
28.52	0.647853
28.51	0.647854
28.5	0.647855
28.49	0.647857
28.48	0.647858
28.47	0.647859
28.46	0.647861
28.45	0.647862
28.44	0.647863
28.43	0.647865
28.42	0.647866
28.41	0.647867
28.4	0.647868
28.39	0.64787
28.38	0.647871
28.37	0.647872
28.36	0.647874
28.35	0.647875
28.34	0.647876
28.33	0.647878
28.32	0.647879
28.31	0.64788
28.3	0.647882
28.29	0.647883
28.28	0.647884
28.27	0.647886
28.26	0.647887
28.25	0.647888
28.24	0.647889
28.23	0.647891
28.22	0.647892
28.21	0.647893
28.2	0.647895
28.19	0.647896
28.18	0.647897
28.17	0.647899
28.16	0.6479
28.15	0.647901
28.14	0.647903
28.13	0.647904
28.12	0.647905
28.11	0.647907
28.1	0.647908
28.09	0.647909
28.08	0.647911
28.07	0.647912
28.06	0.647913
28.05	0.647915
28.04	0.647916
28.03	0.647918
28.02	0.647919
28.01	0.64792
28	0.647922
27.99	0.647923
27.98	0.647924
27.97	0.647926
27.96	0.647927
27.95	0.647928
27.94	0.64793
27.93	0.647931
27.92	0.647932
27.91	0.647934
27.9	0.647935
27.89	0.647936
27.88	0.647938
27.87	0.647939
27.86	0.64794
27.85	0.647942
27.84	0.647943
27.83	0.647945
27.82	0.647946
27.81	0.647947
27.8	0.647949
27.79	0.64795
27.78	0.647951
27.77	0.647953
27.76	0.647954
27.75	0.647955
27.74	0.647957
27.73	0.647958
27.72	0.64796
27.71	0.647961
27.7	0.647962
27.69	0.647964
27.68	0.647965
27.67	0.647967
27.66	0.647968
27.65	0.647969
27.64	0.647971
27.63	0.647972
27.62	0.647973
27.61	0.647975
27.6	0.647976
27.59	0.647978
27.58	0.647979
27.57	0.64798
27.56	0.647982
27.55	0.647983
27.54	0.647985
27.53	0.647986
27.52	0.647987
27.51	0.647989
27.5	0.64799
27.49	0.647991
27.48	0.647993
27.47	0.647994
27.46	0.647996
27.45	0.647997
27.44	0.647998
27.43	0.648
27.42	0.648001
27.41	0.648003
27.4	0.648004
27.39	0.648005
27.38	0.648007
27.37	0.648008
27.36	0.64801
27.35	0.648011
27.34	0.648013
27.33	0.648014
27.32	0.648015
27.31	0.648017
27.3	0.648018
27.29	0.64802
27.28	0.648021
27.27	0.648022
27.26	0.648024
27.25	0.648025
27.24	0.648027
27.23	0.648028
27.22	0.64803
27.21	0.648031
27.2	0.648032
27.19	0.648034
27.18	0.648035
27.17	0.648037
27.16	0.648038
27.15	0.64804
27.14	0.648041
27.13	0.648042
27.12	0.648044
27.11	0.648045
27.1	0.648047
27.09	0.648048
27.08	0.64805
27.07	0.648051
27.06	0.648053
27.05	0.648054
27.04	0.648055
27.03	0.648057
27.02	0.648058
27.01	0.64806
27	0.648061
26.99	0.648063
26.98	0.648064
26.97	0.648066
26.96	0.648067
26.95	0.648068
26.94	0.64807
26.93	0.648071
26.92	0.648073
26.91	0.648074
26.9	0.648076
26.89	0.648077
26.88	0.648079
26.87	0.64808
26.86	0.648082
26.85	0.648083
26.84	0.648084
26.83	0.648086
26.82	0.648087
26.81	0.648089
26.8	0.64809
26.79	0.648092
26.78	0.648093
26.77	0.648095
26.76	0.648096
26.75	0.648098
26.74	0.648099
26.73	0.648101
26.72	0.648102
26.71	0.648104
26.7	0.648105
26.69	0.648107
26.68	0.648108
26.67	0.64811
26.66	0.648111
26.65	0.648113
26.64	0.648114
26.63	0.648116
26.62	0.648117
26.61	0.648118
26.6	0.64812
26.59	0.648121
26.58	0.648123
26.57	0.648124
26.56	0.648126
26.55	0.648127
26.54	0.648129
26.53	0.64813
26.52	0.648132
26.51	0.648133
26.5	0.648135
26.49	0.648136
26.48	0.648138
26.47	0.648139
26.46	0.648141
26.45	0.648143
26.44	0.648144
26.43	0.648145
26.42	0.648147
26.41	0.648149
26.4	0.64815
26.39	0.648152
26.38	0.648153
26.37	0.648155
26.36	0.648156
26.35	0.648158
26.34	0.648159
26.33	0.648161
26.32	0.648162
26.31	0.648164
26.3	0.648165
26.29	0.648167
26.28	0.648168
26.27	0.64817
26.26	0.648171
26.25	0.648173
26.24	0.648174
26.23	0.648176
26.22	0.648178
26.21	0.648179
26.2	0.648181
26.19	0.648182
26.18	0.648184
26.17	0.648185
26.16	0.648187
26.15	0.648188
26.14	0.64819
26.13	0.648191
26.12	0.648193
26.11	0.648194
26.1	0.648196
26.09	0.648198
26.08	0.648199
26.07	0.648201
26.06	0.648202
26.05	0.648204
26.04	0.648205
26.03	0.648207
26.02	0.648208
26.01	0.64821
26	0.648212
25.99	0.648213
25.98	0.648215
25.97	0.648216
25.96	0.648218
25.95	0.648219
25.94	0.648221
25.93	0.648223
25.92	0.648224
25.91	0.648226
25.9	0.648227
25.89	0.648229
25.88	0.64823
25.87	0.648232
25.86	0.648234
25.85	0.648235
25.84	0.648237
25.83	0.648238
25.82	0.64824
25.81	0.648242
25.8	0.648243
25.79	0.648245
25.78	0.648246
25.77	0.648248
25.76	0.648249
25.75	0.648251
25.74	0.648253
25.73	0.648254
25.72	0.648256
25.71	0.648257
25.7	0.648259
25.69	0.648261
25.68	0.648262
25.67	0.648264
25.66	0.648265
25.65	0.648267
25.64	0.648269
25.63	0.64827
25.62	0.648272
25.61	0.648273
25.6	0.648275
25.59	0.648277
25.58	0.648278
25.57	0.64828
25.56	0.648282
25.55	0.648283
25.54	0.648285
25.53	0.648286
25.52	0.648288
25.51	0.64829
25.5	0.648291
25.49	0.648293
25.48	0.648295
25.47	0.648296
25.46	0.648298
25.45	0.648299
25.44	0.648301
25.43	0.648303
25.42	0.648304
25.41	0.648306
25.4	0.648308
25.39	0.648309
25.38	0.648311
25.37	0.648313
25.36	0.648314
25.35	0.648316
25.34	0.648317
25.33	0.648319
25.32	0.648321
25.31	0.648322
25.3	0.648324
25.29	0.648326
25.28	0.648327
25.27	0.648329
25.26	0.648331
25.25	0.648332
25.24	0.648334
25.23	0.648336
25.22	0.648337
25.21	0.648339
25.2	0.648341
25.19	0.648342
25.18	0.648344
25.17	0.648346
25.16	0.648347
25.15	0.648349
25.14	0.648351
25.13	0.648352
25.12	0.648354
25.11	0.648356
25.1	0.648357
25.09	0.648359
25.08	0.648361
25.07	0.648362
25.06	0.648364
25.05	0.648366
25.04	0.648367
25.03	0.648369
25.02	0.648371
25.01	0.648372
25	0.648374
24.99	0.648376
24.98	0.648378
24.97	0.648379
24.96	0.648381
24.95	0.648383
24.94	0.648384
24.93	0.648386
24.92	0.648388
24.91	0.648389
24.9	0.648391
24.89	0.648393
24.88	0.648395
24.87	0.648396
24.86	0.648398
24.85	0.6484
24.84	0.648401
24.83	0.648403
24.82	0.648405
24.81	0.648407
24.8	0.648408
24.79	0.64841
24.78	0.648412
24.77	0.648413
24.76	0.648415
24.75	0.648417
24.74	0.648419
24.73	0.64842
24.72	0.648422
24.71	0.648424
24.7	0.648426
24.69	0.648427
24.68	0.648429
24.67	0.648431
24.66	0.648432
24.65	0.648434
24.64	0.648436
24.63	0.648438
24.62	0.648439
24.61	0.648441
24.6	0.648443
24.59	0.648445
24.58	0.648446
24.57	0.648448
24.56	0.64845
24.55	0.648452
24.54	0.648453
24.53	0.648455
24.52	0.648457
24.51	0.648459
24.5	0.64846
24.49	0.648462
24.48	0.648464
24.47	0.648466
24.46	0.648467
24.45	0.648469
24.44	0.648471
24.43	0.648473
24.42	0.648475
24.41	0.648476
24.4	0.648478
24.39	0.64848
24.38	0.648482
24.37	0.648483
24.36	0.648485
24.35	0.648487
24.34	0.648489
24.33	0.648491
24.32	0.648492
24.31	0.648494
24.3	0.648496
24.29	0.648498
24.28	0.6485
24.27	0.648501
24.26	0.648503
24.25	0.648505
24.24	0.648507
24.23	0.648509
24.22	0.64851
24.21	0.648512
24.2	0.648514
24.19	0.648516
24.18	0.648518
24.17	0.648519
24.16	0.648521
24.15	0.648523
24.14	0.648525
24.13	0.648527
24.12	0.648528
24.11	0.64853
24.1	0.648532
24.09	0.648534
24.08	0.648536
24.07	0.648538
24.06	0.648539
24.05	0.648541
24.04	0.648543
24.03	0.648545
24.02	0.648547
24.01	0.648548
24	0.64855
23.99	0.648552
23.98	0.648554
23.97	0.648556
23.96	0.648558
23.95	0.64856
23.94	0.648561
23.93	0.648563
23.92	0.648565
23.91	0.648567
23.9	0.648569
23.89	0.648571
23.88	0.648573
23.87	0.648574
23.86	0.648576
23.85	0.648578
23.84	0.64858
23.83	0.648582
23.82	0.648584
23.81	0.648585
23.8	0.648587
23.79	0.648589
23.78	0.648591
23.77	0.648593
23.76	0.648595
23.75	0.648597
23.74	0.648599
23.73	0.6486
23.72	0.648602
23.71	0.648604
23.7	0.648606
23.69	0.648608
23.68	0.64861
23.67	0.648612
23.66	0.648614
23.65	0.648616
23.64	0.648617
23.63	0.648619
23.62	0.648621
23.61	0.648623
23.6	0.648625
23.59	0.648627
23.58	0.648629
23.57	0.648631
23.56	0.648633
23.55	0.648635
23.54	0.648636
23.53	0.648638
23.52	0.64864
23.51	0.648642
23.5	0.648644
23.49	0.648646
23.48	0.648648
23.47	0.64865
23.46	0.648652
23.45	0.648654
23.44	0.648656
23.43	0.648658
23.42	0.648659
23.41	0.648661
23.4	0.648663
23.39	0.648665
23.38	0.648667
23.37	0.648669
23.36	0.648671
23.35	0.648673
23.34	0.648675
23.33	0.648677
23.32	0.648679
23.31	0.648681
23.3	0.648683
23.29	0.648685
23.28	0.648687
23.27	0.648689
23.26	0.648691
23.25	0.648692
23.24	0.648694
23.23	0.648696
23.22	0.648698
23.21	0.6487
23.2	0.648702
23.19	0.648704
23.18	0.648706
23.17	0.648708
23.16	0.64871
23.15	0.648712
23.14	0.648714
23.13	0.648716
23.12	0.648718
23.11	0.64872
23.1	0.648722
23.09	0.648724
23.08	0.648726
23.07	0.648728
23.06	0.64873
23.05	0.648732
23.04	0.648734
23.03	0.648736
23.02	0.648738
23.01	0.64874
23	0.648742
22.99	0.648744
22.98	0.648746
22.97	0.648748
22.96	0.64875
22.95	0.648752
22.94	0.648754
22.93	0.648756
22.92	0.648758
22.91	0.64876
22.9	0.648762
22.89	0.648764
22.88	0.648766
22.87	0.648768
22.86	0.64877
22.85	0.648772
22.84	0.648774
22.83	0.648776
22.82	0.648778
22.81	0.64878
22.8	0.648782
22.79	0.648784
22.78	0.648786
22.77	0.648788
22.76	0.64879
22.75	0.648793
22.74	0.648795
22.73	0.648797
22.72	0.648799
22.71	0.648801
22.7	0.648803
22.69	0.648805
22.68	0.648807
22.67	0.648809
22.66	0.648811
22.65	0.648813
22.64	0.648815
22.63	0.648817
22.62	0.648819
22.61	0.648821
22.6	0.648823
22.59	0.648825
22.58	0.648827
22.57	0.64883
22.56	0.648832
22.55	0.648834
22.54	0.648836
22.53	0.648838
22.52	0.64884
22.51	0.648842
22.5	0.648844
22.49	0.648846
22.48	0.648848
22.47	0.64885
22.46	0.648853
22.45	0.648855
22.44	0.648857
22.43	0.648859
22.42	0.648861
22.41	0.648863
22.4	0.648865
22.39	0.648867
22.38	0.648869
22.37	0.648871
22.36	0.648874
22.35	0.648876
22.34	0.648878
22.33	0.64888
22.32	0.648882
22.31	0.648884
22.3	0.648886
22.29	0.648888
22.28	0.648891
22.27	0.648893
22.26	0.648895
22.25	0.648897
22.24	0.648899
22.23	0.648901
22.22	0.648903
22.21	0.648906
22.2	0.648908
22.19	0.64891
22.18	0.648912
22.17	0.648914
22.16	0.648916
22.15	0.648918
22.14	0.648921
22.13	0.648923
22.12	0.648925
22.11	0.648927
22.1	0.648929
22.09	0.648931
22.08	0.648934
22.07	0.648936
22.06	0.648938
22.05	0.64894
22.04	0.648942
22.03	0.648944
22.02	0.648947
22.01	0.648949
22	0.648951
21.99	0.648953
21.98	0.648955
21.97	0.648958
21.96	0.64896
21.95	0.648962
21.94	0.648964
21.93	0.648966
21.92	0.648969
21.91	0.648971
21.9	0.648973
21.89	0.648975
21.88	0.648977
21.87	0.64898
21.86	0.648982
21.85	0.648984
21.84	0.648986
21.83	0.648989
21.82	0.648991
21.81	0.648993
21.8	0.648995
21.79	0.648997
21.78	0.649
21.77	0.649002
21.76	0.649004
21.75	0.649006
21.74	0.649009
21.73	0.649011
21.72	0.649013
21.71	0.649015
21.7	0.649018
21.69	0.64902
21.68	0.649022
21.67	0.649024
21.66	0.649027
21.65	0.649029
21.64	0.649031
21.63	0.649033
21.62	0.649036
21.61	0.649038
21.6	0.64904
21.59	0.649042
21.58	0.649045
21.57	0.649047
21.56	0.649049
21.55	0.649052
21.54	0.649054
21.53	0.649056
21.52	0.649058
21.51	0.649061
21.5	0.649063
21.49	0.649065
21.48	0.649068
21.47	0.64907
21.46	0.649072
21.45	0.649074
21.44	0.649077
21.43	0.649079
21.42	0.649081
21.41	0.649084
21.4	0.649086
21.39	0.649088
21.38	0.649091
21.37	0.649093
21.36	0.649095
21.35	0.649098
21.34	0.6491
21.33	0.649102
21.32	0.649105
21.31	0.649107
21.3	0.649109
21.29	0.649112
21.28	0.649114
21.27	0.649116
21.26	0.649119
21.25	0.649121
21.24	0.649123
21.23	0.649126
21.22	0.649128
21.21	0.64913
21.2	0.649133
21.19	0.649135
21.18	0.649137
21.17	0.64914
21.16	0.649142
21.15	0.649144
21.14	0.649147
21.13	0.649149
21.12	0.649152
21.11	0.649154
21.1	0.649156
21.09	0.649159
21.08	0.649161
21.07	0.649163
21.06	0.649166
21.05	0.649168
21.04	0.649171
21.03	0.649173
21.02	0.649175
21.01	0.649178
21	0.64918
20.99	0.649183
20.98	0.649185
20.97	0.649187
20.96	0.64919
20.95	0.649192
20.94	0.649195
20.93	0.649197
20.92	0.6492
20.91	0.649202
20.9	0.649204
20.89	0.649207
20.88	0.649209
20.87	0.649212
20.86	0.649214
20.85	0.649217
20.84	0.649219
20.83	0.649221
20.82	0.649224
20.81	0.649226
20.8	0.649229
20.79	0.649231
20.78	0.649234
20.77	0.649236
20.76	0.649239
20.75	0.649241
20.74	0.649243
20.73	0.649246
20.72	0.649248
20.71	0.649251
20.7	0.649253
20.69	0.649256
20.68	0.649258
20.67	0.649261
20.66	0.649263
20.65	0.649266
20.64	0.649268
20.63	0.649271
20.62	0.649273
20.61	0.649276
20.6	0.649278
20.59	0.649281
20.58	0.649283
20.57	0.649286
20.56	0.649288
20.55	0.649291
20.54	0.649293
20.53	0.649296
20.52	0.649298
20.51	0.649301
20.5	0.649303
20.49	0.649306
20.48	0.649308
20.47	0.649311
20.46	0.649313
20.45	0.649316
20.44	0.649318
20.43	0.649321
20.42	0.649324
20.41	0.649326
20.4	0.649329
20.39	0.649331
20.38	0.649334
20.37	0.649336
20.36	0.649339
20.35	0.649341
20.34	0.649344
20.33	0.649346
20.32	0.649349
20.31	0.649352
20.3	0.649354
20.29	0.649357
20.28	0.649359
20.27	0.649362
20.26	0.649364
20.25	0.649367
20.24	0.64937
20.23	0.649372
20.22	0.649375
20.21	0.649377
20.2	0.64938
20.19	0.649383
20.18	0.649385
20.17	0.649388
20.16	0.64939
20.15	0.649393
20.14	0.649396
20.13	0.649398
20.12	0.649401
20.11	0.649404
20.1	0.649406
20.09	0.649409
20.08	0.649411
20.07	0.649414
20.06	0.649417
20.05	0.649419
20.04	0.649422
20.03	0.649425
20.02	0.649427
20.01	0.64943
20	0.649432
19.99	0.649435
19.98	0.649438
19.97	0.64944
19.96	0.649443
19.95	0.649446
19.94	0.649448
19.93	0.649451
19.92	0.649454
19.91	0.649456
19.9	0.649459
19.89	0.649462
19.88	0.649464
19.87	0.649467
19.86	0.64947
19.85	0.649473
19.84	0.649475
19.83	0.649478
19.82	0.649481
19.81	0.649483
19.8	0.649486
19.79	0.649489
19.78	0.649491
19.77	0.649494
19.76	0.649497
19.75	0.6495
19.74	0.649502
19.73	0.649505
19.72	0.649508
19.71	0.64951
19.7	0.649513
19.69	0.649516
19.68	0.649519
19.67	0.649521
19.66	0.649524
19.65	0.649527
19.64	0.64953
19.63	0.649532
19.62	0.649535
19.61	0.649538
19.6	0.649541
19.59	0.649543
19.58	0.649546
19.57	0.649549
19.56	0.649552
19.55	0.649554
19.54	0.649557
19.53	0.64956
19.52	0.649563
19.51	0.649566
19.5	0.649568
19.49	0.649571
19.48	0.649574
19.47	0.649577
19.46	0.64958
19.45	0.649582
19.44	0.649585
19.43	0.649588
19.42	0.649591
19.41	0.649594
19.4	0.649596
19.39	0.649599
19.38	0.649602
19.37	0.649605
19.36	0.649608
19.35	0.649611
19.34	0.649613
19.33	0.649616
19.32	0.649619
19.31	0.649622
19.3	0.649625
19.29	0.649628
19.28	0.64963
19.27	0.649633
19.26	0.649636
19.25	0.649639
19.24	0.649642
19.23	0.649645
19.22	0.649648
19.21	0.64965
19.2	0.649653
19.19	0.649656
19.18	0.649659
19.17	0.649662
19.16	0.649665
19.15	0.649668
19.14	0.649671
19.13	0.649674
19.12	0.649676
19.11	0.649679
19.1	0.649682
19.09	0.649685
19.08	0.649688
19.07	0.649691
19.06	0.649694
19.05	0.649697
19.04	0.6497
19.03	0.649703
19.02	0.649706
19.01	0.649709
19	0.649711
18.99	0.649714
18.98	0.649717
18.97	0.64972
18.96	0.649723
18.95	0.649726
18.94	0.649729
18.93	0.649732
18.92	0.649735
18.91	0.649738
18.9	0.649741
18.89	0.649744
18.88	0.649747
18.87	0.64975
18.86	0.649753
18.85	0.649756
18.84	0.649759
18.83	0.649762
18.82	0.649765
18.81	0.649768
18.8	0.649771
18.79	0.649774
18.78	0.649777
18.77	0.64978
18.76	0.649783
18.75	0.649786
18.74	0.649789
18.73	0.649792
18.72	0.649795
18.71	0.649798
18.7	0.649801
18.69	0.649804
18.68	0.649807
18.67	0.64981
18.66	0.649813
18.65	0.649816
18.64	0.649819
18.63	0.649822
18.62	0.649825
18.61	0.649828
18.6	0.649832
18.59	0.649835
18.58	0.649838
18.57	0.649841
18.56	0.649844
18.55	0.649847
18.54	0.64985
18.53	0.649853
18.52	0.649856
18.51	0.649859
18.5	0.649862
18.49	0.649866
18.48	0.649869
18.47	0.649872
18.46	0.649875
18.45	0.649878
18.44	0.649881
18.43	0.649884
18.42	0.649887
18.41	0.64989
18.4	0.649894
18.39	0.649897
18.38	0.6499
18.37	0.649903
18.36	0.649906
18.35	0.649909
18.34	0.649912
18.33	0.649916
18.32	0.649919
18.31	0.649922
18.3	0.649925
18.29	0.649928
18.28	0.649931
18.27	0.649935
18.26	0.649938
18.25	0.649941
18.24	0.649944
18.23	0.649947
18.22	0.649951
18.21	0.649954
18.2	0.649957
18.19	0.64996
18.18	0.649963
18.17	0.649967
18.16	0.64997
18.15	0.649973
18.14	0.649976
18.13	0.649979
18.12	0.649983
18.11	0.649986
18.1	0.649989
18.09	0.649992
18.08	0.649996
18.07	0.649999
18.06	0.650002
18.05	0.650005
18.04	0.650009
18.03	0.650012
18.02	0.650015
18.01	0.650019
18	0.650022
17.99	0.650025
17.98	0.650028
17.97	0.650032
17.96	0.650035
17.95	0.650038
17.94	0.650041
17.93	0.650045
17.92	0.650048
17.91	0.650051
17.9	0.650055
17.89	0.650058
17.88	0.650061
17.87	0.650065
17.86	0.650068
17.85	0.650071
17.84	0.650075
17.83	0.650078
17.82	0.650081
17.81	0.650085
17.8	0.650088
17.79	0.650091
17.78	0.650095
17.77	0.650098
17.76	0.650101
17.75	0.650105
17.74	0.650108
17.73	0.650112
17.72	0.650115
17.71	0.650118
17.7	0.650122
17.69	0.650125
17.68	0.650129
17.67	0.650132
17.66	0.650135
17.65	0.650139
17.64	0.650142
17.63	0.650146
17.62	0.650149
17.61	0.650152
17.6	0.650156
17.59	0.650159
17.58	0.650163
17.57	0.650166
17.56	0.65017
17.55	0.650173
17.54	0.650176
17.53	0.65018
17.52	0.650183
17.51	0.650187
17.5	0.65019
17.49	0.650194
17.48	0.650197
17.47	0.650201
17.46	0.650204
17.45	0.650208
17.44	0.650211
17.43	0.650215
17.42	0.650218
17.41	0.650222
17.4	0.650225
17.39	0.650229
17.38	0.650232
17.37	0.650236
17.36	0.650239
17.35	0.650243
17.34	0.650246
17.33	0.65025
17.32	0.650253
17.31	0.650257
17.3	0.65026
17.29	0.650264
17.28	0.650268
17.27	0.650271
17.26	0.650275
17.25	0.650278
17.24	0.650282
17.23	0.650285
17.22	0.650289
17.21	0.650293
17.2	0.650296
17.19	0.6503
17.18	0.650303
17.17	0.650307
17.16	0.650311
17.15	0.650314
17.14	0.650318
17.13	0.650321
17.12	0.650325
17.11	0.650329
17.1	0.650332
17.09	0.650336
17.08	0.65034
17.07	0.650343
17.06	0.650347
17.05	0.650351
17.04	0.650354
17.03	0.650358
17.02	0.650361
17.01	0.650365
17	0.650369
16.99	0.650373
16.98	0.650376
16.97	0.65038
16.96	0.650384
16.95	0.650387
16.94	0.650391
16.93	0.650395
16.92	0.650398
16.91	0.650402
16.9	0.650406
16.89	0.65041
16.88	0.650413
16.87	0.650417
16.86	0.650421
16.85	0.650424
16.84	0.650428
16.83	0.650432
16.82	0.650436
16.81	0.65044
16.8	0.650443
16.79	0.650447
16.78	0.650451
16.77	0.650455
16.76	0.650458
16.75	0.650462
16.74	0.650466
16.73	0.65047
16.72	0.650474
16.71	0.650477
16.7	0.650481
16.69	0.650485
16.68	0.650489
16.67	0.650493
16.66	0.650496
16.65	0.6505
16.64	0.650504
16.63	0.650508
16.62	0.650512
16.61	0.650516
16.6	0.650519
16.59	0.650523
16.58	0.650527
16.57	0.650531
16.56	0.650535
16.55	0.650539
16.54	0.650543
16.53	0.650547
16.52	0.65055
16.51	0.650554
16.5	0.650558
16.49	0.650562
16.48	0.650566
16.47	0.65057
16.46	0.650574
16.45	0.650578
16.44	0.650582
16.43	0.650586
16.42	0.65059
16.41	0.650594
16.4	0.650598
16.39	0.650602
16.38	0.650605
16.37	0.650609
16.36	0.650613
16.35	0.650617
16.34	0.650621
16.33	0.650625
16.32	0.650629
16.31	0.650633
16.3	0.650637
16.29	0.650641
16.28	0.650645
16.27	0.650649
16.26	0.650653
16.25	0.650657
16.24	0.650661
16.23	0.650665
16.22	0.65067
16.21	0.650674
16.2	0.650678
16.19	0.650682
16.18	0.650686
16.17	0.65069
16.16	0.650694
16.15	0.650698
16.14	0.650702
16.13	0.650706
16.12	0.65071
16.11	0.650714
16.1	0.650718
16.09	0.650723
16.08	0.650727
16.07	0.650731
16.06	0.650735
16.05	0.650739
16.04	0.650743
16.03	0.650747
16.02	0.650751
16.01	0.650756
16	0.65076
15.99	0.650764
15.98	0.650768
15.97	0.650772
15.96	0.650776
15.95	0.65078
15.94	0.650785
15.93	0.650789
15.92	0.650793
15.91	0.650797
15.9	0.650801
15.89	0.650806
15.88	0.65081
15.87	0.650814
15.86	0.650818
15.85	0.650823
15.84	0.650827
15.83	0.650831
15.82	0.650835
15.81	0.65084
15.8	0.650844
15.79	0.650848
15.78	0.650852
15.77	0.650857
15.76	0.650861
15.75	0.650865
15.74	0.650869
15.73	0.650874
15.72	0.650878
15.71	0.650882
15.7	0.650887
15.69	0.650891
15.68	0.650895
15.67	0.6509
15.66	0.650904
15.65	0.650908
15.64	0.650913
15.63	0.650917
15.62	0.650921
15.61	0.650926
15.6	0.65093
15.59	0.650935
15.58	0.650939
15.57	0.650943
15.56	0.650948
15.55	0.650952
15.54	0.650957
15.53	0.650961
15.52	0.650965
15.51	0.65097
15.5	0.650974
15.49	0.650979
15.48	0.650983
15.47	0.650988
15.46	0.650992
15.45	0.650996
15.44	0.651001
15.43	0.651005
15.42	0.65101
15.41	0.651014
15.4	0.651019
15.39	0.651023
15.38	0.651028
15.37	0.651032
15.36	0.651037
15.35	0.651041
15.34	0.651046
15.33	0.65105
15.32	0.651055
15.31	0.651059
15.3	0.651064
15.29	0.651069
15.28	0.651073
15.27	0.651078
15.26	0.651082
15.25	0.651087
15.24	0.651091
15.23	0.651096
15.22	0.651101
15.21	0.651105
15.2	0.65111
15.19	0.651114
15.18	0.651119
15.17	0.651124
15.16	0.651128
15.15	0.651133
15.14	0.651137
15.13	0.651142
15.12	0.651147
15.11	0.651151
15.1	0.651156
15.09	0.651161
15.08	0.651165
15.07	0.65117
15.06	0.651175
15.05	0.65118
15.04	0.651184
15.03	0.651189
15.02	0.651194
15.01	0.651198
15	0.651203
14.99	0.651208
14.98	0.651213
14.97	0.651217
14.96	0.651222
14.95	0.651227
14.94	0.651232
14.93	0.651236
14.92	0.651241
14.91	0.651246
14.9	0.651251
14.89	0.651256
14.88	0.65126
14.87	0.651265
14.86	0.65127
14.85	0.651275
14.84	0.65128
14.83	0.651285
14.82	0.651289
14.81	0.651294
14.8	0.651299
14.79	0.651304
14.78	0.651309
14.77	0.651314
14.76	0.651319
14.75	0.651323
14.74	0.651328
14.73	0.651333
14.72	0.651338
14.71	0.651343
14.7	0.651348
14.69	0.651353
14.68	0.651358
14.67	0.651363
14.66	0.651368
14.65	0.651373
14.64	0.651378
14.63	0.651383
14.62	0.651388
14.61	0.651393
14.6	0.651398
14.59	0.651403
14.58	0.651408
14.57	0.651413
14.56	0.651418
14.55	0.651423
14.54	0.651428
14.53	0.651433
14.52	0.651438
14.51	0.651443
14.5	0.651448
14.49	0.651453
14.48	0.651458
14.47	0.651463
14.46	0.651468
14.45	0.651473
14.44	0.651479
14.43	0.651484
14.42	0.651489
14.41	0.651494
14.4	0.651499
14.39	0.651504
14.38	0.651509
14.37	0.651515
14.36	0.65152
14.35	0.651525
14.34	0.65153
14.33	0.651535
14.32	0.65154
14.31	0.651546
14.3	0.651551
14.29	0.651556
14.28	0.651561
14.27	0.651567
14.26	0.651572
14.25	0.651577
14.24	0.651582
14.23	0.651587
14.22	0.651593
14.21	0.651598
14.2	0.651603
14.19	0.651609
14.18	0.651614
14.17	0.651619
14.16	0.651625
14.15	0.65163
14.14	0.651635
14.13	0.651641
14.12	0.651646
14.11	0.651651
14.1	0.651657
14.09	0.651662
14.08	0.651667
14.07	0.651673
14.06	0.651678
14.05	0.651683
14.04	0.651689
14.03	0.651694
14.02	0.6517
14.01	0.651705
14	0.651711
13.99	0.651716
13.98	0.651721
13.97	0.651727
13.96	0.651732
13.95	0.651738
13.94	0.651743
13.93	0.651749
13.92	0.651754
13.91	0.65176
13.9	0.651765
13.89	0.651771
13.88	0.651776
13.87	0.651782
13.86	0.651788
13.85	0.651793
13.84	0.651799
13.83	0.651804
13.82	0.65181
13.81	0.651815
13.8	0.651821
13.79	0.651827
13.78	0.651832
13.77	0.651838
13.76	0.651843
13.75	0.651849
13.74	0.651855
13.73	0.65186
13.72	0.651866
13.71	0.651872
13.7	0.651877
13.69	0.651883
13.68	0.651889
13.67	0.651895
13.66	0.6519
13.65	0.651906
13.64	0.651912
13.63	0.651917
13.62	0.651923
13.61	0.651929
13.6	0.651935
13.59	0.65194
13.58	0.651946
13.57	0.651952
13.56	0.651958
13.55	0.651964
13.54	0.651969
13.53	0.651975
13.52	0.651981
13.51	0.651987
13.5	0.651993
13.49	0.651999
13.48	0.652005
13.47	0.65201
13.46	0.652016
13.45	0.652022
13.44	0.652028
13.43	0.652034
13.42	0.65204
13.41	0.652046
13.4	0.652052
13.39	0.652058
13.38	0.652064
13.37	0.65207
13.36	0.652076
13.35	0.652082
13.34	0.652088
13.33	0.652094
13.32	0.6521
13.31	0.652106
13.3	0.652112
13.29	0.652118
13.28	0.652124
13.27	0.65213
13.26	0.652136
13.25	0.652142
13.24	0.652148
13.23	0.652154
13.22	0.65216
13.21	0.652166
13.2	0.652173
13.19	0.652179
13.18	0.652185
13.17	0.652191
13.16	0.652197
13.15	0.652203
13.14	0.652209
13.13	0.652216
13.12	0.652222
13.11	0.652228
13.1	0.652234
13.09	0.652241
13.08	0.652247
13.07	0.652253
13.06	0.652259
13.05	0.652265
13.04	0.652272
13.03	0.652278
13.02	0.652284
13.01	0.652291
13	0.652297
12.99	0.652303
12.98	0.65231
12.97	0.652316
12.96	0.652322
12.95	0.652329
12.94	0.652335
12.93	0.652341
12.92	0.652348
12.91	0.652354
12.9	0.652361
12.89	0.652367
12.88	0.652374
12.87	0.65238
12.86	0.652386
12.85	0.652393
12.84	0.652399
12.83	0.652406
12.82	0.652412
12.81	0.652419
12.8	0.652425
12.79	0.652432
12.78	0.652438
12.77	0.652445
12.76	0.652452
12.75	0.652458
12.74	0.652465
12.73	0.652471
12.72	0.652478
12.71	0.652484
12.7	0.652491
12.69	0.652498
12.68	0.652504
12.67	0.652511
12.66	0.652518
12.65	0.652524
12.64	0.652531
12.63	0.652538
12.62	0.652544
12.61	0.652551
12.6	0.652558
12.59	0.652565
12.58	0.652571
12.57	0.652578
12.56	0.652585
12.55	0.652592
12.54	0.652599
12.53	0.652605
12.52	0.652612
12.51	0.652619
12.5	0.652626
12.49	0.652633
12.48	0.652639
12.47	0.652646
12.46	0.652653
12.45	0.65266
12.44	0.652667
12.43	0.652674
12.42	0.652681
12.41	0.652688
12.4	0.652695
12.39	0.652702
12.38	0.652709
12.37	0.652716
12.36	0.652723
12.35	0.65273
12.34	0.652737
12.33	0.652744
12.32	0.652751
12.31	0.652758
12.3	0.652765
12.29	0.652772
12.28	0.652779
12.27	0.652786
12.26	0.652793
12.25	0.6528
12.24	0.652807
12.23	0.652815
12.22	0.652822
12.21	0.652829
12.2	0.652836
12.19	0.652843
12.18	0.652851
12.17	0.652858
12.16	0.652865
12.15	0.652872
12.14	0.652879
12.13	0.652887
12.12	0.652894
12.11	0.652901
12.1	0.652909
12.09	0.652916
12.08	0.652923
12.07	0.652931
12.06	0.652938
12.05	0.652945
12.04	0.652953
12.03	0.65296
12.02	0.652967
12.01	0.652975
12	0.652982
11.99	0.65299
11.98	0.652997
11.97	0.653005
11.96	0.653012
11.95	0.65302
11.94	0.653027
11.93	0.653035
11.92	0.653042
11.91	0.65305
11.9	0.653057
11.89	0.653065
11.88	0.653072
11.87	0.65308
11.86	0.653088
11.85	0.653095
11.84	0.653103
11.83	0.65311
11.82	0.653118
11.81	0.653126
11.8	0.653133
11.79	0.653141
11.78	0.653149
11.77	0.653157
11.76	0.653164
11.75	0.653172
11.74	0.65318
11.73	0.653188
11.72	0.653195
11.71	0.653203
11.7	0.653211
11.69	0.653219
11.68	0.653227
11.67	0.653234
11.66	0.653242
11.65	0.65325
11.64	0.653258
11.63	0.653266
11.62	0.653274
11.61	0.653282
11.6	0.65329
11.59	0.653298
11.58	0.653306
11.57	0.653314
11.56	0.653322
11.55	0.65333
11.54	0.653338
11.53	0.653346
11.52	0.653354
11.51	0.653362
11.5	0.65337
11.49	0.653378
11.48	0.653386
11.47	0.653395
11.46	0.653403
11.45	0.653411
11.44	0.653419
11.43	0.653427
11.42	0.653435
11.41	0.653444
11.4	0.653452
11.39	0.65346
11.38	0.653468
11.37	0.653477
11.36	0.653485
11.35	0.653493
11.34	0.653502
11.33	0.65351
11.32	0.653518
11.31	0.653527
11.3	0.653535
11.29	0.653543
11.28	0.653552
11.27	0.65356
11.26	0.653569
11.25	0.653577
11.24	0.653586
11.23	0.653594
11.22	0.653603
11.21	0.653611
11.2	0.65362
11.19	0.653628
11.18	0.653637
11.17	0.653645
11.16	0.653654
11.15	0.653663
11.14	0.653671
11.13	0.65368
11.12	0.653689
11.11	0.653697
11.1	0.653706
11.09	0.653715
11.08	0.653723
11.07	0.653732
11.06	0.653741
11.05	0.65375
11.04	0.653758
11.03	0.653767
11.02	0.653776
11.01	0.653785
11	0.653794
10.99	0.653803
10.98	0.653812
10.97	0.65382
10.96	0.653829
10.95	0.653838
10.94	0.653847
10.93	0.653856
10.92	0.653865
10.91	0.653874
10.9	0.653883
10.89	0.653892
10.88	0.653901
10.87	0.65391
10.86	0.653919
10.85	0.653929
10.84	0.653938
10.83	0.653947
10.82	0.653956
10.81	0.653965
10.8	0.653974
10.79	0.653984
10.78	0.653993
10.77	0.654002
10.76	0.654011
10.75	0.654021
10.74	0.65403
10.73	0.654039
10.72	0.654049
10.71	0.654058
10.7	0.654067
10.69	0.654077
10.68	0.654086
10.67	0.654095
10.66	0.654105
10.65	0.654114
10.64	0.654124
10.63	0.654133
10.62	0.654143
10.61	0.654152
10.6	0.654162
10.59	0.654171
10.58	0.654181
10.57	0.654191
10.56	0.6542
10.55	0.65421
10.54	0.65422
10.53	0.654229
10.52	0.654239
10.51	0.654249
10.5	0.654258
10.49	0.654268
10.48	0.654278
10.47	0.654288
10.46	0.654297
10.45	0.654307
10.44	0.654317
10.43	0.654327
10.42	0.654337
10.41	0.654347
10.4	0.654357
10.39	0.654367
10.38	0.654377
10.37	0.654387
10.36	0.654397
10.35	0.654407
10.34	0.654417
10.33	0.654427
10.32	0.654437
10.31	0.654447
10.3	0.654457
10.29	0.654467
10.28	0.654477
10.27	0.654487
10.26	0.654498
10.25	0.654508
10.24	0.654518
10.23	0.654528
10.22	0.654539
10.21	0.654549
10.2	0.654559
10.19	0.65457
10.18	0.65458
10.17	0.65459
10.16	0.654601
10.15	0.654611
10.14	0.654622
10.13	0.654632
10.12	0.654642
10.11	0.654653
10.1	0.654664
10.09	0.654674
10.08	0.654685
10.07	0.654695
10.06	0.654706
10.05	0.654716
10.04	0.654727
10.03	0.654738
10.02	0.654748
10.01	0.654759
10	0.65477
9.99	0.654781
9.98	0.654791
9.97	0.654802
9.96	0.654813
9.95	0.654824
9.94	0.654835
9.93	0.654846
9.92	0.654857
9.91	0.654868
9.9	0.654879
9.89	0.65489
9.88	0.654901
9.87	0.654912
9.86	0.654923
9.85	0.654934
9.84	0.654945
9.83	0.654956
9.82	0.654967
9.81	0.654978
9.8	0.654989
9.79	0.655001
9.78	0.655012
9.77	0.655023
9.76	0.655034
9.75	0.655046
9.74	0.655057
9.73	0.655068
9.72	0.65508
9.71	0.655091
9.7	0.655103
9.69	0.655114
9.68	0.655126
9.67	0.655137
9.66	0.655149
9.65	0.65516
9.64	0.655172
9.63	0.655183
9.62	0.655195
9.61	0.655207
9.6	0.655218
9.59	0.65523
9.58	0.655242
9.57	0.655253
9.56	0.655265
9.55	0.655277
9.54	0.655289
9.53	0.655301
9.52	0.655312
9.51	0.655324
9.5	0.655336
9.49	0.655348
9.48	0.65536
9.47	0.655372
9.46	0.655384
9.45	0.655396
9.44	0.655408
9.43	0.65542
9.42	0.655433
9.41	0.655445
9.4	0.655457
9.39	0.655469
9.38	0.655481
9.37	0.655494
9.36	0.655506
9.35	0.655518
9.34	0.655531
9.33	0.655543
9.32	0.655555
9.31	0.655568
9.3	0.65558
9.29	0.655593
9.28	0.655605
9.27	0.655618
9.26	0.65563
9.25	0.655643
9.24	0.655655
9.23	0.655668
9.22	0.655681
9.21	0.655693
9.2	0.655706
9.19	0.655719
9.18	0.655732
9.17	0.655744
9.16	0.655757
9.15	0.65577
9.14	0.655783
9.13	0.655796
9.12	0.655809
9.11	0.655822
9.1	0.655835
9.09	0.655848
9.08	0.655861
9.07	0.655874
9.06	0.655887
9.05	0.6559
9.04	0.655914
9.03	0.655927
9.02	0.65594
9.01	0.655953
9	0.655967
8.99	0.65598
8.98	0.655993
8.97	0.656007
8.96	0.65602
8.95	0.656034
8.94	0.656047
8.93	0.656061
8.92	0.656074
8.91	0.656088
8.9	0.656101
8.89	0.656115
8.88	0.656129
8.87	0.656142
8.86	0.656156
8.85	0.65617
8.84	0.656184
8.83	0.656197
8.82	0.656211
8.81	0.656225
8.8	0.656239
8.79	0.656253
8.78	0.656267
8.77	0.656281
8.76	0.656295
8.75	0.656309
8.74	0.656323
8.73	0.656337
8.72	0.656352
8.71	0.656366
8.7	0.65638
8.69	0.656394
8.68	0.656409
8.67	0.656423
8.66	0.656437
8.65	0.656452
8.64	0.656466
8.63	0.656481
8.62	0.656495
8.61	0.65651
8.6	0.656524
8.59	0.656539
8.58	0.656554
8.57	0.656568
8.56	0.656583
8.55	0.656598
8.54	0.656613
8.53	0.656627
8.52	0.656642
8.51	0.656657
8.5	0.656672
8.49	0.656687
8.48	0.656702
8.47	0.656717
8.46	0.656732
8.45	0.656747
8.44	0.656763
8.43	0.656778
8.42	0.656793
8.41	0.656808
8.4	0.656824
8.39	0.656839
8.38	0.656854
8.37	0.65687
8.36	0.656885
8.35	0.656901
8.34	0.656916
8.33	0.656932
8.32	0.656947
8.31	0.656963
8.3	0.656979
8.29	0.656994
8.28	0.65701
8.27	0.657026
8.26	0.657042
8.25	0.657058
8.24	0.657074
8.23	0.65709
8.22	0.657106
8.21	0.657122
8.2	0.657138
8.19	0.657154
8.18	0.65717
8.17	0.657186
8.16	0.657202
8.15	0.657219
8.14	0.657235
8.13	0.657251
8.12	0.657268
8.11	0.657284
8.1	0.657301
8.09	0.657317
8.08	0.657334
8.07	0.65735
8.06	0.657367
8.05	0.657384
8.04	0.6574
8.03	0.657417
8.02	0.657434
8.01	0.657451
8	0.657468
7.99	0.657485
7.98	0.657502
7.97	0.657519
7.96	0.657536
7.95	0.657553
7.94	0.65757
7.93	0.657587
7.92	0.657604
7.91	0.657622
7.9	0.657639
7.89	0.657656
7.88	0.657674
7.87	0.657691
7.86	0.657709
7.85	0.657726
7.84	0.657744
7.83	0.657762
7.82	0.657779
7.81	0.657797
7.8	0.657815
7.79	0.657833
7.78	0.657851
7.77	0.657869
7.76	0.657887
7.75	0.657905
7.74	0.657923
7.73	0.657941
7.72	0.657959
7.71	0.657977
7.7	0.657995
7.69	0.658014
7.68	0.658032
7.67	0.658051
7.66	0.658069
7.65	0.658088
7.64	0.658106
7.63	0.658125
7.62	0.658143
7.61	0.658162
7.6	0.658181
7.59	0.6582
7.58	0.658219
7.57	0.658237
7.56	0.658256
7.55	0.658275
7.54	0.658294
7.53	0.658314
7.52	0.658333
7.51	0.658352
7.5	0.658371
7.49	0.658391
7.48	0.65841
7.47	0.658429
7.46	0.658449
7.45	0.658468
7.44	0.658488
7.43	0.658508
7.42	0.658527
7.41	0.658547
7.4	0.658567
7.39	0.658587
7.38	0.658607
7.37	0.658627
7.36	0.658647
7.35	0.658667
7.34	0.658687
7.33	0.658707
7.32	0.658727
7.31	0.658748
7.3	0.658768
7.29	0.658788
7.28	0.658809
7.27	0.658829
7.26	0.65885
7.25	0.658871
7.24	0.658891
7.23	0.658912
7.22	0.658933
7.21	0.658954
7.2	0.658975
7.19	0.658996
7.18	0.659017
7.17	0.659038
7.16	0.659059
7.15	0.65908
7.14	0.659102
7.13	0.659123
7.12	0.659145
7.11	0.659166
7.1	0.659188
7.09	0.659209
7.08	0.659231
7.07	0.659253
7.06	0.659274
7.05	0.659296
7.04	0.659318
7.03	0.65934
7.02	0.659362
7.01	0.659384
7	0.659407
6.99	0.659429
6.98	0.659451
6.97	0.659473
6.96	0.659496
6.95	0.659518
6.94	0.659541
6.93	0.659564
6.92	0.659586
6.91	0.659609
6.9	0.659632
6.89	0.659655
6.88	0.659678
6.87	0.659701
6.86	0.659724
6.85	0.659747
6.84	0.65977
6.83	0.659794
6.82	0.659817
6.81	0.659841
6.8	0.659864
6.79	0.659888
6.78	0.659912
6.77	0.659935
6.76	0.659959
6.75	0.659983
6.74	0.660007
6.73	0.660031
6.72	0.660055
6.71	0.660079
6.7	0.660104
6.69	0.660128
6.68	0.660152
6.67	0.660177
6.66	0.660201
6.65	0.660226
6.64	0.660251
6.63	0.660275
6.62	0.6603
6.61	0.660325
6.6	0.66035
6.59	0.660375
6.58	0.660401
6.57	0.660426
6.56	0.660451
6.55	0.660477
6.54	0.660502
6.53	0.660528
6.52	0.660553
6.51	0.660579
6.5	0.660605
6.49	0.660631
6.48	0.660657
6.47	0.660683
6.46	0.660709
6.45	0.660735
6.44	0.660761
6.43	0.660788
6.42	0.660814
6.41	0.660841
6.4	0.660867
6.39	0.660894
6.38	0.660921
6.37	0.660948
6.36	0.660975
6.35	0.661002
6.34	0.661029
6.33	0.661056
6.32	0.661084
6.31	0.661111
6.3	0.661138
6.29	0.661166
6.28	0.661194
6.27	0.661222
6.26	0.661249
6.25	0.661277
6.24	0.661305
6.23	0.661334
6.22	0.661362
6.21	0.66139
6.2	0.661419
6.19	0.661447
6.18	0.661476
6.17	0.661504
6.16	0.661533
6.15	0.661562
6.14	0.661591
6.13	0.66162
6.12	0.661649
6.11	0.661679
6.1	0.661708
6.09	0.661738
6.08	0.661767
6.07	0.661797
6.06	0.661827
6.05	0.661856
6.04	0.661886
6.03	0.661917
6.02	0.661947
6.01	0.661977
6	0.662007
5.99	0.662038
5.98	0.662069
5.97	0.662099
5.96	0.66213
5.95	0.662161
5.94	0.662192
5.93	0.662223
5.92	0.662254
5.91	0.662286
5.9	0.662317
5.89	0.662349
5.88	0.66238
5.87	0.662412
5.86	0.662444
5.85	0.662476
5.84	0.662508
5.83	0.66254
5.82	0.662573
5.81	0.662605
5.8	0.662638
5.79	0.662671
5.78	0.662703
5.77	0.662736
5.76	0.662769
5.75	0.662803
5.74	0.662836
5.73	0.662869
5.72	0.662903
5.71	0.662936
5.7	0.66297
5.69	0.663004
5.68	0.663038
5.67	0.663072
5.66	0.663106
5.65	0.663141
5.64	0.663175
5.63	0.66321
5.62	0.663245
5.61	0.66328
5.6	0.663315
5.59	0.66335
5.58	0.663385
5.57	0.66342
5.56	0.663456
5.55	0.663492
5.54	0.663527
5.53	0.663563
5.52	0.663599
5.51	0.663636
5.5	0.663672
5.49	0.663708
5.48	0.663745
5.47	0.663782
5.46	0.663819
5.45	0.663856
5.44	0.663893
5.43	0.66393
5.42	0.663967
5.41	0.664005
5.4	0.664043
5.39	0.664081
5.38	0.664119
5.37	0.664157
5.36	0.664195
5.35	0.664234
5.34	0.664272
5.33	0.664311
5.32	0.66435
5.31	0.664389
5.3	0.664428
5.29	0.664467
5.28	0.664507
5.27	0.664547
5.26	0.664586
5.25	0.664626
5.24	0.664666
5.23	0.664707
5.22	0.664747
5.21	0.664788
5.2	0.664829
5.19	0.664869
5.18	0.664911
5.17	0.664952
5.16	0.664993
5.15	0.665035
5.14	0.665076
5.13	0.665118
5.12	0.66516
5.11	0.665203
5.1	0.665245
5.09	0.665288
5.08	0.665331
5.07	0.665373
5.06	0.665417
5.05	0.66546
5.04	0.665503
5.03	0.665547
5.02	0.665591
5.01	0.665635
5	0.665679
4.99	0.665723
4.98	0.665768
4.97	0.665813
4.96	0.665858
4.95	0.665903
4.94	0.665948
4.93	0.665993
4.92	0.666039
4.91	0.666085
4.9	0.666131
4.89	0.666177
4.88	0.666224
4.87	0.66627
4.86	0.666317
4.85	0.666364
4.84	0.666411
4.83	0.666459
4.82	0.666507
4.81	0.666554
4.8	0.666602
4.79	0.666651
4.78	0.666699
4.77	0.666748
4.76	0.666797
4.75	0.666846
4.74	0.666895
4.73	0.666945
4.72	0.666994
4.71	0.667044
4.7	0.667095
4.69	0.667145
4.68	0.667196
4.67	0.667246
4.66	0.667297
4.65	0.667349
4.64	0.6674
4.63	0.667452
4.62	0.667504
4.61	0.667556
4.6	0.667609
4.59	0.667661
4.58	0.667714
4.57	0.667768
4.56	0.667821
4.55	0.667875
4.54	0.667929
4.53	0.667983
4.52	0.668037
4.51	0.668092
4.5	0.668147
4.49	0.668202
4.48	0.668257
4.47	0.668313
4.46	0.668369
4.45	0.668425
4.44	0.668481
4.43	0.668538
4.42	0.668595
4.41	0.668652
4.4	0.66871
4.39	0.668767
4.38	0.668825
4.37	0.668884
4.36	0.668942
4.35	0.669001
4.34	0.66906
4.33	0.66912
4.32	0.669179
4.31	0.669239
4.3	0.6693
4.29	0.66936
4.28	0.669421
4.27	0.669482
4.26	0.669544
4.25	0.669606
4.24	0.669668
4.23	0.66973
4.22	0.669793
4.21	0.669856
4.2	0.669919
4.19	0.669983
4.18	0.670046
4.17	0.670111
4.16	0.670175
4.15	0.67024
4.14	0.670305
4.13	0.670371
4.12	0.670437
4.11	0.670503
4.1	0.670569
4.09	0.670636
4.08	0.670703
4.07	0.670771
4.06	0.670839
4.05	0.670907
4.04	0.670976
4.03	0.671045
4.02	0.671114
4.01	0.671184
4	0.671254
3.99	0.671324
3.98	0.671395
3.97	0.671466
3.96	0.671537
3.95	0.671609
3.94	0.671681
3.93	0.671754
3.92	0.671827
3.91	0.6719
3.9	0.671974
3.89	0.672048
3.88	0.672123
3.87	0.672198
3.86	0.672273
3.85	0.672349
3.84	0.672425
3.83	0.672502
3.82	0.672579
3.81	0.672656
3.8	0.672734
3.79	0.672813
3.78	0.672891
3.77	0.67297
3.76	0.67305
3.75	0.67313
3.74	0.673211
3.73	0.673291
3.72	0.673373
3.71	0.673455
3.7	0.673537
3.69	0.67362
3.68	0.673703
3.67	0.673787
3.66	0.673871
3.65	0.673956
3.64	0.674041
3.63	0.674126
3.62	0.674212
3.61	0.674299
3.6	0.674386
3.59	0.674474
3.58	0.674562
3.57	0.67465
3.56	0.67474
3.55	0.674829
3.54	0.67492
3.53	0.67501
3.52	0.675102
3.51	0.675193
3.5	0.675286
3.49	0.675379
3.48	0.675472
3.47	0.675566
3.46	0.675661
3.45	0.675756
3.44	0.675852
3.43	0.675948
3.42	0.676045
3.41	0.676143
3.4	0.676241
3.39	0.676339
3.38	0.676439
3.37	0.676539
3.36	0.676639
3.35	0.67674
3.34	0.676842
3.33	0.676945
3.32	0.677048
3.31	0.677152
3.3	0.677256
3.29	0.677361
3.28	0.677467
3.27	0.677573
3.26	0.67768
3.25	0.677788
3.24	0.677897
3.23	0.678006
3.22	0.678116
3.21	0.678226
3.2	0.678338
3.19	0.67845
3.18	0.678563
3.17	0.678676
3.16	0.678791
3.15	0.678906
3.14	0.679022
3.13	0.679138
3.12	0.679256
3.11	0.679374
3.1	0.679493
3.09	0.679613
3.08	0.679733
3.07	0.679855
3.06	0.679977
3.05	0.6801
3.04	0.680224
3.03	0.680349
3.02	0.680474
3.01	0.680601
3	0.680728
2.99	0.680857
2.98	0.680986
2.97	0.681116
2.96	0.681247
2.95	0.681379
2.94	0.681512
2.93	0.681646
2.92	0.681781
2.91	0.681917
2.9	0.682054
2.89	0.682191
2.88	0.68233
2.87	0.68247
2.86	0.682611
2.85	0.682753
2.84	0.682896
2.83	0.68304
2.82	0.683185
2.81	0.683331
2.8	0.683478
2.79	0.683627
2.78	0.683776
2.77	0.683927
2.76	0.684079
2.75	0.684232
2.74	0.684386
2.73	0.684541
2.72	0.684698
2.71	0.684856
2.7	0.685015
2.69	0.685175
2.68	0.685336
2.67	0.685499
2.66	0.685663
2.65	0.685829
2.64	0.685995
2.63	0.686163
2.62	0.686333
2.61	0.686504
2.6	0.686676
2.59	0.686849
2.58	0.687024
2.57	0.687201
2.56	0.687379
2.55	0.687558
2.54	0.687739
2.53	0.687921
2.52	0.688105
2.51	0.688291
2.5	0.688478
2.49	0.688666
2.48	0.688857
2.47	0.689049
2.46	0.689242
2.45	0.689437
2.44	0.689634
2.43	0.689833
2.42	0.690033
2.41	0.690235
2.4	0.690439
2.39	0.690645
2.38	0.690853
2.37	0.691062
2.36	0.691273
2.35	0.691487
2.34	0.691702
2.33	0.691919
2.32	0.692138
2.31	0.692359
2.3	0.692582
2.29	0.692808
2.28	0.693035
2.27	0.693265
2.26	0.693496
2.25	0.69373
2.24	0.693966
2.23	0.694205
2.22	0.694445
2.21	0.694688
2.2	0.694934
2.19	0.695181
2.18	0.695432
2.17	0.695684
2.16	0.695939
2.15	0.696197
2.14	0.696457
2.13	0.69672
2.12	0.696986
2.11	0.697254
2.1	0.697525
2.09	0.697799
2.08	0.698075
2.07	0.698354
2.06	0.698637
2.05	0.698922
2.04	0.69921
2.03	0.699502
2.02	0.699796
2.01	0.700094
2	0.700395
1.99	0.700699
1.98	0.701006
1.97	0.701317
1.96	0.701631
1.95	0.701948
1.94	0.702269
1.93	0.702594
1.92	0.702923
1.91	0.703255
1.9	0.70359
1.89	0.70393
1.88	0.704274
1.87	0.704621
1.86	0.704973
1.85	0.705328
1.84	0.705688
1.83	0.706053
1.82	0.706421
1.81	0.706794
1.8	0.707171
1.79	0.707553
1.78	0.70794
1.77	0.708331
1.76	0.708727
1.75	0.709128
1.74	0.709535
1.73	0.709946
1.72	0.710362
1.71	0.710784
1.7	0.711211
1.69	0.711644
1.68	0.712082
1.67	0.712526
1.66	0.712976
1.65	0.713431
1.64	0.713893
1.63	0.714361
1.62	0.714836
1.61	0.715317
1.6	0.715804
1.59	0.716298
1.58	0.716799
1.57	0.717307
1.56	0.717822
1.55	0.718345
1.54	0.718875
1.53	0.719412
1.52	0.719957
1.51	0.720511
1.5	0.721072
1.49	0.721642
1.48	0.72222
1.47	0.722807
1.46	0.723402
1.45	0.724007
1.44	0.724621
1.43	0.725245
1.42	0.725878
1.41	0.726522
1.4	0.727175
1.39	0.727839
1.38	0.728514
1.37	0.7292
1.36	0.729897
1.35	0.730605
1.34	0.731325
1.33	0.732057
1.32	0.732802
1.31	0.733559
1.3	0.73433
1.29	0.735114
1.28	0.735911
1.27	0.736723
1.26	0.737549
1.25	0.73839
1.24	0.739246
1.23	0.740118
1.22	0.741006
1.21	0.741911
1.2	0.742832
1.19	0.743771
1.18	0.744729
1.17	0.745704
1.16	0.746699
1.15	0.747714
1.14	0.748748
1.13	0.749804
1.12	0.750881
1.11	0.75198
1.1	0.753102
1.09	0.754248
1.08	0.755418
1.07	0.756613
1.06	0.757834
1.05	0.759081
1.04	0.760357
1.03	0.76166
1.02	0.762994
1.01	0.764358
1	0.765754
0.99	0.767182
0.98	0.768644
0.97	0.770141
0.96	0.771675
0.95	0.773246
0.94	0.774857
0.93	0.776508
0.92	0.778201
0.91	0.779938
0.9	0.781721
0.89	0.783551
0.88	0.78543
0.87	0.78736
0.86	0.789344
0.85	0.791383
0.84	0.79348
0.83	0.795638
0.82	0.797859
0.81	0.800145
0.8	0.802501
0.79	0.804928
0.78	0.807431
0.77	0.810012
0.76	0.812676
0.75	0.815427
0.74	0.818269
0.73	0.821207
0.72	0.824244
0.71	0.827388
0.7	0.830642
0.69	0.834014
0.68	0.83751
0.67	0.841136
0.66	0.8449
0.65	0.848809
0.64	0.852874
0.63	0.857102
0.62	0.861504
0.61	0.866091
0.6	0.870874
0.59	0.875867
0.58	0.881083
0.57	0.886538
0.56	0.892248
0.55	0.898232
0.54	0.90451
0.53	0.911103
0.52	0.918036
0.51	0.925335
0.5	0.933031
0.49	0.941156
0.48	0.949746
0.47	0.958843
0.46	0.968493
0.45	0.978746
0.44	0.989662
0.43	1.0013
0.42	1.01375
0.41	1.02708
0.4	1.04139
0.39	1.0568
0.38	1.07343
0.37	1.09144
0.36	1.111
0.35	1.13231
0.34	1.15562
0.33	1.18121
0.32	1.20945
0.31	1.24074
0.3	1.27561
0.29	1.31468
0.28	1.35877
0.27	1.40887
0.26	1.46627
0.25	1.53267
0.24	1.61031
0.23	1.70225
0.22	1.81277
0.21	1.94805
0.2	2.11747
0.19	2.33596
0.18	2.62942
0.17	3.04839
0.16	3.71405
0.15	5.07996
-0.15	5.07996
-0.16	3.71405
-0.17	3.04839
-0.18	2.62942
-0.19	2.33596
-0.2	2.11747
-0.21	1.94805
-0.22	1.81277
-0.23	1.70225
-0.24	1.61031
-0.25	1.53267
-0.26	1.46627
-0.27	1.40887
-0.28	1.35877
-0.29	1.31468
-0.3	1.27561
-0.31	1.24074
-0.32	1.20945
-0.33	1.18121
-0.34	1.15562
-0.35	1.13231
-0.36	1.111
-0.37	1.09144
-0.38	1.07343
-0.39	1.0568
-0.4	1.04139
-0.41	1.02708
-0.42	1.01375
-0.43	1.0013
-0.44	0.989662
-0.45	0.978746
-0.46	0.968493
-0.47	0.958843
-0.48	0.949746
-0.49	0.941156
-0.5	0.933031
-0.51	0.925335
-0.52	0.918036
-0.53	0.911103
-0.54	0.90451
-0.55	0.898232
-0.56	0.892248
-0.57	0.886538
-0.58	0.881083
-0.59	0.875867
-0.6	0.870874
-0.61	0.866091
-0.62	0.861504
-0.63	0.857102
-0.64	0.852874
-0.65	0.848809
-0.66	0.8449
-0.67	0.841136
-0.68	0.83751
-0.69	0.834014
-0.7	0.830642
-0.71	0.827388
-0.72	0.824244
-0.73	0.821207
-0.74	0.818269
-0.75	0.815427
-0.76	0.812676
-0.77	0.810012
-0.78	0.807431
-0.79	0.804928
-0.8	0.802501
-0.81	0.800145
-0.82	0.797859
-0.83	0.795638
-0.84	0.79348
-0.85	0.791383
-0.86	0.789344
-0.87	0.78736
-0.88	0.78543
-0.89	0.783551
-0.9	0.781721
-0.91	0.779938
-0.92	0.778201
-0.93	0.776508
-0.94	0.774857
-0.95	0.773246
-0.96	0.771675
-0.97	0.770141
-0.98	0.768644
-0.99	0.767182
-1	0.765754
-1.01	0.764358
-1.02	0.762994
-1.03	0.76166
-1.04	0.760357
-1.05	0.759081
-1.06	0.757834
-1.07	0.756613
-1.08	0.755418
-1.09	0.754248
-1.1	0.753102
-1.11	0.75198
-1.12	0.750881
-1.13	0.749804
-1.14	0.748748
-1.15	0.747714
-1.16	0.746699
-1.17	0.745704
-1.18	0.744729
-1.19	0.743771
-1.2	0.742832
-1.21	0.741911
-1.22	0.741006
-1.23	0.740118
-1.24	0.739246
-1.25	0.73839
-1.26	0.737549
-1.27	0.736723
-1.28	0.735911
-1.29	0.735114
-1.3	0.73433
-1.31	0.733559
-1.32	0.732802
-1.33	0.732057
-1.34	0.731325
-1.35	0.730605
-1.36	0.729897
-1.37	0.7292
-1.38	0.728514
-1.39	0.727839
-1.4	0.727175
-1.41	0.726522
-1.42	0.725878
-1.43	0.725245
-1.44	0.724621
-1.45	0.724007
-1.46	0.723402
-1.47	0.722807
-1.48	0.72222
-1.49	0.721642
-1.5	0.721072
-1.51	0.720511
-1.52	0.719957
-1.53	0.719412
-1.54	0.718875
-1.55	0.718345
-1.56	0.717822
-1.57	0.717307
-1.58	0.716799
-1.59	0.716298
-1.6	0.715804
-1.61	0.715317
-1.62	0.714836
-1.63	0.714361
-1.64	0.713893
-1.65	0.713431
-1.66	0.712976
-1.67	0.712526
-1.68	0.712082
-1.69	0.711644
-1.7	0.711211
-1.71	0.710784
-1.72	0.710362
-1.73	0.709946
-1.74	0.709535
-1.75	0.709128
-1.76	0.708727
-1.77	0.708331
-1.78	0.70794
-1.79	0.707553
-1.8	0.707171
-1.81	0.706794
-1.82	0.706421
-1.83	0.706053
-1.84	0.705688
-1.85	0.705328
-1.86	0.704973
-1.87	0.704621
-1.88	0.704274
-1.89	0.70393
-1.9	0.70359
-1.91	0.703255
-1.92	0.702923
-1.93	0.702594
-1.94	0.702269
-1.95	0.701948
-1.96	0.701631
-1.97	0.701317
-1.98	0.701006
-1.99	0.700699
-2	0.700395
-2.01	0.700094
-2.02	0.699796
-2.03	0.699502
-2.04	0.69921
-2.05	0.698922
-2.06	0.698637
-2.07	0.698354
-2.08	0.698075
-2.09	0.697799
-2.1	0.697525
-2.11	0.697254
-2.12	0.696986
-2.13	0.69672
-2.14	0.696457
-2.15	0.696197
-2.16	0.695939
-2.17	0.695684
-2.18	0.695432
-2.19	0.695181
-2.2	0.694934
-2.21	0.694688
-2.22	0.694445
-2.23	0.694205
-2.24	0.693966
-2.25	0.69373
-2.26	0.693496
-2.27	0.693265
-2.28	0.693035
-2.29	0.692808
-2.3	0.692582
-2.31	0.692359
-2.32	0.692138
-2.33	0.691919
-2.34	0.691702
-2.35	0.691487
-2.36	0.691273
-2.37	0.691062
-2.38	0.690853
-2.39	0.690645
-2.4	0.690439
-2.41	0.690235
-2.42	0.690033
-2.43	0.689833
-2.44	0.689634
-2.45	0.689437
-2.46	0.689242
-2.47	0.689049
-2.48	0.688857
-2.49	0.688666
-2.5	0.688478
-2.51	0.688291
-2.52	0.688105
-2.53	0.687921
-2.54	0.687739
-2.55	0.687558
-2.56	0.687379
-2.57	0.687201
-2.58	0.687024
-2.59	0.686849
-2.6	0.686676
-2.61	0.686504
-2.62	0.686333
-2.63	0.686163
-2.64	0.685995
-2.65	0.685829
-2.66	0.685663
-2.67	0.685499
-2.68	0.685336
-2.69	0.685175
-2.7	0.685015
-2.71	0.684856
-2.72	0.684698
-2.73	0.684541
-2.74	0.684386
-2.75	0.684232
-2.76	0.684079
-2.77	0.683927
-2.78	0.683776
-2.79	0.683627
-2.8	0.683478
-2.81	0.683331
-2.82	0.683185
-2.83	0.68304
-2.84	0.682896
-2.85	0.682753
-2.86	0.682611
-2.87	0.68247
-2.88	0.68233
-2.89	0.682191
-2.9	0.682054
-2.91	0.681917
-2.92	0.681781
-2.93	0.681646
-2.94	0.681512
-2.95	0.681379
-2.96	0.681247
-2.97	0.681116
-2.98	0.680986
-2.99	0.680857
-3	0.680728
-3.01	0.680601
-3.02	0.680474
-3.03	0.680349
-3.04	0.680224
-3.05	0.6801
-3.06	0.679977
-3.07	0.679855
-3.08	0.679733
-3.09	0.679613
-3.1	0.679493
-3.11	0.679374
-3.12	0.679256
-3.13	0.679138
-3.14	0.679022
-3.15	0.678906
-3.16	0.678791
-3.17	0.678676
-3.18	0.678563
-3.19	0.67845
-3.2	0.678338
-3.21	0.678226
-3.22	0.678116
-3.23	0.678006
-3.24	0.677897
-3.25	0.677788
-3.26	0.67768
-3.27	0.677573
-3.28	0.677467
-3.29	0.677361
-3.3	0.677256
-3.31	0.677152
-3.32	0.677048
-3.33	0.676945
-3.34	0.676842
-3.35	0.67674
-3.36	0.676639
-3.37	0.676539
-3.38	0.676439
-3.39	0.676339
-3.4	0.676241
-3.41	0.676143
-3.42	0.676045
-3.43	0.675948
-3.44	0.675852
-3.45	0.675756
-3.46	0.675661
-3.47	0.675566
-3.48	0.675472
-3.49	0.675379
-3.5	0.675286
-3.51	0.675193
-3.52	0.675102
-3.53	0.67501
-3.54	0.67492
-3.55	0.674829
-3.56	0.67474
-3.57	0.67465
-3.58	0.674562
-3.59	0.674474
-3.6	0.674386
-3.61	0.674299
-3.62	0.674212
-3.63	0.674126
-3.64	0.674041
-3.65	0.673956
-3.66	0.673871
-3.67	0.673787
-3.68	0.673703
-3.69	0.67362
-3.7	0.673537
-3.71	0.673455
-3.72	0.673373
-3.73	0.673291
-3.74	0.673211
-3.75	0.67313
-3.76	0.67305
-3.77	0.67297
-3.78	0.672891
-3.79	0.672813
-3.8	0.672734
-3.81	0.672656
-3.82	0.672579
-3.83	0.672502
-3.84	0.672425
-3.85	0.672349
-3.86	0.672273
-3.87	0.672198
-3.88	0.672123
-3.89	0.672048
-3.9	0.671974
-3.91	0.6719
-3.92	0.671827
-3.93	0.671754
-3.94	0.671681
-3.95	0.671609
-3.96	0.671537
-3.97	0.671466
-3.98	0.671395
-3.99	0.671324
-4	0.671254
-4.01	0.671184
-4.02	0.671114
-4.03	0.671045
-4.04	0.670976
-4.05	0.670907
-4.06	0.670839
-4.07	0.670771
-4.08	0.670703
-4.09	0.670636
-4.1	0.670569
-4.11	0.670503
-4.12	0.670437
-4.13	0.670371
-4.14	0.670305
-4.15	0.67024
-4.16	0.670175
-4.17	0.670111
-4.18	0.670046
-4.19	0.669983
-4.2	0.669919
-4.21	0.669856
-4.22	0.669793
-4.23	0.66973
-4.24	0.669668
-4.25	0.669606
-4.26	0.669544
-4.27	0.669482
-4.28	0.669421
-4.29	0.66936
-4.3	0.6693
-4.31	0.669239
-4.32	0.669179
-4.33	0.66912
-4.34	0.66906
-4.35	0.669001
-4.36	0.668942
-4.37	0.668884
-4.38	0.668825
-4.39	0.668767
-4.4	0.66871
-4.41	0.668652
-4.42	0.668595
-4.43	0.668538
-4.44	0.668481
-4.45	0.668425
-4.46	0.668369
-4.47	0.668313
-4.48	0.668257
-4.49	0.668202
-4.5	0.668147
-4.51	0.668092
-4.52	0.668037
-4.53	0.667983
-4.54	0.667929
-4.55	0.667875
-4.56	0.667821
-4.57	0.667768
-4.58	0.667714
-4.59	0.667661
-4.6	0.667609
-4.61	0.667556
-4.62	0.667504
-4.63	0.667452
-4.64	0.6674
-4.65	0.667349
-4.66	0.667297
-4.67	0.667246
-4.68	0.667196
-4.69	0.667145
-4.7	0.667095
-4.71	0.667044
-4.72	0.666994
-4.73	0.666945
-4.74	0.666895
-4.75	0.666846
-4.76	0.666797
-4.77	0.666748
-4.78	0.666699
-4.79	0.666651
-4.8	0.666602
-4.81	0.666554
-4.82	0.666507
-4.83	0.666459
-4.84	0.666411
-4.85	0.666364
-4.86	0.666317
-4.87	0.66627
-4.88	0.666224
-4.89	0.666177
-4.9	0.666131
-4.91	0.666085
-4.92	0.666039
-4.93	0.665993
-4.94	0.665948
-4.95	0.665903
-4.96	0.665858
-4.97	0.665813
-4.98	0.665768
-4.99	0.665723
-5	0.665679
-5.01	0.665635
-5.02	0.665591
-5.03	0.665547
-5.04	0.665503
-5.05	0.66546
-5.06	0.665417
-5.07	0.665373
-5.08	0.665331
-5.09	0.665288
-5.1	0.665245
-5.11	0.665203
-5.12	0.66516
-5.13	0.665118
-5.14	0.665076
-5.15	0.665035
-5.16	0.664993
-5.17	0.664952
-5.18	0.664911
-5.19	0.664869
-5.2	0.664829
-5.21	0.664788
-5.22	0.664747
-5.23	0.664707
-5.24	0.664666
-5.25	0.664626
-5.26	0.664586
-5.27	0.664547
-5.28	0.664507
-5.29	0.664467
-5.3	0.664428
-5.31	0.664389
-5.32	0.66435
-5.33	0.664311
-5.34	0.664272
-5.35	0.664234
-5.36	0.664195
-5.37	0.664157
-5.38	0.664119
-5.39	0.664081
-5.4	0.664043
-5.41	0.664005
-5.42	0.663967
-5.43	0.66393
-5.44	0.663893
-5.45	0.663856
-5.46	0.663819
-5.47	0.663782
-5.48	0.663745
-5.49	0.663708
-5.5	0.663672
-5.51	0.663636
-5.52	0.663599
-5.53	0.663563
-5.54	0.663527
-5.55	0.663492
-5.56	0.663456
-5.57	0.66342
-5.58	0.663385
-5.59	0.66335
-5.6	0.663315
-5.61	0.66328
-5.62	0.663245
-5.63	0.66321
-5.64	0.663175
-5.65	0.663141
-5.66	0.663106
-5.67	0.663072
-5.68	0.663038
-5.69	0.663004
-5.7	0.66297
-5.71	0.662936
-5.72	0.662903
-5.73	0.662869
-5.74	0.662836
-5.75	0.662803
-5.76	0.662769
-5.77	0.662736
-5.78	0.662703
-5.79	0.662671
-5.8	0.662638
-5.81	0.662605
-5.82	0.662573
-5.83	0.66254
-5.84	0.662508
-5.85	0.662476
-5.86	0.662444
-5.87	0.662412
-5.88	0.66238
-5.89	0.662349
-5.9	0.662317
-5.91	0.662286
-5.92	0.662254
-5.93	0.662223
-5.94	0.662192
-5.95	0.662161
-5.96	0.66213
-5.97	0.662099
-5.98	0.662069
-5.99	0.662038
-6	0.662007
-6.01	0.661977
-6.02	0.661947
-6.03	0.661917
-6.04	0.661886
-6.05	0.661856
-6.06	0.661827
-6.07	0.661797
-6.08	0.661767
-6.09	0.661738
-6.1	0.661708
-6.11	0.661679
-6.12	0.661649
-6.13	0.66162
-6.14	0.661591
-6.15	0.661562
-6.16	0.661533
-6.17	0.661504
-6.18	0.661476
-6.19	0.661447
-6.2	0.661419
-6.21	0.66139
-6.22	0.661362
-6.23	0.661334
-6.24	0.661305
-6.25	0.661277
-6.26	0.661249
-6.27	0.661222
-6.28	0.661194
-6.29	0.661166
-6.3	0.661138
-6.31	0.661111
-6.32	0.661084
-6.33	0.661056
-6.34	0.661029
-6.35	0.661002
-6.36	0.660975
-6.37	0.660948
-6.38	0.660921
-6.39	0.660894
-6.4	0.660867
-6.41	0.660841
-6.42	0.660814
-6.43	0.660788
-6.44	0.660761
-6.45	0.660735
-6.46	0.660709
-6.47	0.660683
-6.48	0.660657
-6.49	0.660631
-6.5	0.660605
-6.51	0.660579
-6.52	0.660553
-6.53	0.660528
-6.54	0.660502
-6.55	0.660477
-6.56	0.660451
-6.57	0.660426
-6.58	0.660401
-6.59	0.660375
-6.6	0.66035
-6.61	0.660325
-6.62	0.6603
-6.63	0.660275
-6.64	0.660251
-6.65	0.660226
-6.66	0.660201
-6.67	0.660177
-6.68	0.660152
-6.69	0.660128
-6.7	0.660104
-6.71	0.660079
-6.72	0.660055
-6.73	0.660031
-6.74	0.660007
-6.75	0.659983
-6.76	0.659959
-6.77	0.659935
-6.78	0.659912
-6.79	0.659888
-6.8	0.659864
-6.81	0.659841
-6.82	0.659817
-6.83	0.659794
-6.84	0.65977
-6.85	0.659747
-6.86	0.659724
-6.87	0.659701
-6.88	0.659678
-6.89	0.659655
-6.9	0.659632
-6.91	0.659609
-6.92	0.659586
-6.93	0.659564
-6.94	0.659541
-6.95	0.659518
-6.96	0.659496
-6.97	0.659473
-6.98	0.659451
-6.99	0.659429
-7	0.659407
-7.01	0.659384
-7.02	0.659362
-7.03	0.65934
-7.04	0.659318
-7.05	0.659296
-7.06	0.659274
-7.07	0.659253
-7.08	0.659231
-7.09	0.659209
-7.1	0.659188
-7.11	0.659166
-7.12	0.659145
-7.13	0.659123
-7.14	0.659102
-7.15	0.65908
-7.16	0.659059
-7.17	0.659038
-7.18	0.659017
-7.19	0.658996
-7.2	0.658975
-7.21	0.658954
-7.22	0.658933
-7.23	0.658912
-7.24	0.658891
-7.25	0.658871
-7.26	0.65885
-7.27	0.658829
-7.28	0.658809
-7.29	0.658788
-7.3	0.658768
-7.31	0.658748
-7.32	0.658727
-7.33	0.658707
-7.34	0.658687
-7.35	0.658667
-7.36	0.658647
-7.37	0.658627
-7.38	0.658607
-7.39	0.658587
-7.4	0.658567
-7.41	0.658547
-7.42	0.658527
-7.43	0.658508
-7.44	0.658488
-7.45	0.658468
-7.46	0.658449
-7.47	0.658429
-7.48	0.65841
-7.49	0.658391
-7.5	0.658371
-7.51	0.658352
-7.52	0.658333
-7.53	0.658314
-7.54	0.658294
-7.55	0.658275
-7.56	0.658256
-7.57	0.658237
-7.58	0.658219
-7.59	0.6582
-7.6	0.658181
-7.61	0.658162
-7.62	0.658143
-7.63	0.658125
-7.64	0.658106
-7.65	0.658088
-7.66	0.658069
-7.67	0.658051
-7.68	0.658032
-7.69	0.658014
-7.7	0.657995
-7.71	0.657977
-7.72	0.657959
-7.73	0.657941
-7.74	0.657923
-7.75	0.657905
-7.76	0.657887
-7.77	0.657869
-7.78	0.657851
-7.79	0.657833
-7.8	0.657815
-7.81	0.657797
-7.82	0.657779
-7.83	0.657762
-7.84	0.657744
-7.85	0.657726
-7.86	0.657709
-7.87	0.657691
-7.88	0.657674
-7.89	0.657656
-7.9	0.657639
-7.91	0.657622
-7.92	0.657604
-7.93	0.657587
-7.94	0.65757
-7.95	0.657553
-7.96	0.657536
-7.97	0.657519
-7.98	0.657502
-7.99	0.657485
-8	0.657468
-8.01	0.657451
-8.02	0.657434
-8.03	0.657417
-8.04	0.6574
-8.05	0.657384
-8.06	0.657367
-8.07	0.65735
-8.08	0.657334
-8.09	0.657317
-8.1	0.657301
-8.11	0.657284
-8.12	0.657268
-8.13	0.657251
-8.14	0.657235
-8.15	0.657219
-8.16	0.657202
-8.17	0.657186
-8.18	0.65717
-8.19	0.657154
-8.2	0.657138
-8.21	0.657122
-8.22	0.657106
-8.23	0.65709
-8.24	0.657074
-8.25	0.657058
-8.26	0.657042
-8.27	0.657026
-8.28	0.65701
-8.29	0.656994
-8.3	0.656979
-8.31	0.656963
-8.32	0.656947
-8.33	0.656932
-8.34	0.656916
-8.35	0.656901
-8.36	0.656885
-8.37	0.65687
-8.38	0.656854
-8.39	0.656839
-8.4	0.656824
-8.41	0.656808
-8.42	0.656793
-8.43	0.656778
-8.44	0.656763
-8.45	0.656747
-8.46	0.656732
-8.47	0.656717
-8.48	0.656702
-8.49	0.656687
-8.5	0.656672
-8.51	0.656657
-8.52	0.656642
-8.53	0.656627
-8.54	0.656613
-8.55	0.656598
-8.56	0.656583
-8.57	0.656568
-8.58	0.656554
-8.59	0.656539
-8.6	0.656524
-8.61	0.65651
-8.62	0.656495
-8.63	0.656481
-8.64	0.656466
-8.65	0.656452
-8.66	0.656437
-8.67	0.656423
-8.68	0.656409
-8.69	0.656394
-8.7	0.65638
-8.71	0.656366
-8.72	0.656352
-8.73	0.656337
-8.74	0.656323
-8.75	0.656309
-8.76	0.656295
-8.77	0.656281
-8.78	0.656267
-8.79	0.656253
-8.8	0.656239
-8.81	0.656225
-8.82	0.656211
-8.83	0.656197
-8.84	0.656184
-8.85	0.65617
-8.86	0.656156
-8.87	0.656142
-8.88	0.656129
-8.89	0.656115
-8.9	0.656101
-8.91	0.656088
-8.92	0.656074
-8.93	0.656061
-8.94	0.656047
-8.95	0.656034
-8.96	0.65602
-8.97	0.656007
-8.98	0.655993
-8.99	0.65598
-9	0.655967
-9.01	0.655953
-9.02	0.65594
-9.03	0.655927
-9.04	0.655914
-9.05	0.6559
-9.06	0.655887
-9.07	0.655874
-9.08	0.655861
-9.09	0.655848
-9.1	0.655835
-9.11	0.655822
-9.12	0.655809
-9.13	0.655796
-9.14	0.655783
-9.15	0.65577
-9.16	0.655757
-9.17	0.655744
-9.18	0.655732
-9.19	0.655719
-9.2	0.655706
-9.21	0.655693
-9.22	0.655681
-9.23	0.655668
-9.24	0.655655
-9.25	0.655643
-9.26	0.65563
-9.27	0.655618
-9.28	0.655605
-9.29	0.655593
-9.3	0.65558
-9.31	0.655568
-9.32	0.655555
-9.33	0.655543
-9.34	0.655531
-9.35	0.655518
-9.36	0.655506
-9.37	0.655494
-9.38	0.655481
-9.39	0.655469
-9.4	0.655457
-9.41	0.655445
-9.42	0.655433
-9.43	0.65542
-9.44	0.655408
-9.45	0.655396
-9.46	0.655384
-9.47	0.655372
-9.48	0.65536
-9.49	0.655348
-9.5	0.655336
-9.51	0.655324
-9.52	0.655312
-9.53	0.655301
-9.54	0.655289
-9.55	0.655277
-9.56	0.655265
-9.57	0.655253
-9.58	0.655242
-9.59	0.65523
-9.6	0.655218
-9.61	0.655207
-9.62	0.655195
-9.63	0.655183
-9.64	0.655172
-9.65	0.65516
-9.66	0.655149
-9.67	0.655137
-9.68	0.655126
-9.69	0.655114
-9.7	0.655103
-9.71	0.655091
-9.72	0.65508
-9.73	0.655068
-9.74	0.655057
-9.75	0.655046
-9.76	0.655034
-9.77	0.655023
-9.78	0.655012
-9.79	0.655001
-9.8	0.654989
-9.81	0.654978
-9.82	0.654967
-9.83	0.654956
-9.84	0.654945
-9.85	0.654934
-9.86	0.654923
-9.87	0.654912
-9.88	0.654901
-9.89	0.65489
-9.9	0.654879
-9.91	0.654868
-9.92	0.654857
-9.93	0.654846
-9.94	0.654835
-9.95	0.654824
-9.96	0.654813
-9.97	0.654802
-9.98	0.654791
-9.99	0.654781
-10	0.65477
-10.01	0.654759
-10.02	0.654748
-10.03	0.654738
-10.04	0.654727
-10.05	0.654716
-10.06	0.654706
-10.07	0.654695
-10.08	0.654685
-10.09	0.654674
-10.1	0.654664
-10.11	0.654653
-10.12	0.654642
-10.13	0.654632
-10.14	0.654622
-10.15	0.654611
-10.16	0.654601
-10.17	0.65459
-10.18	0.65458
-10.19	0.65457
-10.2	0.654559
-10.21	0.654549
-10.22	0.654539
-10.23	0.654528
-10.24	0.654518
-10.25	0.654508
-10.26	0.654498
-10.27	0.654487
-10.28	0.654477
-10.29	0.654467
-10.3	0.654457
-10.31	0.654447
-10.32	0.654437
-10.33	0.654427
-10.34	0.654417
-10.35	0.654407
-10.36	0.654397
-10.37	0.654387
-10.38	0.654377
-10.39	0.654367
-10.4	0.654357
-10.41	0.654347
-10.42	0.654337
-10.43	0.654327
-10.44	0.654317
-10.45	0.654307
-10.46	0.654297
-10.47	0.654288
-10.48	0.654278
-10.49	0.654268
-10.5	0.654258
-10.51	0.654249
-10.52	0.654239
-10.53	0.654229
-10.54	0.65422
-10.55	0.65421
-10.56	0.6542
-10.57	0.654191
-10.58	0.654181
-10.59	0.654171
-10.6	0.654162
-10.61	0.654152
-10.62	0.654143
-10.63	0.654133
-10.64	0.654124
-10.65	0.654114
-10.66	0.654105
-10.67	0.654095
-10.68	0.654086
-10.69	0.654077
-10.7	0.654067
-10.71	0.654058
-10.72	0.654049
-10.73	0.654039
-10.74	0.65403
-10.75	0.654021
-10.76	0.654011
-10.77	0.654002
-10.78	0.653993
-10.79	0.653984
-10.8	0.653974
-10.81	0.653965
-10.82	0.653956
-10.83	0.653947
-10.84	0.653938
-10.85	0.653929
-10.86	0.653919
-10.87	0.65391
-10.88	0.653901
-10.89	0.653892
-10.9	0.653883
-10.91	0.653874
-10.92	0.653865
-10.93	0.653856
-10.94	0.653847
-10.95	0.653838
-10.96	0.653829
-10.97	0.65382
-10.98	0.653812
-10.99	0.653803
-11	0.653794
-11.01	0.653785
-11.02	0.653776
-11.03	0.653767
-11.04	0.653758
-11.05	0.65375
-11.06	0.653741
-11.07	0.653732
-11.08	0.653723
-11.09	0.653715
-11.1	0.653706
-11.11	0.653697
-11.12	0.653689
-11.13	0.65368
-11.14	0.653671
-11.15	0.653663
-11.16	0.653654
-11.17	0.653645
-11.18	0.653637
-11.19	0.653628
-11.2	0.65362
-11.21	0.653611
-11.22	0.653603
-11.23	0.653594
-11.24	0.653586
-11.25	0.653577
-11.26	0.653569
-11.27	0.65356
-11.28	0.653552
-11.29	0.653543
-11.3	0.653535
-11.31	0.653527
-11.32	0.653518
-11.33	0.65351
-11.34	0.653502
-11.35	0.653493
-11.36	0.653485
-11.37	0.653477
-11.38	0.653468
-11.39	0.65346
-11.4	0.653452
-11.41	0.653444
-11.42	0.653435
-11.43	0.653427
-11.44	0.653419
-11.45	0.653411
-11.46	0.653403
-11.47	0.653395
-11.48	0.653386
-11.49	0.653378
-11.5	0.65337
-11.51	0.653362
-11.52	0.653354
-11.53	0.653346
-11.54	0.653338
-11.55	0.65333
-11.56	0.653322
-11.57	0.653314
-11.58	0.653306
-11.59	0.653298
-11.6	0.65329
-11.61	0.653282
-11.62	0.653274
-11.63	0.653266
-11.64	0.653258
-11.65	0.65325
-11.66	0.653242
-11.67	0.653234
-11.68	0.653227
-11.69	0.653219
-11.7	0.653211
-11.71	0.653203
-11.72	0.653195
-11.73	0.653188
-11.74	0.65318
-11.75	0.653172
-11.76	0.653164
-11.77	0.653157
-11.78	0.653149
-11.79	0.653141
-11.8	0.653133
-11.81	0.653126
-11.82	0.653118
-11.83	0.65311
-11.84	0.653103
-11.85	0.653095
-11.86	0.653088
-11.87	0.65308
-11.88	0.653072
-11.89	0.653065
-11.9	0.653057
-11.91	0.65305
-11.92	0.653042
-11.93	0.653035
-11.94	0.653027
-11.95	0.65302
-11.96	0.653012
-11.97	0.653005
-11.98	0.652997
-11.99	0.65299
-12	0.652982
-12.01	0.652975
-12.02	0.652967
-12.03	0.65296
-12.04	0.652953
-12.05	0.652945
-12.06	0.652938
-12.07	0.652931
-12.08	0.652923
-12.09	0.652916
-12.1	0.652909
-12.11	0.652901
-12.12	0.652894
-12.13	0.652887
-12.14	0.652879
-12.15	0.652872
-12.16	0.652865
-12.17	0.652858
-12.18	0.652851
-12.19	0.652843
-12.2	0.652836
-12.21	0.652829
-12.22	0.652822
-12.23	0.652815
-12.24	0.652807
-12.25	0.6528
-12.26	0.652793
-12.27	0.652786
-12.28	0.652779
-12.29	0.652772
-12.3	0.652765
-12.31	0.652758
-12.32	0.652751
-12.33	0.652744
-12.34	0.652737
-12.35	0.65273
-12.36	0.652723
-12.37	0.652716
-12.38	0.652709
-12.39	0.652702
-12.4	0.652695
-12.41	0.652688
-12.42	0.652681
-12.43	0.652674
-12.44	0.652667
-12.45	0.65266
-12.46	0.652653
-12.47	0.652646
-12.48	0.652639
-12.49	0.652633
-12.5	0.652626
-12.51	0.652619
-12.52	0.652612
-12.53	0.652605
-12.54	0.652599
-12.55	0.652592
-12.56	0.652585
-12.57	0.652578
-12.58	0.652571
-12.59	0.652565
-12.6	0.652558
-12.61	0.652551
-12.62	0.652544
-12.63	0.652538
-12.64	0.652531
-12.65	0.652524
-12.66	0.652518
-12.67	0.652511
-12.68	0.652504
-12.69	0.652498
-12.7	0.652491
-12.71	0.652484
-12.72	0.652478
-12.73	0.652471
-12.74	0.652465
-12.75	0.652458
-12.76	0.652452
-12.77	0.652445
-12.78	0.652438
-12.79	0.652432
-12.8	0.652425
-12.81	0.652419
-12.82	0.652412
-12.83	0.652406
-12.84	0.652399
-12.85	0.652393
-12.86	0.652386
-12.87	0.65238
-12.88	0.652374
-12.89	0.652367
-12.9	0.652361
-12.91	0.652354
-12.92	0.652348
-12.93	0.652341
-12.94	0.652335
-12.95	0.652329
-12.96	0.652322
-12.97	0.652316
-12.98	0.65231
-12.99	0.652303
-13	0.652297
-13.01	0.652291
-13.02	0.652284
-13.03	0.652278
-13.04	0.652272
-13.05	0.652265
-13.06	0.652259
-13.07	0.652253
-13.08	0.652247
-13.09	0.652241
-13.1	0.652234
-13.11	0.652228
-13.12	0.652222
-13.13	0.652216
-13.14	0.652209
-13.15	0.652203
-13.16	0.652197
-13.17	0.652191
-13.18	0.652185
-13.19	0.652179
-13.2	0.652173
-13.21	0.652166
-13.22	0.65216
-13.23	0.652154
-13.24	0.652148
-13.25	0.652142
-13.26	0.652136
-13.27	0.65213
-13.28	0.652124
-13.29	0.652118
-13.3	0.652112
-13.31	0.652106
-13.32	0.6521
-13.33	0.652094
-13.34	0.652088
-13.35	0.652082
-13.36	0.652076
-13.37	0.65207
-13.38	0.652064
-13.39	0.652058
-13.4	0.652052
-13.41	0.652046
-13.42	0.65204
-13.43	0.652034
-13.44	0.652028
-13.45	0.652022
-13.46	0.652016
-13.47	0.65201
-13.48	0.652005
-13.49	0.651999
-13.5	0.651993
-13.51	0.651987
-13.52	0.651981
-13.53	0.651975
-13.54	0.651969
-13.55	0.651964
-13.56	0.651958
-13.57	0.651952
-13.58	0.651946
-13.59	0.65194
-13.6	0.651935
-13.61	0.651929
-13.62	0.651923
-13.63	0.651917
-13.64	0.651912
-13.65	0.651906
-13.66	0.6519
-13.67	0.651895
-13.68	0.651889
-13.69	0.651883
-13.7	0.651877
-13.71	0.651872
-13.72	0.651866
-13.73	0.65186
-13.74	0.651855
-13.75	0.651849
-13.76	0.651843
-13.77	0.651838
-13.78	0.651832
-13.79	0.651827
-13.8	0.651821
-13.81	0.651815
-13.82	0.65181
-13.83	0.651804
-13.84	0.651799
-13.85	0.651793
-13.86	0.651788
-13.87	0.651782
-13.88	0.651776
-13.89	0.651771
-13.9	0.651765
-13.91	0.65176
-13.92	0.651754
-13.93	0.651749
-13.94	0.651743
-13.95	0.651738
-13.96	0.651732
-13.97	0.651727
-13.98	0.651721
-13.99	0.651716
-14	0.651711
-14.01	0.651705
-14.02	0.6517
-14.03	0.651694
-14.04	0.651689
-14.05	0.651683
-14.06	0.651678
-14.07	0.651673
-14.08	0.651667
-14.09	0.651662
-14.1	0.651657
-14.11	0.651651
-14.12	0.651646
-14.13	0.651641
-14.14	0.651635
-14.15	0.65163
-14.16	0.651625
-14.17	0.651619
-14.18	0.651614
-14.19	0.651609
-14.2	0.651603
-14.21	0.651598
-14.22	0.651593
-14.23	0.651587
-14.24	0.651582
-14.25	0.651577
-14.26	0.651572
-14.27	0.651567
-14.28	0.651561
-14.29	0.651556
-14.3	0.651551
-14.31	0.651546
-14.32	0.65154
-14.33	0.651535
-14.34	0.65153
-14.35	0.651525
-14.36	0.65152
-14.37	0.651515
-14.38	0.651509
-14.39	0.651504
-14.4	0.651499
-14.41	0.651494
-14.42	0.651489
-14.43	0.651484
-14.44	0.651479
-14.45	0.651473
-14.46	0.651468
-14.47	0.651463
-14.48	0.651458
-14.49	0.651453
-14.5	0.651448
-14.51	0.651443
-14.52	0.651438
-14.53	0.651433
-14.54	0.651428
-14.55	0.651423
-14.56	0.651418
-14.57	0.651413
-14.58	0.651408
-14.59	0.651403
-14.6	0.651398
-14.61	0.651393
-14.62	0.651388
-14.63	0.651383
-14.64	0.651378
-14.65	0.651373
-14.66	0.651368
-14.67	0.651363
-14.68	0.651358
-14.69	0.651353
-14.7	0.651348
-14.71	0.651343
-14.72	0.651338
-14.73	0.651333
-14.74	0.651328
-14.75	0.651323
-14.76	0.651319
-14.77	0.651314
-14.78	0.651309
-14.79	0.651304
-14.8	0.651299
-14.81	0.651294
-14.82	0.651289
-14.83	0.651285
-14.84	0.65128
-14.85	0.651275
-14.86	0.65127
-14.87	0.651265
-14.88	0.65126
-14.89	0.651256
-14.9	0.651251
-14.91	0.651246
-14.92	0.651241
-14.93	0.651236
-14.94	0.651232
-14.95	0.651227
-14.96	0.651222
-14.97	0.651217
-14.98	0.651213
-14.99	0.651208
-15	0.651203
-15.01	0.651198
-15.02	0.651194
-15.03	0.651189
-15.04	0.651184
-15.05	0.65118
-15.06	0.651175
-15.07	0.65117
-15.08	0.651165
-15.09	0.651161
-15.1	0.651156
-15.11	0.651151
-15.12	0.651147
-15.13	0.651142
-15.14	0.651137
-15.15	0.651133
-15.16	0.651128
-15.17	0.651124
-15.18	0.651119
-15.19	0.651114
-15.2	0.65111
-15.21	0.651105
-15.22	0.651101
-15.23	0.651096
-15.24	0.651091
-15.25	0.651087
-15.26	0.651082
-15.27	0.651078
-15.28	0.651073
-15.29	0.651069
-15.3	0.651064
-15.31	0.651059
-15.32	0.651055
-15.33	0.65105
-15.34	0.651046
-15.35	0.651041
-15.36	0.651037
-15.37	0.651032
-15.38	0.651028
-15.39	0.651023
-15.4	0.651019
-15.41	0.651014
-15.42	0.65101
-15.43	0.651005
-15.44	0.651001
-15.45	0.650996
-15.46	0.650992
-15.47	0.650988
-15.48	0.650983
-15.49	0.650979
-15.5	0.650974
-15.51	0.65097
-15.52	0.650965
-15.53	0.650961
-15.54	0.650957
-15.55	0.650952
-15.56	0.650948
-15.57	0.650943
-15.58	0.650939
-15.59	0.650935
-15.6	0.65093
-15.61	0.650926
-15.62	0.650921
-15.63	0.650917
-15.64	0.650913
-15.65	0.650908
-15.66	0.650904
-15.67	0.6509
-15.68	0.650895
-15.69	0.650891
-15.7	0.650887
-15.71	0.650882
-15.72	0.650878
-15.73	0.650874
-15.74	0.650869
-15.75	0.650865
-15.76	0.650861
-15.77	0.650857
-15.78	0.650852
-15.79	0.650848
-15.8	0.650844
-15.81	0.65084
-15.82	0.650835
-15.83	0.650831
-15.84	0.650827
-15.85	0.650823
-15.86	0.650818
-15.87	0.650814
-15.88	0.65081
-15.89	0.650806
-15.9	0.650801
-15.91	0.650797
-15.92	0.650793
-15.93	0.650789
-15.94	0.650785
-15.95	0.65078
-15.96	0.650776
-15.97	0.650772
-15.98	0.650768
-15.99	0.650764
-16	0.65076
-16.01	0.650756
-16.02	0.650751
-16.03	0.650747
-16.04	0.650743
-16.05	0.650739
-16.06	0.650735
-16.07	0.650731
-16.08	0.650727
-16.09	0.650723
-16.1	0.650718
-16.11	0.650714
-16.12	0.65071
-16.13	0.650706
-16.14	0.650702
-16.15	0.650698
-16.16	0.650694
-16.17	0.65069
-16.18	0.650686
-16.19	0.650682
-16.2	0.650678
-16.21	0.650674
-16.22	0.65067
-16.23	0.650665
-16.24	0.650661
-16.25	0.650657
-16.26	0.650653
-16.27	0.650649
-16.28	0.650645
-16.29	0.650641
-16.3	0.650637
-16.31	0.650633
-16.32	0.650629
-16.33	0.650625
-16.34	0.650621
-16.35	0.650617
-16.36	0.650613
-16.37	0.650609
-16.38	0.650605
-16.39	0.650602
-16.4	0.650598
-16.41	0.650594
-16.42	0.65059
-16.43	0.650586
-16.44	0.650582
-16.45	0.650578
-16.46	0.650574
-16.47	0.65057
-16.48	0.650566
-16.49	0.650562
-16.5	0.650558
-16.51	0.650554
-16.52	0.65055
-16.53	0.650547
-16.54	0.650543
-16.55	0.650539
-16.56	0.650535
-16.57	0.650531
-16.58	0.650527
-16.59	0.650523
-16.6	0.650519
-16.61	0.650516
-16.62	0.650512
-16.63	0.650508
-16.64	0.650504
-16.65	0.6505
-16.66	0.650496
-16.67	0.650493
-16.68	0.650489
-16.69	0.650485
-16.7	0.650481
-16.71	0.650477
-16.72	0.650474
-16.73	0.65047
-16.74	0.650466
-16.75	0.650462
-16.76	0.650458
-16.77	0.650455
-16.78	0.650451
-16.79	0.650447
-16.8	0.650443
-16.81	0.65044
-16.82	0.650436
-16.83	0.650432
-16.84	0.650428
-16.85	0.650424
-16.86	0.650421
-16.87	0.650417
-16.88	0.650413
-16.89	0.65041
-16.9	0.650406
-16.91	0.650402
-16.92	0.650398
-16.93	0.650395
-16.94	0.650391
-16.95	0.650387
-16.96	0.650384
-16.97	0.65038
-16.98	0.650376
-16.99	0.650373
-17	0.650369
-17.01	0.650365
-17.02	0.650361
-17.03	0.650358
-17.04	0.650354
-17.05	0.650351
-17.06	0.650347
-17.07	0.650343
-17.08	0.65034
-17.09	0.650336
-17.1	0.650332
-17.11	0.650329
-17.12	0.650325
-17.13	0.650321
-17.14	0.650318
-17.15	0.650314
-17.16	0.650311
-17.17	0.650307
-17.18	0.650303
-17.19	0.6503
-17.2	0.650296
-17.21	0.650293
-17.22	0.650289
-17.23	0.650285
-17.24	0.650282
-17.25	0.650278
-17.26	0.650275
-17.27	0.650271
-17.28	0.650268
-17.29	0.650264
-17.3	0.65026
-17.31	0.650257
-17.32	0.650253
-17.33	0.65025
-17.34	0.650246
-17.35	0.650243
-17.36	0.650239
-17.37	0.650236
-17.38	0.650232
-17.39	0.650229
-17.4	0.650225
-17.41	0.650222
-17.42	0.650218
-17.43	0.650215
-17.44	0.650211
-17.45	0.650208
-17.46	0.650204
-17.47	0.650201
-17.48	0.650197
-17.49	0.650194
-17.5	0.65019
-17.51	0.650187
-17.52	0.650183
-17.53	0.65018
-17.54	0.650176
-17.55	0.650173
-17.56	0.65017
-17.57	0.650166
-17.58	0.650163
-17.59	0.650159
-17.6	0.650156
-17.61	0.650152
-17.62	0.650149
-17.63	0.650146
-17.64	0.650142
-17.65	0.650139
-17.66	0.650135
-17.67	0.650132
-17.68	0.650129
-17.69	0.650125
-17.7	0.650122
-17.71	0.650118
-17.72	0.650115
-17.73	0.650112
-17.74	0.650108
-17.75	0.650105
-17.76	0.650101
-17.77	0.650098
-17.78	0.650095
-17.79	0.650091
-17.8	0.650088
-17.81	0.650085
-17.82	0.650081
-17.83	0.650078
-17.84	0.650075
-17.85	0.650071
-17.86	0.650068
-17.87	0.650065
-17.88	0.650061
-17.89	0.650058
-17.9	0.650055
-17.91	0.650051
-17.92	0.650048
-17.93	0.650045
-17.94	0.650041
-17.95	0.650038
-17.96	0.650035
-17.97	0.650032
-17.98	0.650028
-17.99	0.650025
-18	0.650022
-18.01	0.650019
-18.02	0.650015
-18.03	0.650012
-18.04	0.650009
-18.05	0.650005
-18.06	0.650002
-18.07	0.649999
-18.08	0.649996
-18.09	0.649992
-18.1	0.649989
-18.11	0.649986
-18.12	0.649983
-18.13	0.649979
-18.14	0.649976
-18.15	0.649973
-18.16	0.64997
-18.17	0.649967
-18.18	0.649963
-18.19	0.64996
-18.2	0.649957
-18.21	0.649954
-18.22	0.649951
-18.23	0.649947
-18.24	0.649944
-18.25	0.649941
-18.26	0.649938
-18.27	0.649935
-18.28	0.649931
-18.29	0.649928
-18.3	0.649925
-18.31	0.649922
-18.32	0.649919
-18.33	0.649916
-18.34	0.649912
-18.35	0.649909
-18.36	0.649906
-18.37	0.649903
-18.38	0.6499
-18.39	0.649897
-18.4	0.649894
-18.41	0.64989
-18.42	0.649887
-18.43	0.649884
-18.44	0.649881
-18.45	0.649878
-18.46	0.649875
-18.47	0.649872
-18.48	0.649869
-18.49	0.649866
-18.5	0.649862
-18.51	0.649859
-18.52	0.649856
-18.53	0.649853
-18.54	0.64985
-18.55	0.649847
-18.56	0.649844
-18.57	0.649841
-18.58	0.649838
-18.59	0.649835
-18.6	0.649832
-18.61	0.649828
-18.62	0.649825
-18.63	0.649822
-18.64	0.649819
-18.65	0.649816
-18.66	0.649813
-18.67	0.64981
-18.68	0.649807
-18.69	0.649804
-18.7	0.649801
-18.71	0.649798
-18.72	0.649795
-18.73	0.649792
-18.74	0.649789
-18.75	0.649786
-18.76	0.649783
-18.77	0.64978
-18.78	0.649777
-18.79	0.649774
-18.8	0.649771
-18.81	0.649768
-18.82	0.649765
-18.83	0.649762
-18.84	0.649759
-18.85	0.649756
-18.86	0.649753
-18.87	0.64975
-18.88	0.649747
-18.89	0.649744
-18.9	0.649741
-18.91	0.649738
-18.92	0.649735
-18.93	0.649732
-18.94	0.649729
-18.95	0.649726
-18.96	0.649723
-18.97	0.64972
-18.98	0.649717
-18.99	0.649714
-19	0.649711
-19.01	0.649709
-19.02	0.649706
-19.03	0.649703
-19.04	0.6497
-19.05	0.649697
-19.06	0.649694
-19.07	0.649691
-19.08	0.649688
-19.09	0.649685
-19.1	0.649682
-19.11	0.649679
-19.12	0.649676
-19.13	0.649674
-19.14	0.649671
-19.15	0.649668
-19.16	0.649665
-19.17	0.649662
-19.18	0.649659
-19.19	0.649656
-19.2	0.649653
-19.21	0.64965
-19.22	0.649648
-19.23	0.649645
-19.24	0.649642
-19.25	0.649639
-19.26	0.649636
-19.27	0.649633
-19.28	0.64963
-19.29	0.649628
-19.3	0.649625
-19.31	0.649622
-19.32	0.649619
-19.33	0.649616
-19.34	0.649613
-19.35	0.649611
-19.36	0.649608
-19.37	0.649605
-19.38	0.649602
-19.39	0.649599
-19.4	0.649596
-19.41	0.649594
-19.42	0.649591
-19.43	0.649588
-19.44	0.649585
-19.45	0.649582
-19.46	0.64958
-19.47	0.649577
-19.48	0.649574
-19.49	0.649571
-19.5	0.649568
-19.51	0.649566
-19.52	0.649563
-19.53	0.64956
-19.54	0.649557
-19.55	0.649554
-19.56	0.649552
-19.57	0.649549
-19.58	0.649546
-19.59	0.649543
-19.6	0.649541
-19.61	0.649538
-19.62	0.649535
-19.63	0.649532
-19.64	0.64953
-19.65	0.649527
-19.66	0.649524
-19.67	0.649521
-19.68	0.649519
-19.69	0.649516
-19.7	0.649513
-19.71	0.64951
-19.72	0.649508
-19.73	0.649505
-19.74	0.649502
-19.75	0.6495
-19.76	0.649497
-19.77	0.649494
-19.78	0.649491
-19.79	0.649489
-19.8	0.649486
-19.81	0.649483
-19.82	0.649481
-19.83	0.649478
-19.84	0.649475
-19.85	0.649473
-19.86	0.64947
-19.87	0.649467
-19.88	0.649464
-19.89	0.649462
-19.9	0.649459
-19.91	0.649456
-19.92	0.649454
-19.93	0.649451
-19.94	0.649448
-19.95	0.649446
-19.96	0.649443
-19.97	0.64944
-19.98	0.649438
-19.99	0.649435
-20	0.649432
-20.01	0.64943
-20.02	0.649427
-20.03	0.649425
-20.04	0.649422
-20.05	0.649419
-20.06	0.649417
-20.07	0.649414
-20.08	0.649411
-20.09	0.649409
-20.1	0.649406
-20.11	0.649404
-20.12	0.649401
-20.13	0.649398
-20.14	0.649396
-20.15	0.649393
-20.16	0.64939
-20.17	0.649388
-20.18	0.649385
-20.19	0.649383
-20.2	0.64938
-20.21	0.649377
-20.22	0.649375
-20.23	0.649372
-20.24	0.64937
-20.25	0.649367
-20.26	0.649364
-20.27	0.649362
-20.28	0.649359
-20.29	0.649357
-20.3	0.649354
-20.31	0.649352
-20.32	0.649349
-20.33	0.649346
-20.34	0.649344
-20.35	0.649341
-20.36	0.649339
-20.37	0.649336
-20.38	0.649334
-20.39	0.649331
-20.4	0.649329
-20.41	0.649326
-20.42	0.649324
-20.43	0.649321
-20.44	0.649318
-20.45	0.649316
-20.46	0.649313
-20.47	0.649311
-20.48	0.649308
-20.49	0.649306
-20.5	0.649303
-20.51	0.649301
-20.52	0.649298
-20.53	0.649296
-20.54	0.649293
-20.55	0.649291
-20.56	0.649288
-20.57	0.649286
-20.58	0.649283
-20.59	0.649281
-20.6	0.649278
-20.61	0.649276
-20.62	0.649273
-20.63	0.649271
-20.64	0.649268
-20.65	0.649266
-20.66	0.649263
-20.67	0.649261
-20.68	0.649258
-20.69	0.649256
-20.7	0.649253
-20.71	0.649251
-20.72	0.649248
-20.73	0.649246
-20.74	0.649243
-20.75	0.649241
-20.76	0.649239
-20.77	0.649236
-20.78	0.649234
-20.79	0.649231
-20.8	0.649229
-20.81	0.649226
-20.82	0.649224
-20.83	0.649221
-20.84	0.649219
-20.85	0.649217
-20.86	0.649214
-20.87	0.649212
-20.88	0.649209
-20.89	0.649207
-20.9	0.649204
-20.91	0.649202
-20.92	0.6492
-20.93	0.649197
-20.94	0.649195
-20.95	0.649192
-20.96	0.64919
-20.97	0.649187
-20.98	0.649185
-20.99	0.649183
-21	0.64918
-21.01	0.649178
-21.02	0.649175
-21.03	0.649173
-21.04	0.649171
-21.05	0.649168
-21.06	0.649166
-21.07	0.649163
-21.08	0.649161
-21.09	0.649159
-21.1	0.649156
-21.11	0.649154
-21.12	0.649152
-21.13	0.649149
-21.14	0.649147
-21.15	0.649144
-21.16	0.649142
-21.17	0.64914
-21.18	0.649137
-21.19	0.649135
-21.2	0.649133
-21.21	0.64913
-21.22	0.649128
-21.23	0.649126
-21.24	0.649123
-21.25	0.649121
-21.26	0.649119
-21.27	0.649116
-21.28	0.649114
-21.29	0.649112
-21.3	0.649109
-21.31	0.649107
-21.32	0.649105
-21.33	0.649102
-21.34	0.6491
-21.35	0.649098
-21.36	0.649095
-21.37	0.649093
-21.38	0.649091
-21.39	0.649088
-21.4	0.649086
-21.41	0.649084
-21.42	0.649081
-21.43	0.649079
-21.44	0.649077
-21.45	0.649074
-21.46	0.649072
-21.47	0.64907
-21.48	0.649068
-21.49	0.649065
-21.5	0.649063
-21.51	0.649061
-21.52	0.649058
-21.53	0.649056
-21.54	0.649054
-21.55	0.649052
-21.56	0.649049
-21.57	0.649047
-21.58	0.649045
-21.59	0.649042
-21.6	0.64904
-21.61	0.649038
-21.62	0.649036
-21.63	0.649033
-21.64	0.649031
-21.65	0.649029
-21.66	0.649027
-21.67	0.649024
-21.68	0.649022
-21.69	0.64902
-21.7	0.649018
-21.71	0.649015
-21.72	0.649013
-21.73	0.649011
-21.74	0.649009
-21.75	0.649006
-21.76	0.649004
-21.77	0.649002
-21.78	0.649
-21.79	0.648997
-21.8	0.648995
-21.81	0.648993
-21.82	0.648991
-21.83	0.648989
-21.84	0.648986
-21.85	0.648984
-21.86	0.648982
-21.87	0.64898
-21.88	0.648977
-21.89	0.648975
-21.9	0.648973
-21.91	0.648971
-21.92	0.648969
-21.93	0.648966
-21.94	0.648964
-21.95	0.648962
-21.96	0.64896
-21.97	0.648958
-21.98	0.648955
-21.99	0.648953
-22	0.648951
-22.01	0.648949
-22.02	0.648947
-22.03	0.648944
-22.04	0.648942
-22.05	0.64894
-22.06	0.648938
-22.07	0.648936
-22.08	0.648934
-22.09	0.648931
-22.1	0.648929
-22.11	0.648927
-22.12	0.648925
-22.13	0.648923
-22.14	0.648921
-22.15	0.648918
-22.16	0.648916
-22.17	0.648914
-22.18	0.648912
-22.19	0.64891
-22.2	0.648908
-22.21	0.648906
-22.22	0.648903
-22.23	0.648901
-22.24	0.648899
-22.25	0.648897
-22.26	0.648895
-22.27	0.648893
-22.28	0.648891
-22.29	0.648888
-22.3	0.648886
-22.31	0.648884
-22.32	0.648882
-22.33	0.64888
-22.34	0.648878
-22.35	0.648876
-22.36	0.648874
-22.37	0.648871
-22.38	0.648869
-22.39	0.648867
-22.4	0.648865
-22.41	0.648863
-22.42	0.648861
-22.43	0.648859
-22.44	0.648857
-22.45	0.648855
-22.46	0.648853
-22.47	0.64885
-22.48	0.648848
-22.49	0.648846
-22.5	0.648844
-22.51	0.648842
-22.52	0.64884
-22.53	0.648838
-22.54	0.648836
-22.55	0.648834
-22.56	0.648832
-22.57	0.64883
-22.58	0.648827
-22.59	0.648825
-22.6	0.648823
-22.61	0.648821
-22.62	0.648819
-22.63	0.648817
-22.64	0.648815
-22.65	0.648813
-22.66	0.648811
-22.67	0.648809
-22.68	0.648807
-22.69	0.648805
-22.7	0.648803
-22.71	0.648801
-22.72	0.648799
-22.73	0.648797
-22.74	0.648795
-22.75	0.648793
-22.76	0.64879
-22.77	0.648788
-22.78	0.648786
-22.79	0.648784
-22.8	0.648782
-22.81	0.64878
-22.82	0.648778
-22.83	0.648776
-22.84	0.648774
-22.85	0.648772
-22.86	0.64877
-22.87	0.648768
-22.88	0.648766
-22.89	0.648764
-22.9	0.648762
-22.91	0.64876
-22.92	0.648758
-22.93	0.648756
-22.94	0.648754
-22.95	0.648752
-22.96	0.64875
-22.97	0.648748
-22.98	0.648746
-22.99	0.648744
-23	0.648742
-23.01	0.64874
-23.02	0.648738
-23.03	0.648736
-23.04	0.648734
-23.05	0.648732
-23.06	0.64873
-23.07	0.648728
-23.08	0.648726
-23.09	0.648724
-23.1	0.648722
-23.11	0.64872
-23.12	0.648718
-23.13	0.648716
-23.14	0.648714
-23.15	0.648712
-23.16	0.64871
-23.17	0.648708
-23.18	0.648706
-23.19	0.648704
-23.2	0.648702
-23.21	0.6487
-23.22	0.648698
-23.23	0.648696
-23.24	0.648694
-23.25	0.648692
-23.26	0.648691
-23.27	0.648689
-23.28	0.648687
-23.29	0.648685
-23.3	0.648683
-23.31	0.648681
-23.32	0.648679
-23.33	0.648677
-23.34	0.648675
-23.35	0.648673
-23.36	0.648671
-23.37	0.648669
-23.38	0.648667
-23.39	0.648665
-23.4	0.648663
-23.41	0.648661
-23.42	0.648659
-23.43	0.648658
-23.44	0.648656
-23.45	0.648654
-23.46	0.648652
-23.47	0.64865
-23.48	0.648648
-23.49	0.648646
-23.5	0.648644
-23.51	0.648642
-23.52	0.64864
-23.53	0.648638
-23.54	0.648636
-23.55	0.648635
-23.56	0.648633
-23.57	0.648631
-23.58	0.648629
-23.59	0.648627
-23.6	0.648625
-23.61	0.648623
-23.62	0.648621
-23.63	0.648619
-23.64	0.648617
-23.65	0.648616
-23.66	0.648614
-23.67	0.648612
-23.68	0.64861
-23.69	0.648608
-23.7	0.648606
-23.71	0.648604
-23.72	0.648602
-23.73	0.6486
-23.74	0.648599
-23.75	0.648597
-23.76	0.648595
-23.77	0.648593
-23.78	0.648591
-23.79	0.648589
-23.8	0.648587
-23.81	0.648585
-23.82	0.648584
-23.83	0.648582
-23.84	0.64858
-23.85	0.648578
-23.86	0.648576
-23.87	0.648574
-23.88	0.648573
-23.89	0.648571
-23.9	0.648569
-23.91	0.648567
-23.92	0.648565
-23.93	0.648563
-23.94	0.648561
-23.95	0.64856
-23.96	0.648558
-23.97	0.648556
-23.98	0.648554
-23.99	0.648552
-24	0.64855
-24.01	0.648548
-24.02	0.648547
-24.03	0.648545
-24.04	0.648543
-24.05	0.648541
-24.06	0.648539
-24.07	0.648538
-24.08	0.648536
-24.09	0.648534
-24.1	0.648532
-24.11	0.64853
-24.12	0.648528
-24.13	0.648527
-24.14	0.648525
-24.15	0.648523
-24.16	0.648521
-24.17	0.648519
-24.18	0.648518
-24.19	0.648516
-24.2	0.648514
-24.21	0.648512
-24.22	0.64851
-24.23	0.648509
-24.24	0.648507
-24.25	0.648505
-24.26	0.648503
-24.27	0.648501
-24.28	0.6485
-24.29	0.648498
-24.3	0.648496
-24.31	0.648494
-24.32	0.648492
-24.33	0.648491
-24.34	0.648489
-24.35	0.648487
-24.36	0.648485
-24.37	0.648483
-24.38	0.648482
-24.39	0.64848
-24.4	0.648478
-24.41	0.648476
-24.42	0.648475
-24.43	0.648473
-24.44	0.648471
-24.45	0.648469
-24.46	0.648467
-24.47	0.648466
-24.48	0.648464
-24.49	0.648462
-24.5	0.64846
-24.51	0.648459
-24.52	0.648457
-24.53	0.648455
-24.54	0.648453
-24.55	0.648452
-24.56	0.64845
-24.57	0.648448
-24.58	0.648446
-24.59	0.648445
-24.6	0.648443
-24.61	0.648441
-24.62	0.648439
-24.63	0.648438
-24.64	0.648436
-24.65	0.648434
-24.66	0.648432
-24.67	0.648431
-24.68	0.648429
-24.69	0.648427
-24.7	0.648426
-24.71	0.648424
-24.72	0.648422
-24.73	0.64842
-24.74	0.648419
-24.75	0.648417
-24.76	0.648415
-24.77	0.648413
-24.78	0.648412
-24.79	0.64841
-24.8	0.648408
-24.81	0.648407
-24.82	0.648405
-24.83	0.648403
-24.84	0.648401
-24.85	0.6484
-24.86	0.648398
-24.87	0.648396
-24.88	0.648395
-24.89	0.648393
-24.9	0.648391
-24.91	0.648389
-24.92	0.648388
-24.93	0.648386
-24.94	0.648384
-24.95	0.648383
-24.96	0.648381
-24.97	0.648379
-24.98	0.648378
-24.99	0.648376
-25	0.648374
-25.01	0.648372
-25.02	0.648371
-25.03	0.648369
-25.04	0.648367
-25.05	0.648366
-25.06	0.648364
-25.07	0.648362
-25.08	0.648361
-25.09	0.648359
-25.1	0.648357
-25.11	0.648356
-25.12	0.648354
-25.13	0.648352
-25.14	0.648351
-25.15	0.648349
-25.16	0.648347
-25.17	0.648346
-25.18	0.648344
-25.19	0.648342
-25.2	0.648341
-25.21	0.648339
-25.22	0.648337
-25.23	0.648336
-25.24	0.648334
-25.25	0.648332
-25.26	0.648331
-25.27	0.648329
-25.28	0.648327
-25.29	0.648326
-25.3	0.648324
-25.31	0.648322
-25.32	0.648321
-25.33	0.648319
-25.34	0.648317
-25.35	0.648316
-25.36	0.648314
-25.37	0.648313
-25.38	0.648311
-25.39	0.648309
-25.4	0.648308
-25.41	0.648306
-25.42	0.648304
-25.43	0.648303
-25.44	0.648301
-25.45	0.648299
-25.46	0.648298
-25.47	0.648296
-25.48	0.648295
-25.49	0.648293
-25.5	0.648291
-25.51	0.64829
-25.52	0.648288
-25.53	0.648286
-25.54	0.648285
-25.55	0.648283
-25.56	0.648282
-25.57	0.64828
-25.58	0.648278
-25.59	0.648277
-25.6	0.648275
-25.61	0.648273
-25.62	0.648272
-25.63	0.64827
-25.64	0.648269
-25.65	0.648267
-25.66	0.648265
-25.67	0.648264
-25.68	0.648262
-25.69	0.648261
-25.7	0.648259
-25.71	0.648257
-25.72	0.648256
-25.73	0.648254
-25.74	0.648253
-25.75	0.648251
-25.76	0.648249
-25.77	0.648248
-25.78	0.648246
-25.79	0.648245
-25.8	0.648243
-25.81	0.648242
-25.82	0.64824
-25.83	0.648238
-25.84	0.648237
-25.85	0.648235
-25.86	0.648234
-25.87	0.648232
-25.88	0.64823
-25.89	0.648229
-25.9	0.648227
-25.91	0.648226
-25.92	0.648224
-25.93	0.648223
-25.94	0.648221
-25.95	0.648219
-25.96	0.648218
-25.97	0.648216
-25.98	0.648215
-25.99	0.648213
-26	0.648212
-26.01	0.64821
-26.02	0.648208
-26.03	0.648207
-26.04	0.648205
-26.05	0.648204
-26.06	0.648202
-26.07	0.648201
-26.08	0.648199
-26.09	0.648198
-26.1	0.648196
-26.11	0.648194
-26.12	0.648193
-26.13	0.648191
-26.14	0.64819
-26.15	0.648188
-26.16	0.648187
-26.17	0.648185
-26.18	0.648184
-26.19	0.648182
-26.2	0.648181
-26.21	0.648179
-26.22	0.648178
-26.23	0.648176
-26.24	0.648174
-26.25	0.648173
-26.26	0.648171
-26.27	0.64817
-26.28	0.648168
-26.29	0.648167
-26.3	0.648165
-26.31	0.648164
-26.32	0.648162
-26.33	0.648161
-26.34	0.648159
-26.35	0.648158
-26.36	0.648156
-26.37	0.648155
-26.38	0.648153
-26.39	0.648152
-26.4	0.64815
-26.41	0.648149
-26.42	0.648147
-26.43	0.648145
-26.44	0.648144
-26.45	0.648143
-26.46	0.648141
-26.47	0.648139
-26.48	0.648138
-26.49	0.648136
-26.5	0.648135
-26.51	0.648133
-26.52	0.648132
-26.53	0.64813
-26.54	0.648129
-26.55	0.648127
-26.56	0.648126
-26.57	0.648124
-26.58	0.648123
-26.59	0.648121
-26.6	0.64812
-26.61	0.648118
-26.62	0.648117
-26.63	0.648116
-26.64	0.648114
-26.65	0.648113
-26.66	0.648111
-26.67	0.64811
-26.68	0.648108
-26.69	0.648107
-26.7	0.648105
-26.71	0.648104
-26.72	0.648102
-26.73	0.648101
-26.74	0.648099
-26.75	0.648098
-26.76	0.648096
-26.77	0.648095
-26.78	0.648093
-26.79	0.648092
-26.8	0.64809
-26.81	0.648089
-26.82	0.648087
-26.83	0.648086
-26.84	0.648084
-26.85	0.648083
-26.86	0.648082
-26.87	0.64808
-26.88	0.648079
-26.89	0.648077
-26.9	0.648076
-26.91	0.648074
-26.92	0.648073
-26.93	0.648071
-26.94	0.64807
-26.95	0.648068
-26.96	0.648067
-26.97	0.648066
-26.98	0.648064
-26.99	0.648063
-27	0.648061
-27.01	0.64806
-27.02	0.648058
-27.03	0.648057
-27.04	0.648055
-27.05	0.648054
-27.06	0.648053
-27.07	0.648051
-27.08	0.64805
-27.09	0.648048
-27.1	0.648047
-27.11	0.648045
-27.12	0.648044
-27.13	0.648042
-27.14	0.648041
-27.15	0.64804
-27.16	0.648038
-27.17	0.648037
-27.18	0.648035
-27.19	0.648034
-27.2	0.648032
-27.21	0.648031
-27.22	0.64803
-27.23	0.648028
-27.24	0.648027
-27.25	0.648025
-27.26	0.648024
-27.27	0.648022
-27.28	0.648021
-27.29	0.64802
-27.3	0.648018
-27.31	0.648017
-27.32	0.648015
-27.33	0.648014
-27.34	0.648013
-27.35	0.648011
-27.36	0.64801
-27.37	0.648008
-27.38	0.648007
-27.39	0.648005
-27.4	0.648004
-27.41	0.648003
-27.42	0.648001
-27.43	0.648
-27.44	0.647998
-27.45	0.647997
-27.46	0.647996
-27.47	0.647994
-27.48	0.647993
-27.49	0.647991
-27.5	0.64799
-27.51	0.647989
-27.52	0.647987
-27.53	0.647986
-27.54	0.647985
-27.55	0.647983
-27.56	0.647982
-27.57	0.64798
-27.58	0.647979
-27.59	0.647978
-27.6	0.647976
-27.61	0.647975
-27.62	0.647973
-27.63	0.647972
-27.64	0.647971
-27.65	0.647969
-27.66	0.647968
-27.67	0.647967
-27.68	0.647965
-27.69	0.647964
-27.7	0.647962
-27.71	0.647961
-27.72	0.64796
-27.73	0.647958
-27.74	0.647957
-27.75	0.647955
-27.76	0.647954
-27.77	0.647953
-27.78	0.647951
-27.79	0.64795
-27.8	0.647949
-27.81	0.647947
-27.82	0.647946
-27.83	0.647945
-27.84	0.647943
-27.85	0.647942
-27.86	0.64794
-27.87	0.647939
-27.88	0.647938
-27.89	0.647936
-27.9	0.647935
-27.91	0.647934
-27.92	0.647932
-27.93	0.647931
-27.94	0.64793
-27.95	0.647928
-27.96	0.647927
-27.97	0.647926
-27.98	0.647924
-27.99	0.647923
-28	0.647922
-28.01	0.64792
-28.02	0.647919
-28.03	0.647918
-28.04	0.647916
-28.05	0.647915
-28.06	0.647913
-28.07	0.647912
-28.08	0.647911
-28.09	0.647909
-28.1	0.647908
-28.11	0.647907
-28.12	0.647905
-28.13	0.647904
-28.14	0.647903
-28.15	0.647901
-28.16	0.6479
-28.17	0.647899
-28.18	0.647897
-28.19	0.647896
-28.2	0.647895
-28.21	0.647893
-28.22	0.647892
-28.23	0.647891
-28.24	0.647889
-28.25	0.647888
-28.26	0.647887
-28.27	0.647886
-28.28	0.647884
-28.29	0.647883
-28.3	0.647882
-28.31	0.64788
-28.32	0.647879
-28.33	0.647878
-28.34	0.647876
-28.35	0.647875
-28.36	0.647874
-28.37	0.647872
-28.38	0.647871
-28.39	0.64787
-28.4	0.647868
-28.41	0.647867
-28.42	0.647866
-28.43	0.647865
-28.44	0.647863
-28.45	0.647862
-28.46	0.647861
-28.47	0.647859
-28.48	0.647858
-28.49	0.647857
-28.5	0.647855
-28.51	0.647854
-28.52	0.647853
-28.53	0.647852
-28.54	0.64785
-28.55	0.647849
-28.56	0.647848
-28.57	0.647846
-28.58	0.647845
-28.59	0.647844
-28.6	0.647842
-28.61	0.647841
-28.62	0.64784
-28.63	0.647839
-28.64	0.647837
-28.65	0.647836
-28.66	0.647835
-28.67	0.647833
-28.68	0.647832
-28.69	0.647831
-28.7	0.64783
-28.71	0.647828
-28.72	0.647827
-28.73	0.647826
-28.74	0.647824
-28.75	0.647823
-28.76	0.647822
-28.77	0.647821
-28.78	0.647819
-28.79	0.647818
-28.8	0.647817
-28.81	0.647816
-28.82	0.647814
-28.83	0.647813
-28.84	0.647812
-28.85	0.64781
-28.86	0.647809
-28.87	0.647808
-28.88	0.647807
-28.89	0.647805
-28.9	0.647804
-28.91	0.647803
-28.92	0.647802
-28.93	0.6478
-28.94	0.647799
-28.95	0.647798
-28.96	0.647797
-28.97	0.647795
-28.98	0.647794
-28.99	0.647793
-29	0.647792
-29.01	0.64779
-29.02	0.647789
-29.03	0.647788
-29.04	0.647787
-29.05	0.647785
-29.06	0.647784
-29.07	0.647783
-29.08	0.647782
-29.09	0.64778
-29.1	0.647779
-29.11	0.647778
-29.12	0.647777
-29.13	0.647775
-29.14	0.647774
-29.15	0.647773
-29.16	0.647772
-29.17	0.64777
-29.18	0.647769
-29.19	0.647768
-29.2	0.647767
-29.21	0.647765
-29.22	0.647764
-29.23	0.647763
-29.24	0.647762
-29.25	0.64776
-29.26	0.647759
-29.27	0.647758
-29.28	0.647757
-29.29	0.647756
-29.3	0.647754
-29.31	0.647753
-29.32	0.647752
-29.33	0.647751
-29.34	0.647749
-29.35	0.647748
-29.36	0.647747
-29.37	0.647746
-29.38	0.647744
-29.39	0.647743
-29.4	0.647742
-29.41	0.647741
-29.42	0.64774
-29.43	0.647738
-29.44	0.647737
-29.45	0.647736
-29.46	0.647735
-29.47	0.647734
-29.48	0.647732
-29.49	0.647731
-29.5	0.64773
-29.51	0.647729
-29.52	0.647727
-29.53	0.647726
-29.54	0.647725
-29.55	0.647724
-29.56	0.647723
-29.57	0.647721
-29.58	0.64772
-29.59	0.647719
-29.6	0.647718
-29.61	0.647717
-29.62	0.647715
-29.63	0.647714
-29.64	0.647713
-29.65	0.647712
-29.66	0.647711
-29.67	0.647709
-29.68	0.647708
-29.69	0.647707
-29.7	0.647706
-29.71	0.647705
-29.72	0.647703
-29.73	0.647702
-29.74	0.647701
-29.75	0.6477
-29.76	0.647699
-29.77	0.647697
-29.78	0.647696
-29.79	0.647695
-29.8	0.647694
-29.81	0.647693
-29.82	0.647692
-29.83	0.64769
-29.84	0.647689
-29.85	0.647688
-29.86	0.647687
-29.87	0.647686
-29.88	0.647684
-29.89	0.647683
-29.9	0.647682
-29.91	0.647681
-29.92	0.64768
-29.93	0.647679
-29.94	0.647677
-29.95	0.647676
-29.96	0.647675
-29.97	0.647674
-29.98	0.647673
-29.99	0.647671
-30	0.64767
