x	y
30	0.547707
29.99	0.547708
29.98	0.547709
29.97	0.54771
29.96	0.547711
29.95	0.547712
29.94	0.547713
29.93	0.547714
29.92	0.547715
29.91	0.547715
29.9	0.547716
29.89	0.547717
29.88	0.547718
29.87	0.547719
29.86	0.54772
29.85	0.547721
29.84	0.547722
29.83	0.547722
29.82	0.547723
29.81	0.547724
29.8	0.547725
29.79	0.547726
29.78	0.547727
29.77	0.547728
29.76	0.547729
29.75	0.547729
29.74	0.54773
29.73	0.547731
29.72	0.547732
29.71	0.547733
29.7	0.547734
29.69	0.547735
29.68	0.547736
29.67	0.547737
29.66	0.547737
29.65	0.547738
29.64	0.547739
29.63	0.54774
29.62	0.547741
29.61	0.547742
29.6	0.547743
29.59	0.547744
29.58	0.547745
29.57	0.547745
29.56	0.547746
29.55	0.547747
29.54	0.547748
29.53	0.547749
29.52	0.54775
29.51	0.547751
29.5	0.547752
29.49	0.547753
29.48	0.547754
29.47	0.547754
29.46	0.547755
29.45	0.547756
29.44	0.547757
29.43	0.547758
29.42	0.547759
29.41	0.54776
29.4	0.547761
29.39	0.547762
29.38	0.547763
29.37	0.547764
29.36	0.547764
29.35	0.547765
29.34	0.547766
29.33	0.547767
29.32	0.547768
29.31	0.547769
29.3	0.54777
29.29	0.547771
29.28	0.547772
29.27	0.547773
29.26	0.547774
29.25	0.547774
29.24	0.547775
29.23	0.547776
29.22	0.547777
29.21	0.547778
29.2	0.547779
29.19	0.54778
29.18	0.547781
29.17	0.547782
29.16	0.547783
29.15	0.547784
29.14	0.547785
29.13	0.547786
29.12	0.547786
29.11	0.547787
29.1	0.547788
29.09	0.547789
29.08	0.54779
29.07	0.547791
29.06	0.547792
29.05	0.547793
29.04	0.547794
29.03	0.547795
29.02	0.547796
29.01	0.547797
29	0.547798
28.99	0.547799
28.98	0.547799
28.97	0.5478
28.96	0.547801
28.95	0.547802
28.94	0.547803
28.93	0.547804
28.92	0.547805
28.91	0.547806
28.9	0.547807
28.89	0.547808
28.88	0.547809
28.87	0.54781
28.86	0.547811
28.85	0.547812
28.84	0.547813
28.83	0.547813
28.82	0.547814
28.81	0.547815
28.8	0.547816
28.79	0.547817
28.78	0.547818
28.77	0.547819
28.76	0.54782
28.75	0.547821
28.74	0.547822
28.73	0.547823
28.72	0.547824
28.71	0.547825
28.7	0.547826
28.69	0.547827
28.68	0.547828
28.67	0.547829
28.66	0.54783
28.65	0.547831
28.64	0.547832
28.63	0.547832
28.62	0.547833
28.61	0.547834
28.6	0.547835
28.59	0.547836
28.58	0.547837
28.57	0.547838
28.56	0.547839
28.55	0.54784
28.54	0.547841
28.53	0.547842
28.52	0.547843
28.51	0.547844
28.5	0.547845
28.49	0.547846
28.48	0.547847
28.47	0.547848
28.46	0.547849
28.45	0.54785
28.44	0.547851
28.43	0.547852
28.42	0.547853
28.41	0.547854
28.4	0.547855
28.39	0.547856
28.38	0.547857
28.37	0.547858
28.36	0.547859
28.35	0.547859
28.34	0.547861
28.33	0.547861
28.32	0.547862
28.31	0.547863
28.3	0.547864
28.29	0.547865
28.28	0.547866
28.27	0.547867
28.26	0.547868
28.25	0.547869
28.24	0.54787
28.23	0.547871
28.22	0.547872
28.21	0.547873
28.2	0.547874
28.19	0.547875
28.18	0.547876
28.17	0.547877
28.16	0.547878
28.15	0.547879
28.14	0.54788
28.13	0.547881
28.12	0.547882
28.11	0.547883
28.1	0.547884
28.09	0.547885
28.08	0.547886
28.07	0.547887
28.06	0.547888
28.05	0.547889
28.04	0.54789
28.03	0.547891
28.02	0.547892
28.01	0.547893
28	0.547894
27.99	0.547895
27.98	0.547896
27.97	0.547897
27.96	0.547898
27.95	0.547899
27.94	0.5479
27.93	0.547901
27.92	0.547902
27.91	0.547903
27.9	0.547904
27.89	0.547905
27.88	0.547906
27.87	0.547907
27.86	0.547908
27.85	0.547909
27.84	0.54791
27.83	0.547911
27.82	0.547912
27.81	0.547913
27.8	0.547914
27.79	0.547915
27.78	0.547916
27.77	0.547917
27.76	0.547918
27.75	0.547919
27.74	0.54792
27.73	0.547921
27.72	0.547922
27.71	0.547923
27.7	0.547924
27.69	0.547925
27.68	0.547926
27.67	0.547927
27.66	0.547928
27.65	0.547929
27.64	0.547931
27.63	0.547932
27.62	0.547933
27.61	0.547934
27.6	0.547935
27.59	0.547936
27.58	0.547937
27.57	0.547938
27.56	0.547939
27.55	0.54794
27.54	0.547941
27.53	0.547942
27.52	0.547943
27.51	0.547944
27.5	0.547945
27.49	0.547946
27.48	0.547947
27.47	0.547948
27.46	0.547949
27.45	0.54795
27.44	0.547951
27.43	0.547952
27.42	0.547953
27.41	0.547954
27.4	0.547955
27.39	0.547956
27.38	0.547957
27.37	0.547958
27.36	0.54796
27.35	0.547961
27.34	0.547962
27.33	0.547963
27.32	0.547964
27.31	0.547965
27.3	0.547966
27.29	0.547967
27.28	0.547968
27.27	0.547969
27.26	0.54797
27.25	0.547971
27.24	0.547972
27.23	0.547973
27.22	0.547974
27.21	0.547975
27.2	0.547976
27.19	0.547977
27.18	0.547979
27.17	0.54798
27.16	0.547981
27.15	0.547982
27.14	0.547983
27.13	0.547984
27.12	0.547985
27.11	0.547986
27.1	0.547987
27.09	0.547988
27.08	0.547989
27.07	0.54799
27.06	0.547991
27.05	0.547992
27.04	0.547993
27.03	0.547994
27.02	0.547996
27.01	0.547997
27	0.547998
26.99	0.547999
26.98	0.548
26.97	0.548001
26.96	0.548002
26.95	0.548003
26.94	0.548004
26.93	0.548005
26.92	0.548006
26.91	0.548007
26.9	0.548009
26.89	0.54801
26.88	0.548011
26.87	0.548012
26.86	0.548013
26.85	0.548014
26.84	0.548015
26.83	0.548016
26.82	0.548017
26.81	0.548018
26.8	0.548019
26.79	0.54802
26.78	0.548022
26.77	0.548023
26.76	0.548024
26.75	0.548025
26.74	0.548026
26.73	0.548027
26.72	0.548028
26.71	0.548029
26.7	0.54803
26.69	0.548031
26.68	0.548033
26.67	0.548034
26.66	0.548035
26.65	0.548036
26.64	0.548037
26.63	0.548038
26.62	0.548039
26.61	0.54804
26.6	0.548041
26.59	0.548042
26.58	0.548044
26.57	0.548045
26.56	0.548046
26.55	0.548047
26.54	0.548048
26.53	0.548049
26.52	0.54805
26.51	0.548051
26.5	0.548052
26.49	0.548054
26.48	0.548055
26.47	0.548056
26.46	0.548057
26.45	0.548058
26.44	0.548059
26.43	0.54806
26.42	0.548061
26.41	0.548063
26.4	0.548064
26.39	0.548065
26.38	0.548066
26.37	0.548067
26.36	0.548068
26.35	0.548069
26.34	0.54807
26.33	0.548072
26.32	0.548073
26.31	0.548074
26.3	0.548075
26.29	0.548076
26.28	0.548077
26.27	0.548078
26.26	0.54808
26.25	0.548081
26.24	0.548082
26.23	0.548083
26.22	0.548084
26.21	0.548085
26.2	0.548086
26.19	0.548088
26.18	0.548089
26.17	0.54809
26.16	0.548091
26.15	0.548092
26.14	0.548093
26.13	0.548094
26.12	0.548096
26.11	0.548097
26.1	0.548098
26.09	0.548099
26.08	0.5481
26.07	0.548101
26.06	0.548102
26.05	0.548104
26.04	0.548105
26.03	0.548106
26.02	0.548107
26.01	0.548108
26	0.548109
25.99	0.548111
25.98	0.548112
25.97	0.548113
25.96	0.548114
25.95	0.548115
25.94	0.548116
25.93	0.548118
25.92	0.548119
25.91	0.54812
25.9	0.548121
25.89	0.548122
25.88	0.548123
25.87	0.548125
25.86	0.548126
25.85	0.548127
25.84	0.548128
25.83	0.548129
25.82	0.54813
25.81	0.548132
25.8	0.548133
25.79	0.548134
25.78	0.548135
25.77	0.548136
25.76	0.548138
25.75	0.548139
25.74	0.54814
25.73	0.548141
25.72	0.548142
25.71	0.548143
25.7	0.548145
25.69	0.548146
25.68	0.548147
25.67	0.548148
25.66	0.548149
25.65	0.548151
25.64	0.548152
25.63	0.548153
25.62	0.548154
25.61	0.548155
25.6	0.548157
25.59	0.548158
25.58	0.548159
25.57	0.54816
25.56	0.548161
25.55	0.548163
25.54	0.548164
25.53	0.548165
25.52	0.548166
25.51	0.548167
25.5	0.548169
25.49	0.54817
25.48	0.548171
25.47	0.548172
25.46	0.548173
25.45	0.548175
25.44	0.548176
25.43	0.548177
25.42	0.548178
25.41	0.548179
25.4	0.548181
25.39	0.548182
25.38	0.548183
25.37	0.548184
25.36	0.548186
25.35	0.548187
25.34	0.548188
25.33	0.548189
25.32	0.54819
25.31	0.548192
25.3	0.548193
25.29	0.548194
25.28	0.548195
25.27	0.548197
25.26	0.548198
25.25	0.548199
25.24	0.5482
25.23	0.548202
25.22	0.548203
25.21	0.548204
25.2	0.548205
25.19	0.548206
25.18	0.548208
25.17	0.548209
25.16	0.54821
25.15	0.548211
25.14	0.548213
25.13	0.548214
25.12	0.548215
25.11	0.548216
25.1	0.548218
25.09	0.548219
25.08	0.54822
25.07	0.548221
25.06	0.548223
25.05	0.548224
25.04	0.548225
25.03	0.548226
25.02	0.548228
25.01	0.548229
25	0.54823
24.99	0.548231
24.98	0.548233
24.97	0.548234
24.96	0.548235
24.95	0.548236
24.94	0.548238
24.93	0.548239
24.92	0.54824
24.91	0.548241
24.9	0.548243
24.89	0.548244
24.88	0.548245
24.87	0.548247
24.86	0.548248
24.85	0.548249
24.84	0.54825
24.83	0.548252
24.82	0.548253
24.81	0.548254
24.8	0.548255
24.79	0.548257
24.78	0.548258
24.77	0.548259
24.76	0.548261
24.75	0.548262
24.74	0.548263
24.73	0.548264
24.72	0.548266
24.71	0.548267
24.7	0.548268
24.69	0.54827
24.68	0.548271
24.67	0.548272
24.66	0.548273
24.65	0.548275
24.64	0.548276
24.63	0.548277
24.62	0.548279
24.61	0.54828
24.6	0.548281
24.59	0.548282
24.58	0.548284
24.57	0.548285
24.56	0.548286
24.55	0.548288
24.54	0.548289
24.53	0.54829
24.52	0.548292
24.51	0.548293
24.5	0.548294
24.49	0.548295
24.48	0.548297
24.47	0.548298
24.46	0.548299
24.45	0.548301
24.44	0.548302
24.43	0.548303
24.42	0.548305
24.41	0.548306
24.4	0.548307
24.39	0.548309
24.38	0.54831
24.37	0.548311
24.36	0.548313
24.35	0.548314
24.34	0.548315
24.33	0.548317
24.32	0.548318
24.31	0.548319
24.3	0.548321
24.29	0.548322
24.28	0.548323
24.27	0.548325
24.26	0.548326
24.25	0.548327
24.24	0.548329
24.23	0.54833
24.22	0.548331
24.21	0.548333
24.2	0.548334
24.19	0.548335
24.18	0.548337
24.17	0.548338
24.16	0.548339
24.15	0.548341
24.14	0.548342
24.13	0.548343
24.12	0.548345
24.11	0.548346
24.1	0.548347
24.09	0.548349
24.08	0.54835
24.07	0.548351
24.06	0.548353
24.05	0.548354
24.04	0.548355
24.03	0.548357
24.02	0.548358
24.01	0.54836
24	0.548361
23.99	0.548362
23.98	0.548364
23.97	0.548365
23.96	0.548366
23.95	0.548368
23.94	0.548369
23.93	0.54837
23.92	0.548372
23.91	0.548373
23.9	0.548375
23.89	0.548376
23.88	0.548377
23.87	0.548379
23.86	0.54838
23.85	0.548381
23.84	0.548383
23.83	0.548384
23.82	0.548386
23.81	0.548387
23.8	0.548388
23.79	0.54839
23.78	0.548391
23.77	0.548393
23.76	0.548394
23.75	0.548395
23.74	0.548397
23.73	0.548398
23.72	0.5484
23.71	0.548401
23.7	0.548402
23.69	0.548404
23.68	0.548405
23.67	0.548406
23.66	0.548408
23.65	0.548409
23.64	0.548411
23.63	0.548412
23.62	0.548414
23.61	0.548415
23.6	0.548416
23.59	0.548418
23.58	0.548419
23.57	0.548421
23.56	0.548422
23.55	0.548423
23.54	0.548425
23.53	0.548426
23.52	0.548428
23.51	0.548429
23.5	0.54843
23.49	0.548432
23.48	0.548433
23.47	0.548435
23.46	0.548436
23.45	0.548438
23.44	0.548439
23.43	0.54844
23.42	0.548442
23.41	0.548443
23.4	0.548445
23.39	0.548446
23.38	0.548448
23.37	0.548449
23.36	0.54845
23.35	0.548452
23.34	0.548453
23.33	0.548455
23.32	0.548456
23.31	0.548458
23.3	0.548459
23.29	0.548461
23.28	0.548462
23.27	0.548463
23.26	0.548465
23.25	0.548466
23.24	0.548468
23.23	0.548469
23.22	0.548471
23.21	0.548472
23.2	0.548474
23.19	0.548475
23.18	0.548477
23.17	0.548478
23.16	0.548479
23.15	0.548481
23.14	0.548482
23.13	0.548484
23.12	0.548485
23.11	0.548487
23.1	0.548488
23.09	0.54849
23.08	0.548491
23.07	0.548493
23.06	0.548494
23.05	0.548496
23.04	0.548497
23.03	0.548499
23.02	0.5485
23.01	0.548502
23	0.548503
22.99	0.548505
22.98	0.548506
22.97	0.548508
22.96	0.548509
22.95	0.548511
22.94	0.548512
22.93	0.548514
22.92	0.548515
22.91	0.548517
22.9	0.548518
22.89	0.548519
22.88	0.548521
22.87	0.548523
22.86	0.548524
22.85	0.548526
22.84	0.548527
22.83	0.548528
22.82	0.54853
22.81	0.548532
22.8	0.548533
22.79	0.548535
22.78	0.548536
22.77	0.548538
22.76	0.548539
22.75	0.548541
22.74	0.548542
22.73	0.548544
22.72	0.548545
22.71	0.548547
22.7	0.548548
22.69	0.54855
22.68	0.548551
22.67	0.548553
22.66	0.548554
22.65	0.548556
22.64	0.548557
22.63	0.548559
22.62	0.54856
22.61	0.548562
22.6	0.548564
22.59	0.548565
22.58	0.548567
22.57	0.548568
22.56	0.54857
22.55	0.548571
22.54	0.548573
22.53	0.548574
22.52	0.548576
22.51	0.548577
22.5	0.548579
22.49	0.548581
22.48	0.548582
22.47	0.548584
22.46	0.548585
22.45	0.548587
22.44	0.548588
22.43	0.54859
22.42	0.548591
22.41	0.548593
22.4	0.548595
22.39	0.548596
22.38	0.548598
22.37	0.548599
22.36	0.548601
22.35	0.548602
22.34	0.548604
22.33	0.548606
22.32	0.548607
22.31	0.548609
22.3	0.54861
22.29	0.548612
22.28	0.548613
22.27	0.548615
22.26	0.548617
22.25	0.548618
22.24	0.54862
22.23	0.548621
22.22	0.548623
22.21	0.548625
22.2	0.548626
22.19	0.548628
22.18	0.548629
22.17	0.548631
22.16	0.548633
22.15	0.548634
22.14	0.548636
22.13	0.548637
22.12	0.548639
22.11	0.548641
22.1	0.548642
22.09	0.548644
22.08	0.548645
22.07	0.548647
22.06	0.548649
22.05	0.54865
22.04	0.548652
22.03	0.548653
22.02	0.548655
22.01	0.548657
22	0.548658
21.99	0.54866
21.98	0.548662
21.97	0.548663
21.96	0.548665
21.95	0.548666
21.94	0.548668
21.93	0.54867
21.92	0.548671
21.91	0.548673
21.9	0.548675
21.89	0.548676
21.88	0.548678
21.87	0.54868
21.86	0.548681
21.85	0.548683
21.84	0.548684
21.83	0.548686
21.82	0.548688
21.81	0.548689
21.8	0.548691
21.79	0.548693
21.78	0.548694
21.77	0.548696
21.76	0.548698
21.75	0.548699
21.74	0.548701
21.73	0.548703
21.72	0.548704
21.71	0.548706
21.7	0.548708
21.69	0.548709
21.68	0.548711
21.67	0.548713
21.66	0.548714
21.65	0.548716
21.64	0.548718
21.63	0.548719
21.62	0.548721
21.61	0.548723
21.6	0.548724
21.59	0.548726
21.58	0.548728
21.57	0.54873
21.56	0.548731
21.55	0.548733
21.54	0.548735
21.53	0.548736
21.52	0.548738
21.51	0.54874
21.5	0.548741
21.49	0.548743
21.48	0.548745
21.47	0.548746
21.46	0.548748
21.45	0.54875
21.44	0.548752
21.43	0.548753
21.42	0.548755
21.41	0.548757
21.4	0.548758
21.39	0.54876
21.38	0.548762
21.37	0.548764
21.36	0.548765
21.35	0.548767
21.34	0.548769
21.33	0.54877
21.32	0.548772
21.31	0.548774
21.3	0.548776
21.29	0.548777
21.28	0.548779
21.27	0.548781
21.26	0.548783
21.25	0.548784
21.24	0.548786
21.23	0.548788
21.22	0.54879
21.21	0.548791
21.2	0.548793
21.19	0.548795
21.18	0.548797
21.17	0.548798
21.16	0.5488
21.15	0.548802
21.14	0.548804
21.13	0.548805
21.12	0.548807
21.11	0.548809
21.1	0.548811
21.09	0.548812
21.08	0.548814
21.07	0.548816
21.06	0.548818
21.05	0.54882
21.04	0.548821
21.03	0.548823
21.02	0.548825
21.01	0.548827
21	0.548828
20.99	0.54883
20.98	0.548832
20.97	0.548834
20.96	0.548836
20.95	0.548837
20.94	0.548839
20.93	0.548841
20.92	0.548843
20.91	0.548845
20.9	0.548846
20.89	0.548848
20.88	0.54885
20.87	0.548852
20.86	0.548854
20.85	0.548855
20.84	0.548857
20.83	0.548859
20.82	0.548861
20.81	0.548863
20.8	0.548864
20.79	0.548866
20.78	0.548868
20.77	0.54887
20.76	0.548872
20.75	0.548874
20.74	0.548875
20.73	0.548877
20.72	0.548879
20.71	0.548881
20.7	0.548883
20.69	0.548885
20.68	0.548886
20.67	0.548888
20.66	0.54889
20.65	0.548892
20.64	0.548894
20.63	0.548896
20.62	0.548897
20.61	0.548899
20.6	0.548901
20.59	0.548903
20.58	0.548905
20.57	0.548907
20.56	0.548909
20.55	0.54891
20.54	0.548912
20.53	0.548914
20.52	0.548916
20.51	0.548918
20.5	0.54892
20.49	0.548922
20.48	0.548923
20.47	0.548925
20.46	0.548927
20.45	0.548929
20.44	0.548931
20.43	0.548933
20.42	0.548935
20.41	0.548937
20.4	0.548939
20.39	0.54894
20.38	0.548942
20.37	0.548944
20.36	0.548946
20.35	0.548948
20.34	0.54895
20.33	0.548952
20.32	0.548954
20.31	0.548956
20.3	0.548958
20.29	0.548959
20.28	0.548961
20.27	0.548963
20.26	0.548965
20.25	0.548967
20.24	0.548969
20.23	0.548971
20.22	0.548973
20.21	0.548975
20.2	0.548977
20.19	0.548979
20.18	0.548981
20.17	0.548983
20.16	0.548984
20.15	0.548986
20.14	0.548988
20.13	0.54899
20.12	0.548992
20.11	0.548994
20.1	0.548996
20.09	0.548998
20.08	0.549
20.07	0.549002
20.06	0.549004
20.05	0.549006
20.04	0.549008
20.03	0.54901
20.02	0.549012
20.01	0.549014
20	0.549016
19.99	0.549018
19.98	0.54902
19.97	0.549022
19.96	0.549024
19.95	0.549025
19.94	0.549027
19.93	0.549029
19.92	0.549031
19.91	0.549033
19.9	0.549035
19.89	0.549037
19.88	0.549039
19.87	0.549041
19.86	0.549043
19.85	0.549045
19.84	0.549047
19.83	0.549049
19.82	0.549051
19.81	0.549053
19.8	0.549055
19.79	0.549057
19.78	0.549059
19.77	0.549061
19.76	0.549063
19.75	0.549065
19.74	0.549067
19.73	0.549069
19.72	0.549071
19.71	0.549074
19.7	0.549076
19.69	0.549078
19.68	0.54908
19.67	0.549082
19.66	0.549084
19.65	0.549086
19.64	0.549088
19.63	0.54909
19.62	0.549092
19.61	0.549094
19.6	0.549096
19.59	0.549098
19.58	0.5491
19.57	0.549102
19.56	0.549104
19.55	0.549106
19.54	0.549108
19.53	0.54911
19.52	0.549112
19.51	0.549114
19.5	0.549116
19.49	0.549119
19.48	0.549121
19.47	0.549123
19.46	0.549125
19.45	0.549127
19.44	0.549129
19.43	0.549131
19.42	0.549133
19.41	0.549135
19.4	0.549137
19.39	0.549139
19.38	0.549141
19.37	0.549144
19.36	0.549146
19.35	0.549148
19.34	0.54915
19.33	0.549152
19.32	0.549154
19.31	0.549156
19.3	0.549158
19.29	0.54916
19.28	0.549163
19.27	0.549165
19.26	0.549167
19.25	0.549169
19.24	0.549171
19.23	0.549173
19.22	0.549175
19.21	0.549177
19.2	0.54918
19.19	0.549182
19.18	0.549184
19.17	0.549186
19.16	0.549188
19.15	0.54919
19.14	0.549192
19.13	0.549195
19.12	0.549197
19.11	0.549199
19.1	0.549201
19.09	0.549203
19.08	0.549205
19.07	0.549208
19.06	0.54921
19.05	0.549212
19.04	0.549214
19.03	0.549216
19.02	0.549218
19.01	0.549221
19	0.549223
18.99	0.549225
18.98	0.549227
18.97	0.549229
18.96	0.549231
18.95	0.549234
18.94	0.549236
18.93	0.549238
18.92	0.54924
18.91	0.549242
18.9	0.549245
18.89	0.549247
18.88	0.549249
18.87	0.549251
18.86	0.549253
18.85	0.549256
18.84	0.549258
18.83	0.54926
18.82	0.549262
18.81	0.549265
18.8	0.549267
18.79	0.549269
18.78	0.549271
18.77	0.549273
18.76	0.549276
18.75	0.549278
18.74	0.54928
18.73	0.549282
18.72	0.549285
18.71	0.549287
18.7	0.549289
18.69	0.549291
18.68	0.549294
18.67	0.549296
18.66	0.549298
18.65	0.5493
18.64	0.549303
18.63	0.549305
18.62	0.549307
18.61	0.549309
18.6	0.549312
18.59	0.549314
18.58	0.549316
18.57	0.549319
18.56	0.549321
18.55	0.549323
18.54	0.549325
18.53	0.549328
18.52	0.54933
18.51	0.549332
18.5	0.549335
18.49	0.549337
18.48	0.549339
18.47	0.549342
18.46	0.549344
18.45	0.549346
18.44	0.549349
18.43	0.549351
18.42	0.549353
18.41	0.549355
18.4	0.549358
18.39	0.54936
18.38	0.549362
18.37	0.549365
18.36	0.549367
18.35	0.549369
18.34	0.549372
18.33	0.549374
18.32	0.549376
18.31	0.549379
18.3	0.549381
18.29	0.549384
18.28	0.549386
18.27	0.549388
18.26	0.549391
18.25	0.549393
18.24	0.549395
18.23	0.549398
18.22	0.5494
18.21	0.549402
18.2	0.549405
18.19	0.549407
18.18	0.54941
18.17	0.549412
18.16	0.549414
18.15	0.549417
18.14	0.549419
18.13	0.549422
18.12	0.549424
18.11	0.549426
18.1	0.549429
18.09	0.549431
18.08	0.549434
18.07	0.549436
18.06	0.549438
18.05	0.549441
18.04	0.549443
18.03	0.549446
18.02	0.549448
18.01	0.54945
18	0.549453
17.99	0.549455
17.98	0.549458
17.97	0.54946
17.96	0.549463
17.95	0.549465
17.94	0.549468
17.93	0.54947
17.92	0.549472
17.91	0.549475
17.9	0.549477
17.89	0.54948
17.88	0.549482
17.87	0.549485
17.86	0.549487
17.85	0.54949
17.84	0.549492
17.83	0.549495
17.82	0.549497
17.81	0.5495
17.8	0.549502
17.79	0.549505
17.78	0.549507
17.77	0.54951
17.76	0.549512
17.75	0.549515
17.74	0.549517
17.73	0.54952
17.72	0.549522
17.71	0.549525
17.7	0.549527
17.69	0.54953
17.68	0.549532
17.67	0.549535
17.66	0.549537
17.65	0.54954
17.64	0.549542
17.63	0.549545
17.62	0.549547
17.61	0.54955
17.6	0.549552
17.59	0.549555
17.58	0.549557
17.57	0.54956
17.56	0.549563
17.55	0.549565
17.54	0.549568
17.53	0.54957
17.52	0.549573
17.51	0.549575
17.5	0.549578
17.49	0.549581
17.48	0.549583
17.47	0.549586
17.46	0.549588
17.45	0.549591
17.44	0.549593
17.43	0.549596
17.42	0.549599
17.41	0.549601
17.4	0.549604
17.39	0.549606
17.38	0.549609
17.37	0.549612
17.36	0.549614
17.35	0.549617
17.34	0.549619
17.33	0.549622
17.32	0.549625
17.31	0.549627
17.3	0.54963
17.29	0.549633
17.28	0.549635
17.27	0.549638
17.26	0.549641
17.25	0.549643
17.24	0.549646
17.23	0.549649
17.22	0.549651
17.21	0.549654
17.2	0.549657
17.19	0.549659
17.18	0.549662
17.17	0.549664
17.16	0.549667
17.15	0.54967
17.14	0.549673
17.13	0.549675
17.12	0.549678
17.11	0.549681
17.1	0.549683
17.09	0.549686
17.08	0.549689
17.07	0.549691
17.06	0.549694
17.05	0.549697
17.04	0.5497
17.03	0.549702
17.02	0.549705
17.01	0.549708
17	0.54971
16.99	0.549713
16.98	0.549716
16.97	0.549719
16.96	0.549721
16.95	0.549724
16.94	0.549727
16.93	0.54973
16.92	0.549732
16.91	0.549735
16.9	0.549738
16.89	0.549741
16.88	0.549743
16.87	0.549746
16.86	0.549749
16.85	0.549752
16.84	0.549755
16.83	0.549757
16.82	0.54976
16.81	0.549763
16.8	0.549766
16.79	0.549768
16.78	0.549771
16.77	0.549774
16.76	0.549777
16.75	0.54978
16.74	0.549782
16.73	0.549785
16.72	0.549788
16.71	0.549791
16.7	0.549794
16.69	0.549797
16.68	0.549799
16.67	0.549802
16.66	0.549805
16.65	0.549808
16.64	0.549811
16.63	0.549814
16.62	0.549816
16.61	0.549819
16.6	0.549822
16.59	0.549825
16.58	0.549828
16.57	0.549831
16.56	0.549834
16.55	0.549837
16.54	0.549839
16.53	0.549842
16.52	0.549845
16.51	0.549848
16.5	0.549851
16.49	0.549854
16.48	0.549857
16.47	0.54986
16.46	0.549863
16.45	0.549865
16.44	0.549868
16.43	0.549871
16.42	0.549874
16.41	0.549877
16.4	0.54988
16.39	0.549883
16.38	0.549886
16.37	0.549889
16.36	0.549892
16.35	0.549895
16.34	0.549898
16.33	0.549901
16.32	0.549904
16.31	0.549907
16.3	0.54991
16.29	0.549913
16.28	0.549916
16.27	0.549919
16.26	0.549922
16.25	0.549925
16.24	0.549928
16.23	0.549931
16.22	0.549933
16.21	0.549937
16.2	0.54994
16.19	0.549942
16.18	0.549946
16.17	0.549949
16.16	0.549952
16.15	0.549955
16.14	0.549958
16.13	0.549961
16.12	0.549964
16.11	0.549967
16.1	0.54997
16.09	0.549973
16.08	0.549976
16.07	0.549979
16.06	0.549982
16.05	0.549985
16.04	0.549988
16.03	0.549991
16.02	0.549994
16.01	0.549997
16	0.55
15.99	0.550003
15.98	0.550007
15.97	0.55001
15.96	0.550013
15.95	0.550016
15.94	0.550019
15.93	0.550022
15.92	0.550025
15.91	0.550028
15.9	0.550031
15.89	0.550035
15.88	0.550038
15.87	0.550041
15.86	0.550044
15.85	0.550047
15.84	0.55005
15.83	0.550053
15.82	0.550057
15.81	0.55006
15.8	0.550063
15.79	0.550066
15.78	0.550069
15.77	0.550072
15.76	0.550076
15.75	0.550079
15.74	0.550082
15.73	0.550085
15.72	0.550088
15.71	0.550091
15.7	0.550095
15.69	0.550098
15.68	0.550101
15.67	0.550104
15.66	0.550107
15.65	0.550111
15.64	0.550114
15.63	0.550117
15.62	0.55012
15.61	0.550124
15.6	0.550127
15.59	0.55013
15.58	0.550133
15.57	0.550137
15.56	0.55014
15.55	0.550143
15.54	0.550146
15.53	0.55015
15.52	0.550153
15.51	0.550156
15.5	0.55016
15.49	0.550163
15.48	0.550166
15.47	0.550169
15.46	0.550173
15.45	0.550176
15.44	0.550179
15.43	0.550183
15.42	0.550186
15.41	0.550189
15.4	0.550193
15.39	0.550196
15.38	0.550199
15.37	0.550203
15.36	0.550206
15.35	0.550209
15.34	0.550213
15.33	0.550216
15.32	0.550219
15.31	0.550223
15.3	0.550226
15.29	0.550229
15.28	0.550233
15.27	0.550236
15.26	0.55024
15.25	0.550243
15.24	0.550246
15.23	0.55025
15.22	0.550253
15.21	0.550257
15.2	0.55026
15.19	0.550263
15.18	0.550267
15.17	0.55027
15.16	0.550274
15.15	0.550277
15.14	0.550281
15.13	0.550284
15.12	0.550288
15.11	0.550291
15.1	0.550294
15.09	0.550298
15.08	0.550301
15.07	0.550305
15.06	0.550308
15.05	0.550312
15.04	0.550315
15.03	0.550319
15.02	0.550322
15.01	0.550326
15	0.550329
14.99	0.550333
14.98	0.550336
14.97	0.55034
14.96	0.550343
14.95	0.550347
14.94	0.55035
14.93	0.550354
14.92	0.550358
14.91	0.550361
14.9	0.550365
14.89	0.550368
14.88	0.550372
14.87	0.550375
14.86	0.550379
14.85	0.550383
14.84	0.550386
14.83	0.55039
14.82	0.550393
14.81	0.550397
14.8	0.5504
14.79	0.550404
14.78	0.550408
14.77	0.550411
14.76	0.550415
14.75	0.550419
14.74	0.550422
14.73	0.550426
14.72	0.55043
14.71	0.550433
14.7	0.550437
14.69	0.55044
14.68	0.550444
14.67	0.550448
14.66	0.550452
14.65	0.550455
14.64	0.550459
14.63	0.550463
14.62	0.550466
14.61	0.55047
14.6	0.550474
14.59	0.550477
14.58	0.550481
14.57	0.550485
14.56	0.550489
14.55	0.550492
14.54	0.550496
14.53	0.5505
14.52	0.550503
14.51	0.550507
14.5	0.550511
14.49	0.550515
14.48	0.550519
14.47	0.550522
14.46	0.550526
14.45	0.55053
14.44	0.550534
14.43	0.550537
14.42	0.550541
14.41	0.550545
14.4	0.550549
14.39	0.550553
14.38	0.550556
14.37	0.55056
14.36	0.550564
14.35	0.550568
14.34	0.550572
14.33	0.550576
14.32	0.55058
14.31	0.550583
14.3	0.550587
14.29	0.550591
14.28	0.550595
14.27	0.550599
14.26	0.550603
14.25	0.550607
14.24	0.550611
14.23	0.550614
14.22	0.550618
14.21	0.550622
14.2	0.550626
14.19	0.55063
14.18	0.550634
14.17	0.550638
14.16	0.550642
14.15	0.550646
14.14	0.55065
14.13	0.550654
14.12	0.550658
14.11	0.550662
14.1	0.550666
14.09	0.55067
14.08	0.550674
14.07	0.550678
14.06	0.550682
14.05	0.550686
14.04	0.55069
14.03	0.550694
14.02	0.550698
14.01	0.550702
14	0.550706
13.99	0.55071
13.98	0.550714
13.97	0.550718
13.96	0.550722
13.95	0.550726
13.94	0.55073
13.93	0.550734
13.92	0.550738
13.91	0.550742
13.9	0.550746
13.89	0.55075
13.88	0.550755
13.87	0.550759
13.86	0.550763
13.85	0.550767
13.84	0.550771
13.83	0.550775
13.82	0.550779
13.81	0.550783
13.8	0.550788
13.79	0.550792
13.78	0.550796
13.77	0.5508
13.76	0.550804
13.75	0.550808
13.74	0.550813
13.73	0.550817
13.72	0.550821
13.71	0.550825
13.7	0.550829
13.69	0.550834
13.68	0.550838
13.67	0.550842
13.66	0.550846
13.65	0.550851
13.64	0.550855
13.63	0.550859
13.62	0.550863
13.61	0.550868
13.6	0.550872
13.59	0.550876
13.58	0.55088
13.57	0.550885
13.56	0.550889
13.55	0.550893
13.54	0.550898
13.53	0.550902
13.52	0.550906
13.51	0.550911
13.5	0.550915
13.49	0.550919
13.48	0.550924
13.47	0.550928
13.46	0.550932
13.45	0.550937
13.44	0.550941
13.43	0.550946
13.42	0.55095
13.41	0.550954
13.4	0.550959
13.39	0.550963
13.38	0.550968
13.37	0.550972
13.36	0.550976
13.35	0.550981
13.34	0.550985
13.33	0.55099
13.32	0.550994
13.31	0.550999
13.3	0.551003
13.29	0.551008
13.28	0.551012
13.27	0.551017
13.26	0.551021
13.25	0.551026
13.24	0.55103
13.23	0.551035
13.22	0.551039
13.21	0.551044
13.2	0.551048
13.19	0.551053
13.18	0.551057
13.17	0.551062
13.16	0.551067
13.15	0.551071
13.14	0.551076
13.13	0.55108
13.12	0.551085
13.11	0.551089
13.1	0.551094
13.09	0.551099
13.08	0.551103
13.07	0.551108
13.06	0.551113
13.05	0.551117
13.04	0.551122
13.03	0.551127
13.02	0.551131
13.01	0.551136
13	0.551141
12.99	0.551145
12.98	0.55115
12.97	0.551155
12.96	0.551159
12.95	0.551164
12.94	0.551169
12.93	0.551174
12.92	0.551178
12.91	0.551183
12.9	0.551188
12.89	0.551193
12.88	0.551197
12.87	0.551202
12.86	0.551207
12.85	0.551212
12.84	0.551217
12.83	0.551221
12.82	0.551226
12.81	0.551231
12.8	0.551236
12.79	0.551241
12.78	0.551246
12.77	0.55125
12.76	0.551255
12.75	0.55126
12.74	0.551265
12.73	0.55127
12.72	0.551275
12.71	0.55128
12.7	0.551285
12.69	0.551289
12.68	0.551294
12.67	0.551299
12.66	0.551304
12.65	0.551309
12.64	0.551314
12.63	0.551319
12.62	0.551324
12.61	0.551329
12.6	0.551334
12.59	0.551339
12.58	0.551344
12.57	0.551349
12.56	0.551354
12.55	0.551359
12.54	0.551364
12.53	0.551369
12.52	0.551374
12.51	0.551379
12.5	0.551384
12.49	0.551389
12.48	0.551395
12.47	0.5514
12.46	0.551405
12.45	0.55141
12.44	0.551415
12.43	0.55142
12.42	0.551425
12.41	0.55143
12.4	0.551436
12.39	0.551441
12.38	0.551446
12.37	0.551451
12.36	0.551456
12.35	0.551461
12.34	0.551467
12.33	0.551472
12.32	0.551477
12.31	0.551482
12.3	0.551488
12.29	0.551493
12.28	0.551498
12.27	0.551503
12.26	0.551509
12.25	0.551514
12.24	0.551519
12.23	0.551524
12.22	0.55153
12.21	0.551535
12.2	0.55154
12.19	0.551546
12.18	0.551551
12.17	0.551556
12.16	0.551562
12.15	0.551567
12.14	0.551573
12.13	0.551578
12.12	0.551583
12.11	0.551589
12.1	0.551594
12.09	0.5516
12.08	0.551605
12.07	0.55161
12.06	0.551616
12.05	0.551621
12.04	0.551627
12.03	0.551632
12.02	0.551638
12.01	0.551643
12	0.551649
11.99	0.551654
11.98	0.55166
11.97	0.551665
11.96	0.551671
11.95	0.551676
11.94	0.551682
11.93	0.551688
11.92	0.551693
11.91	0.551699
11.9	0.551704
11.89	0.55171
11.88	0.551715
11.87	0.551721
11.86	0.551727
11.85	0.551732
11.84	0.551738
11.83	0.551744
11.82	0.551749
11.81	0.551755
11.8	0.551761
11.79	0.551767
11.78	0.551772
11.77	0.551778
11.76	0.551784
11.75	0.551789
11.74	0.551795
11.73	0.551801
11.72	0.551807
11.71	0.551812
11.7	0.551818
11.69	0.551824
11.68	0.55183
11.67	0.551836
11.66	0.551842
11.65	0.551847
11.64	0.551853
11.63	0.551859
11.62	0.551865
11.61	0.551871
11.6	0.551877
11.59	0.551883
11.58	0.551889
11.57	0.551894
11.56	0.5519
11.55	0.551906
11.54	0.551912
11.53	0.551918
11.52	0.551924
11.51	0.55193
11.5	0.551936
11.49	0.551942
11.48	0.551948
11.47	0.551954
11.46	0.55196
11.45	0.551966
11.44	0.551973
11.43	0.551979
11.42	0.551985
11.41	0.551991
11.4	0.551997
11.39	0.552003
11.38	0.552009
11.37	0.552015
11.36	0.552021
11.35	0.552028
11.34	0.552034
11.33	0.55204
11.32	0.552046
11.31	0.552052
11.3	0.552059
11.29	0.552065
11.28	0.552071
11.27	0.552077
11.26	0.552083
11.25	0.55209
11.24	0.552096
11.23	0.552102
11.22	0.552109
11.21	0.552115
11.2	0.552121
11.19	0.552128
11.18	0.552134
11.17	0.55214
11.16	0.552147
11.15	0.552153
11.14	0.552159
11.13	0.552166
11.12	0.552172
11.11	0.552179
11.1	0.552185
11.09	0.552192
11.08	0.552198
11.07	0.552205
11.06	0.552211
11.05	0.552218
11.04	0.552224
11.03	0.552231
11.02	0.552237
11.01	0.552244
11	0.55225
10.99	0.552257
10.98	0.552263
10.97	0.55227
10.96	0.552277
10.95	0.552283
10.94	0.55229
10.93	0.552297
10.92	0.552303
10.91	0.55231
10.9	0.552317
10.89	0.552323
10.88	0.55233
10.87	0.552337
10.86	0.552343
10.85	0.55235
10.84	0.552357
10.83	0.552364
10.82	0.552371
10.81	0.552377
10.8	0.552384
10.79	0.552391
10.78	0.552398
10.77	0.552405
10.76	0.552411
10.75	0.552418
10.74	0.552425
10.73	0.552432
10.72	0.552439
10.71	0.552446
10.7	0.552453
10.69	0.55246
10.68	0.552467
10.67	0.552474
10.66	0.552481
10.65	0.552488
10.64	0.552495
10.63	0.552502
10.62	0.552509
10.61	0.552516
10.6	0.552523
10.59	0.55253
10.58	0.552537
10.57	0.552544
10.56	0.552552
10.55	0.552559
10.54	0.552566
10.53	0.552573
10.52	0.55258
10.51	0.552587
10.5	0.552595
10.49	0.552602
10.48	0.552609
10.47	0.552616
10.46	0.552624
10.45	0.552631
10.44	0.552638
10.43	0.552645
10.42	0.552653
10.41	0.55266
10.4	0.552667
10.39	0.552675
10.38	0.552682
10.37	0.55269
10.36	0.552697
10.35	0.552704
10.34	0.552712
10.33	0.552719
10.32	0.552727
10.31	0.552734
10.3	0.552742
10.29	0.552749
10.28	0.552757
10.27	0.552764
10.26	0.552772
10.25	0.552779
10.24	0.552787
10.23	0.552795
10.22	0.552802
10.21	0.55281
10.2	0.552818
10.19	0.552825
10.18	0.552833
10.17	0.552841
10.16	0.552848
10.15	0.552856
10.14	0.552864
10.13	0.552872
10.12	0.552879
10.11	0.552887
10.1	0.552895
10.09	0.552903
10.08	0.552911
10.07	0.552918
10.06	0.552926
10.05	0.552934
10.04	0.552942
10.03	0.55295
10.02	0.552958
10.01	0.552966
10	0.552974
9.99	0.552982
9.98	0.55299
9.97	0.552998
9.96	0.553006
9.95	0.553014
9.94	0.553022
9.93	0.55303
9.92	0.553038
9.91	0.553046
9.9	0.553054
9.89	0.553062
9.88	0.553071
9.87	0.553079
9.86	0.553087
9.85	0.553095
9.84	0.553103
9.83	0.553112
9.82	0.55312
9.81	0.553128
9.8	0.553136
9.79	0.553145
9.78	0.553153
9.77	0.553161
9.76	0.55317
9.75	0.553178
9.74	0.553187
9.73	0.553195
9.72	0.553203
9.71	0.553212
9.7	0.55322
9.69	0.553229
9.68	0.553237
9.67	0.553246
9.66	0.553254
9.65	0.553263
9.64	0.553271
9.63	0.55328
9.62	0.553289
9.61	0.553297
9.6	0.553306
9.59	0.553315
9.58	0.553323
9.57	0.553332
9.56	0.553341
9.55	0.553349
9.54	0.553358
9.53	0.553367
9.52	0.553376
9.51	0.553385
9.5	0.553393
9.49	0.553402
9.48	0.553411
9.47	0.55342
9.46	0.553429
9.45	0.553438
9.44	0.553447
9.43	0.553456
9.42	0.553465
9.41	0.553474
9.4	0.553483
9.39	0.553492
9.38	0.553501
9.37	0.55351
9.36	0.553519
9.35	0.553528
9.34	0.553537
9.33	0.553546
9.32	0.553556
9.31	0.553565
9.3	0.553574
9.29	0.553583
9.28	0.553593
9.27	0.553602
9.26	0.553611
9.25	0.55362
9.24	0.55363
9.23	0.553639
9.22	0.553649
9.21	0.553658
9.2	0.553667
9.19	0.553677
9.18	0.553686
9.17	0.553696
9.16	0.553705
9.15	0.553715
9.14	0.553724
9.13	0.553734
9.12	0.553743
9.11	0.553753
9.1	0.553763
9.09	0.553772
9.08	0.553782
9.07	0.553792
9.06	0.553801
9.05	0.553811
9.04	0.553821
9.03	0.553831
9.02	0.553841
9.01	0.55385
9	0.55386
8.99	0.55387
8.98	0.55388
8.97	0.55389
8.96	0.5539
8.95	0.55391
8.94	0.55392
8.93	0.55393
8.92	0.55394
8.91	0.55395
8.9	0.55396
8.89	0.55397
8.88	0.55398
8.87	0.55399
8.86	0.554001
8.85	0.554011
8.84	0.554021
8.83	0.554031
8.82	0.554042
8.81	0.554052
8.8	0.554062
8.79	0.554072
8.78	0.554083
8.77	0.554093
8.76	0.554104
8.75	0.554114
8.74	0.554125
8.73	0.554135
8.72	0.554146
8.71	0.554156
8.7	0.554167
8.69	0.554177
8.68	0.554188
8.67	0.554198
8.66	0.554209
8.65	0.55422
8.64	0.55423
8.63	0.554241
8.62	0.554252
8.61	0.554263
8.6	0.554273
8.59	0.554284
8.58	0.554295
8.57	0.554306
8.56	0.554317
8.55	0.554328
8.54	0.554339
8.53	0.55435
8.52	0.554361
8.51	0.554372
8.5	0.554383
8.49	0.554394
8.48	0.554405
8.47	0.554416
8.46	0.554428
8.45	0.554439
8.44	0.55445
8.43	0.554461
8.42	0.554472
8.41	0.554484
8.4	0.554495
8.39	0.554506
8.38	0.554518
8.37	0.554529
8.36	0.554541
8.35	0.554552
8.34	0.554564
8.33	0.554575
8.32	0.554587
8.31	0.554598
8.3	0.55461
8.29	0.554622
8.28	0.554633
8.27	0.554645
8.26	0.554657
8.25	0.554668
8.24	0.55468
8.23	0.554692
8.22	0.554704
8.21	0.554716
8.2	0.554728
8.19	0.55474
8.18	0.554752
8.17	0.554764
8.16	0.554776
8.15	0.554788
8.14	0.5548
8.13	0.554812
8.12	0.554824
8.11	0.554836
8.1	0.554848
8.09	0.554861
8.08	0.554873
8.07	0.554885
8.06	0.554897
8.05	0.55491
8.04	0.554922
8.03	0.554935
8.02	0.554947
8.01	0.55496
8	0.554972
7.99	0.554985
7.98	0.554997
7.97	0.55501
7.96	0.555022
7.95	0.555035
7.94	0.555048
7.93	0.555061
7.92	0.555073
7.91	0.555086
7.9	0.555099
7.89	0.555112
7.88	0.555125
7.87	0.555138
7.86	0.555151
7.85	0.555164
7.84	0.555177
7.83	0.55519
7.82	0.555203
7.81	0.555216
7.8	0.555229
7.79	0.555242
7.78	0.555256
7.77	0.555269
7.76	0.555282
7.75	0.555296
7.74	0.555309
7.73	0.555322
7.72	0.555336
7.71	0.555349
7.7	0.555363
7.69	0.555376
7.68	0.55539
7.67	0.555404
7.66	0.555417
7.65	0.555431
7.64	0.555445
7.63	0.555458
7.62	0.555472
7.61	0.555486
7.6	0.5555
7.59	0.555514
7.58	0.555528
7.57	0.555542
7.56	0.555556
7.55	0.55557
7.54	0.555584
7.53	0.555598
7.52	0.555613
7.51	0.555627
7.5	0.555641
7.49	0.555655
7.48	0.55567
7.47	0.555684
7.46	0.555698
7.45	0.555713
7.44	0.555727
7.43	0.555742
7.42	0.555757
7.41	0.555771
7.4	0.555786
7.39	0.555801
7.38	0.555815
7.37	0.55583
7.36	0.555845
7.35	0.55586
7.34	0.555875
7.33	0.55589
7.32	0.555905
7.31	0.55592
7.3	0.555935
7.29	0.55595
7.28	0.555965
7.27	0.55598
7.26	0.555995
7.25	0.556011
7.24	0.556026
7.23	0.556041
7.22	0.556057
7.21	0.556072
7.2	0.556088
7.19	0.556103
7.18	0.556119
7.17	0.556135
7.16	0.55615
7.15	0.556166
7.14	0.556182
7.13	0.556198
7.12	0.556213
7.11	0.556229
7.1	0.556245
7.09	0.556261
7.08	0.556277
7.07	0.556293
7.06	0.55631
7.05	0.556326
7.04	0.556342
7.03	0.556358
7.02	0.556375
7.01	0.556391
7	0.556407
6.99	0.556424
6.98	0.55644
6.97	0.556457
6.96	0.556473
6.95	0.55649
6.94	0.556507
6.93	0.556524
6.92	0.55654
6.91	0.556557
6.9	0.556574
6.89	0.556591
6.88	0.556608
6.87	0.556625
6.86	0.556642
6.85	0.556659
6.84	0.556677
6.83	0.556694
6.82	0.556711
6.81	0.556729
6.8	0.556746
6.79	0.556763
6.78	0.556781
6.77	0.556799
6.76	0.556816
6.75	0.556834
6.74	0.556852
6.73	0.556869
6.72	0.556887
6.71	0.556905
6.7	0.556923
6.69	0.556941
6.68	0.556959
6.67	0.556977
6.66	0.556995
6.65	0.557014
6.64	0.557032
6.63	0.55705
6.62	0.557069
6.61	0.557087
6.6	0.557106
6.59	0.557124
6.58	0.557143
6.57	0.557162
6.56	0.55718
6.55	0.557199
6.54	0.557218
6.53	0.557237
6.52	0.557256
6.51	0.557275
6.5	0.557294
6.49	0.557313
6.48	0.557332
6.47	0.557352
6.46	0.557371
6.45	0.55739
6.44	0.55741
6.43	0.557429
6.42	0.557449
6.41	0.557468
6.4	0.557488
6.39	0.557508
6.38	0.557528
6.37	0.557548
6.36	0.557568
6.35	0.557588
6.34	0.557608
6.33	0.557628
6.32	0.557648
6.31	0.557668
6.3	0.557689
6.29	0.557709
6.28	0.55773
6.27	0.55775
6.26	0.557771
6.25	0.557791
6.24	0.557812
6.23	0.557833
6.22	0.557854
6.21	0.557875
6.2	0.557896
6.19	0.557917
6.18	0.557938
6.17	0.557959
6.16	0.557981
6.15	0.558002
6.14	0.558024
6.13	0.558045
6.12	0.558067
6.11	0.558088
6.1	0.55811
6.09	0.558132
6.08	0.558154
6.07	0.558176
6.06	0.558198
6.05	0.55822
6.04	0.558242
6.03	0.558264
6.02	0.558286
6.01	0.558309
6	0.558331
5.99	0.558354
5.98	0.558377
5.97	0.558399
5.96	0.558422
5.95	0.558445
5.94	0.558468
5.93	0.558491
5.92	0.558514
5.91	0.558537
5.9	0.55856
5.89	0.558584
5.88	0.558607
5.87	0.558631
5.86	0.558654
5.85	0.558678
5.84	0.558702
5.83	0.558726
5.82	0.558749
5.81	0.558774
5.8	0.558798
5.79	0.558822
5.78	0.558846
5.77	0.55887
5.76	0.558895
5.75	0.558919
5.74	0.558944
5.73	0.558969
5.72	0.558993
5.71	0.559018
5.7	0.559043
5.69	0.559068
5.68	0.559093
5.67	0.559119
5.66	0.559144
5.65	0.559169
5.64	0.559195
5.63	0.559221
5.62	0.559246
5.61	0.559272
5.6	0.559298
5.59	0.559324
5.58	0.55935
5.57	0.559376
5.56	0.559402
5.55	0.559429
5.54	0.559455
5.53	0.559482
5.52	0.559508
5.51	0.559535
5.5	0.559562
5.49	0.559589
5.48	0.559616
5.47	0.559643
5.46	0.55967
5.45	0.559698
5.44	0.559725
5.43	0.559753
5.42	0.55978
5.41	0.559808
5.4	0.559836
5.39	0.559864
5.38	0.559892
5.37	0.55992
5.36	0.559949
5.35	0.559977
5.34	0.560006
5.33	0.560034
5.32	0.560063
5.31	0.560092
5.3	0.560121
5.29	0.56015
5.28	0.560179
5.27	0.560208
5.26	0.560238
5.25	0.560267
5.24	0.560297
5.23	0.560327
5.22	0.560357
5.21	0.560387
5.2	0.560417
5.19	0.560447
5.18	0.560477
5.17	0.560508
5.16	0.560539
5.15	0.560569
5.14	0.5606
5.13	0.560631
5.12	0.560662
5.11	0.560693
5.1	0.560725
5.09	0.560756
5.08	0.560788
5.07	0.560819
5.06	0.560851
5.05	0.560883
5.04	0.560915
5.03	0.560948
5.02	0.56098
5.01	0.561013
5	0.561045
4.99	0.561078
4.98	0.561111
4.97	0.561144
4.96	0.561177
4.95	0.56121
4.94	0.561244
4.93	0.561277
4.92	0.561311
4.91	0.561345
4.9	0.561379
4.89	0.561413
4.88	0.561448
4.87	0.561482
4.86	0.561517
4.85	0.561551
4.84	0.561586
4.83	0.561621
4.82	0.561656
4.81	0.561692
4.8	0.561727
4.79	0.561763
4.78	0.561799
4.77	0.561835
4.76	0.561871
4.75	0.561907
4.74	0.561943
4.73	0.56198
4.72	0.562017
4.71	0.562054
4.7	0.562091
4.69	0.562128
4.68	0.562165
4.67	0.562203
4.66	0.562241
4.65	0.562279
4.64	0.562317
4.63	0.562355
4.62	0.562393
4.61	0.562432
4.6	0.56247
4.59	0.562509
4.58	0.562548
4.57	0.562588
4.56	0.562627
4.55	0.562667
4.54	0.562707
4.53	0.562746
4.52	0.562787
4.51	0.562827
4.5	0.562868
4.49	0.562908
4.48	0.562949
4.47	0.56299
4.46	0.563031
4.45	0.563073
4.44	0.563115
4.43	0.563156
4.42	0.563198
4.41	0.563241
4.4	0.563283
4.39	0.563326
4.38	0.563369
4.37	0.563412
4.36	0.563455
4.35	0.563498
4.34	0.563542
4.33	0.563586
4.32	0.56363
4.31	0.563674
4.3	0.563719
4.29	0.563763
4.28	0.563808
4.27	0.563853
4.26	0.563899
4.25	0.563944
4.24	0.56399
4.23	0.564036
4.22	0.564083
4.21	0.564129
4.2	0.564176
4.19	0.564223
4.18	0.56427
4.17	0.564317
4.16	0.564365
4.15	0.564413
4.14	0.564461
4.13	0.564509
4.12	0.564558
4.11	0.564607
4.1	0.564656
4.09	0.564705
4.08	0.564754
4.07	0.564804
4.06	0.564854
4.05	0.564905
4.04	0.564955
4.03	0.565006
4.02	0.565057
4.01	0.565109
4	0.56516
3.99	0.565212
3.98	0.565264
3.97	0.565317
3.96	0.56537
3.95	0.565423
3.94	0.565476
3.93	0.565529
3.92	0.565583
3.91	0.565637
3.9	0.565692
3.89	0.565747
3.88	0.565802
3.87	0.565857
3.86	0.565912
3.85	0.565968
3.84	0.566024
3.83	0.566081
3.82	0.566138
3.81	0.566195
3.8	0.566252
3.79	0.56631
3.78	0.566368
3.77	0.566426
3.76	0.566485
3.75	0.566544
3.74	0.566603
3.73	0.566663
3.72	0.566723
3.71	0.566783
3.7	0.566844
3.69	0.566905
3.68	0.566966
3.67	0.567028
3.66	0.56709
3.65	0.567153
3.64	0.567215
3.63	0.567278
3.62	0.567342
3.61	0.567406
3.6	0.56747
3.59	0.567535
3.58	0.567599
3.57	0.567665
3.56	0.56773
3.55	0.567797
3.54	0.567863
3.53	0.56793
3.52	0.567997
3.51	0.568065
3.5	0.568133
3.49	0.568201
3.48	0.56827
3.47	0.56834
3.46	0.568409
3.45	0.568479
3.44	0.56855
3.43	0.568621
3.42	0.568692
3.41	0.568764
3.4	0.568836
3.39	0.568909
3.38	0.568982
3.37	0.569056
3.36	0.56913
3.35	0.569205
3.34	0.569279
3.33	0.569355
3.32	0.569431
3.31	0.569507
3.3	0.569584
3.29	0.569662
3.28	0.569739
3.27	0.569818
3.26	0.569897
3.25	0.569976
3.24	0.570056
3.23	0.570136
3.22	0.570217
3.21	0.570299
3.2	0.570381
3.19	0.570463
3.18	0.570546
3.17	0.57063
3.16	0.570714
3.15	0.570799
3.14	0.570884
3.13	0.57097
3.12	0.571056
3.11	0.571143
3.1	0.571231
3.09	0.571319
3.08	0.571408
3.07	0.571497
3.06	0.571587
3.05	0.571678
3.04	0.571769
3.03	0.571861
3.02	0.571953
3.01	0.572046
3	0.57214
2.99	0.572234
2.98	0.572329
2.97	0.572425
2.96	0.572522
2.95	0.572619
2.94	0.572717
2.93	0.572815
2.92	0.572914
2.91	0.573014
2.9	0.573115
2.89	0.573216
2.88	0.573318
2.87	0.573421
2.86	0.573525
2.85	0.573629
2.84	0.573734
2.83	0.57384
2.82	0.573947
2.81	0.574054
2.8	0.574162
2.79	0.574272
2.78	0.574381
2.77	0.574492
2.76	0.574604
2.75	0.574716
2.74	0.57483
2.73	0.574944
2.72	0.575059
2.71	0.575175
2.7	0.575292
2.69	0.575409
2.68	0.575528
2.67	0.575648
2.66	0.575768
2.65	0.57589
2.64	0.576012
2.63	0.576136
2.62	0.57626
2.61	0.576386
2.6	0.576512
2.59	0.57664
2.58	0.576768
2.57	0.576898
2.56	0.577028
2.55	0.57716
2.54	0.577293
2.53	0.577427
2.52	0.577562
2.51	0.577698
2.5	0.577835
2.49	0.577974
2.48	0.578113
2.47	0.578254
2.46	0.578396
2.45	0.57854
2.44	0.578684
2.43	0.57883
2.42	0.578977
2.41	0.579125
2.4	0.579275
2.39	0.579426
2.38	0.579578
2.37	0.579732
2.36	0.579887
2.35	0.580043
2.34	0.580201
2.33	0.58036
2.32	0.580521
2.31	0.580683
2.3	0.580847
2.29	0.581012
2.28	0.581179
2.27	0.581347
2.26	0.581517
2.25	0.581689
2.24	0.581862
2.23	0.582036
2.22	0.582213
2.21	0.582391
2.2	0.582571
2.19	0.582752
2.18	0.582936
2.17	0.583121
2.16	0.583308
2.15	0.583496
2.14	0.583687
2.13	0.58388
2.12	0.584074
2.11	0.584271
2.1	0.584469
2.09	0.58467
2.08	0.584872
2.07	0.585077
2.06	0.585283
2.05	0.585492
2.04	0.585703
2.03	0.585917
2.02	0.586132
2.01	0.58635
2	0.58657
1.99	0.586792
1.98	0.587017
1.97	0.587245
1.96	0.587474
1.95	0.587707
1.94	0.587942
1.93	0.588179
1.92	0.588419
1.91	0.588662
1.9	0.588908
1.89	0.589156
1.88	0.589407
1.87	0.589661
1.86	0.589918
1.85	0.590178
1.84	0.590441
1.83	0.590707
1.82	0.590977
1.81	0.591249
1.8	0.591525
1.79	0.591804
1.78	0.592086
1.77	0.592372
1.76	0.592661
1.75	0.592954
1.74	0.593251
1.73	0.593551
1.72	0.593855
1.71	0.594162
1.7	0.594474
1.69	0.59479
1.68	0.59511
1.67	0.595433
1.66	0.595762
1.65	0.596094
1.64	0.596431
1.63	0.596772
1.62	0.597118
1.61	0.597468
1.6	0.597824
1.59	0.598184
1.58	0.598549
1.57	0.598919
1.56	0.599294
1.55	0.599675
1.54	0.600061
1.53	0.600452
1.52	0.600849
1.51	0.601252
1.5	0.60166
1.49	0.602075
1.48	0.602496
1.47	0.602923
1.46	0.603356
1.45	0.603796
1.44	0.604243
1.43	0.604696
1.42	0.605157
1.41	0.605624
1.4	0.606099
1.39	0.606582
1.38	0.607072
1.37	0.60757
1.36	0.608076
1.35	0.60859
1.34	0.609113
1.33	0.609645
1.32	0.610185
1.31	0.610734
1.3	0.611293
1.29	0.611862
1.28	0.61244
1.27	0.613028
1.26	0.613627
1.25	0.614237
1.24	0.614857
1.23	0.615488
1.22	0.616132
1.21	0.616786
1.2	0.617454
1.19	0.618133
1.18	0.618826
1.17	0.619531
1.16	0.620251
1.15	0.620984
1.14	0.621732
1.13	0.622495
1.12	0.623273
1.11	0.624067
1.1	0.624877
1.09	0.625704
1.08	0.626548
1.07	0.62741
1.06	0.62829
1.05	0.62919
1.04	0.630109
1.03	0.631048
1.02	0.632008
1.01	0.632991
1	0.633995
0.99	0.635023
0.98	0.636074
0.97	0.637151
0.96	0.638253
0.95	0.639382
0.94	0.640538
0.93	0.641724
0.92	0.642939
0.91	0.644184
0.9	0.645462
0.89	0.646774
0.88	0.64812
0.87	0.649502
0.86	0.650921
0.85	0.65238
0.84	0.653879
0.83	0.655421
0.82	0.657007
0.81	0.658639
0.8	0.660319
0.79	0.662049
0.78	0.663833
0.77	0.665671
0.76	0.667567
0.75	0.669524
0.74	0.671543
0.73	0.67363
0.72	0.675786
0.71	0.678015
0.7	0.680322
0.69	0.68271
0.68	0.685183
0.67	0.687747
0.66	0.690405
0.65	0.693165
0.64	0.696031
0.63	0.699009
0.62	0.702107
0.61	0.705332
0.6	0.708692
0.59	0.712195
0.58	0.71585
0.57	0.719668
0.56	0.72366
0.55	0.727837
0.54	0.732214
0.53	0.736805
0.52	0.741624
0.51	0.746691
0.5	0.752025
0.49	0.757646
0.48	0.763579
0.47	0.76985
0.46	0.77649
0.45	0.78353
0.44	0.791008
0.43	0.798965
0.42	0.80745
0.41	0.816517
0.4	0.826225
0.39	0.836645
0.38	0.847858
0.37	0.859957
0.36	0.873049
0.35	0.887261
0.34	0.902741
0.33	0.919664
0.32	0.938238
0.31	0.958714
0.3	0.981394
0.29	1.00665
0.28	1.03493
0.27	1.06681
0.26	1.10301
0.25	1.14444
0.24	1.19229
0.23	1.24815
0.22	1.31413
0.21	1.39319
0.2	1.48949
0.19	1.6092
0.18	1.76176
0.17	1.96252
0.16	2.23849
0.15	2.64325
0.14	3.30779
0.13	4.74654
-0.13	4.74654
-0.14	3.30779
-0.15	2.64325
-0.16	2.23849
-0.17	1.96252
-0.18	1.76176
-0.19	1.6092
-0.2	1.48949
-0.21	1.39319
-0.22	1.31413
-0.23	1.24815
-0.24	1.19229
-0.25	1.14444
-0.26	1.10301
-0.27	1.06681
-0.28	1.03493
-0.29	1.00665
-0.3	0.981394
-0.31	0.958714
-0.32	0.938238
-0.33	0.919664
-0.34	0.902741
-0.35	0.887261
-0.36	0.873049
-0.37	0.859957
-0.38	0.847858
-0.39	0.836645
-0.4	0.826225
-0.41	0.816517
-0.42	0.80745
-0.43	0.798965
-0.44	0.791008
-0.45	0.78353
-0.46	0.77649
-0.47	0.76985
-0.48	0.763579
-0.49	0.757646
-0.5	0.752025
-0.51	0.746691
-0.52	0.741624
-0.53	0.736805
-0.54	0.732214
-0.55	0.727837
-0.56	0.72366
-0.57	0.719668
-0.58	0.71585
-0.59	0.712195
-0.6	0.708692
-0.61	0.705332
-0.62	0.702107
-0.63	0.699009
-0.64	0.696031
-0.65	0.693165
-0.66	0.690405
-0.67	0.687747
-0.68	0.685183
-0.69	0.68271
-0.7	0.680322
-0.71	0.678015
-0.72	0.675786
-0.73	0.67363
-0.74	0.671543
-0.75	0.669524
-0.76	0.667567
-0.77	0.665671
-0.78	0.663833
-0.79	0.662049
-0.8	0.660319
-0.81	0.658639
-0.82	0.657007
-0.83	0.655421
-0.84	0.653879
-0.85	0.65238
-0.86	0.650921
-0.87	0.649502
-0.88	0.64812
-0.89	0.646774
-0.9	0.645462
-0.91	0.644184
-0.92	0.642939
-0.93	0.641724
-0.94	0.640538
-0.95	0.639382
-0.96	0.638253
-0.97	0.637151
-0.98	0.636074
-0.99	0.635023
-1	0.633995
-1.01	0.632991
-1.02	0.632008
-1.03	0.631048
-1.04	0.630109
-1.05	0.62919
-1.06	0.62829
-1.07	0.62741
-1.08	0.626548
-1.09	0.625704
-1.1	0.624877
-1.11	0.624067
-1.12	0.623273
-1.13	0.622495
-1.14	0.621732
-1.15	0.620984
-1.16	0.620251
-1.17	0.619531
-1.18	0.618826
-1.19	0.618133
-1.2	0.617454
-1.21	0.616786
-1.22	0.616132
-1.23	0.615488
-1.24	0.614857
-1.25	0.614237
-1.26	0.613627
-1.27	0.613028
-1.28	0.61244
-1.29	0.611862
-1.3	0.611293
-1.31	0.610734
-1.32	0.610185
-1.33	0.609645
-1.34	0.609113
-1.35	0.60859
-1.36	0.608076
-1.37	0.60757
-1.38	0.607072
-1.39	0.606582
-1.4	0.606099
-1.41	0.605624
-1.42	0.605157
-1.43	0.604696
-1.44	0.604243
-1.45	0.603796
-1.46	0.603356
-1.47	0.602923
-1.48	0.602496
-1.49	0.602075
-1.5	0.60166
-1.51	0.601252
-1.52	0.600849
-1.53	0.600452
-1.54	0.600061
-1.55	0.599675
-1.56	0.599294
-1.57	0.598919
-1.58	0.598549
-1.59	0.598184
-1.6	0.597824
-1.61	0.597468
-1.62	0.597118
-1.63	0.596772
-1.64	0.596431
-1.65	0.596094
-1.66	0.595762
-1.67	0.595433
-1.68	0.59511
-1.69	0.59479
-1.7	0.594474
-1.71	0.594162
-1.72	0.593855
-1.73	0.593551
-1.74	0.593251
-1.75	0.592954
-1.76	0.592661
-1.77	0.592372
-1.78	0.592086
-1.79	0.591804
-1.8	0.591525
-1.81	0.591249
-1.82	0.590977
-1.83	0.590707
-1.84	0.590441
-1.85	0.590178
-1.86	0.589918
-1.87	0.589661
-1.88	0.589407
-1.89	0.589156
-1.9	0.588908
-1.91	0.588662
-1.92	0.588419
-1.93	0.588179
-1.94	0.587942
-1.95	0.587707
-1.96	0.587474
-1.97	0.587245
-1.98	0.587017
-1.99	0.586792
-2	0.58657
-2.01	0.58635
-2.02	0.586132
-2.03	0.585917
-2.04	0.585703
-2.05	0.585492
-2.06	0.585283
-2.07	0.585077
-2.08	0.584872
-2.09	0.58467
-2.1	0.584469
-2.11	0.584271
-2.12	0.584074
-2.13	0.58388
-2.14	0.583687
-2.15	0.583496
-2.16	0.583308
-2.17	0.583121
-2.18	0.582936
-2.19	0.582752
-2.2	0.582571
-2.21	0.582391
-2.22	0.582213
-2.23	0.582036
-2.24	0.581862
-2.25	0.581689
-2.26	0.581517
-2.27	0.581347
-2.28	0.581179
-2.29	0.581012
-2.3	0.580847
-2.31	0.580683
-2.32	0.580521
-2.33	0.58036
-2.34	0.580201
-2.35	0.580043
-2.36	0.579887
-2.37	0.579732
-2.38	0.579578
-2.39	0.579426
-2.4	0.579275
-2.41	0.579125
-2.42	0.578977
-2.43	0.57883
-2.44	0.578684
-2.45	0.57854
-2.46	0.578396
-2.47	0.578254
-2.48	0.578113
-2.49	0.577974
-2.5	0.577835
-2.51	0.577698
-2.52	0.577562
-2.53	0.577427
-2.54	0.577293
-2.55	0.57716
-2.56	0.577028
-2.57	0.576898
-2.58	0.576768
-2.59	0.57664
-2.6	0.576512
-2.61	0.576386
-2.62	0.57626
-2.63	0.576136
-2.64	0.576012
-2.65	0.57589
-2.66	0.575768
-2.67	0.575648
-2.68	0.575528
-2.69	0.575409
-2.7	0.575292
-2.71	0.575175
-2.72	0.575059
-2.73	0.574944
-2.74	0.57483
-2.75	0.574716
-2.76	0.574604
-2.77	0.574492
-2.78	0.574381
-2.79	0.574272
-2.8	0.574162
-2.81	0.574054
-2.82	0.573947
-2.83	0.57384
-2.84	0.573734
-2.85	0.573629
-2.86	0.573525
-2.87	0.573421
-2.88	0.573318
-2.89	0.573216
-2.9	0.573115
-2.91	0.573014
-2.92	0.572914
-2.93	0.572815
-2.94	0.572717
-2.95	0.572619
-2.96	0.572522
-2.97	0.572425
-2.98	0.572329
-2.99	0.572234
-3	0.57214
-3.01	0.572046
-3.02	0.571953
-3.03	0.571861
-3.04	0.571769
-3.05	0.571678
-3.06	0.571587
-3.07	0.571497
-3.08	0.571408
-3.09	0.571319
-3.1	0.571231
-3.11	0.571143
-3.12	0.571056
-3.13	0.57097
-3.14	0.570884
-3.15	0.570799
-3.16	0.570714
-3.17	0.57063
-3.18	0.570546
-3.19	0.570463
-3.2	0.570381
-3.21	0.570299
-3.22	0.570217
-3.23	0.570136
-3.24	0.570056
-3.25	0.569976
-3.26	0.569897
-3.27	0.569818
-3.28	0.569739
-3.29	0.569662
-3.3	0.569584
-3.31	0.569507
-3.32	0.569431
-3.33	0.569355
-3.34	0.569279
-3.35	0.569205
-3.36	0.56913
-3.37	0.569056
-3.38	0.568982
-3.39	0.568909
-3.4	0.568836
-3.41	0.568764
-3.42	0.568692
-3.43	0.568621
-3.44	0.56855
-3.45	0.568479
-3.46	0.568409
-3.47	0.56834
-3.48	0.56827
-3.49	0.568201
-3.5	0.568133
-3.51	0.568065
-3.52	0.567997
-3.53	0.56793
-3.54	0.567863
-3.55	0.567797
-3.56	0.56773
-3.57	0.567665
-3.58	0.567599
-3.59	0.567535
-3.6	0.56747
-3.61	0.567406
-3.62	0.567342
-3.63	0.567278
-3.64	0.567215
-3.65	0.567153
-3.66	0.56709
-3.67	0.567028
-3.68	0.566966
-3.69	0.566905
-3.7	0.566844
-3.71	0.566783
-3.72	0.566723
-3.73	0.566663
-3.74	0.566603
-3.75	0.566544
-3.76	0.566485
-3.77	0.566426
-3.78	0.566368
-3.79	0.56631
-3.8	0.566252
-3.81	0.566195
-3.82	0.566138
-3.83	0.566081
-3.84	0.566024
-3.85	0.565968
-3.86	0.565912
-3.87	0.565857
-3.88	0.565802
-3.89	0.565747
-3.9	0.565692
-3.91	0.565637
-3.92	0.565583
-3.93	0.565529
-3.94	0.565476
-3.95	0.565423
-3.96	0.56537
-3.97	0.565317
-3.98	0.565264
-3.99	0.565212
-4	0.56516
-4.01	0.565109
-4.02	0.565057
-4.03	0.565006
-4.04	0.564955
-4.05	0.564905
-4.06	0.564854
-4.07	0.564804
-4.08	0.564754
-4.09	0.564705
-4.1	0.564656
-4.11	0.564607
-4.12	0.564558
-4.13	0.564509
-4.14	0.564461
-4.15	0.564413
-4.16	0.564365
-4.17	0.564317
-4.18	0.56427
-4.19	0.564223
-4.2	0.564176
-4.21	0.564129
-4.22	0.564083
-4.23	0.564036
-4.24	0.56399
-4.25	0.563944
-4.26	0.563899
-4.27	0.563853
-4.28	0.563808
-4.29	0.563763
-4.3	0.563719
-4.31	0.563674
-4.32	0.56363
-4.33	0.563586
-4.34	0.563542
-4.35	0.563498
-4.36	0.563455
-4.37	0.563412
-4.38	0.563369
-4.39	0.563326
-4.4	0.563283
-4.41	0.563241
-4.42	0.563198
-4.43	0.563156
-4.44	0.563115
-4.45	0.563073
-4.46	0.563031
-4.47	0.56299
-4.48	0.562949
-4.49	0.562908
-4.5	0.562868
-4.51	0.562827
-4.52	0.562787
-4.53	0.562746
-4.54	0.562707
-4.55	0.562667
-4.56	0.562627
-4.57	0.562588
-4.58	0.562548
-4.59	0.562509
-4.6	0.56247
-4.61	0.562432
-4.62	0.562393
-4.63	0.562355
-4.64	0.562317
-4.65	0.562279
-4.66	0.562241
-4.67	0.562203
-4.68	0.562165
-4.69	0.562128
-4.7	0.562091
-4.71	0.562054
-4.72	0.562017
-4.73	0.56198
-4.74	0.561943
-4.75	0.561907
-4.76	0.561871
-4.77	0.561835
-4.78	0.561799
-4.79	0.561763
-4.8	0.561727
-4.81	0.561692
-4.82	0.561656
-4.83	0.561621
-4.84	0.561586
-4.85	0.561551
-4.86	0.561517
-4.87	0.561482
-4.88	0.561448
-4.89	0.561413
-4.9	0.561379
-4.91	0.561345
-4.92	0.561311
-4.93	0.561277
-4.94	0.561244
-4.95	0.56121
-4.96	0.561177
-4.97	0.561144
-4.98	0.561111
-4.99	0.561078
-5	0.561045
-5.01	0.561013
-5.02	0.56098
-5.03	0.560948
-5.04	0.560915
-5.05	0.560883
-5.06	0.560851
-5.07	0.560819
-5.08	0.560788
-5.09	0.560756
-5.1	0.560725
-5.11	0.560693
-5.12	0.560662
-5.13	0.560631
-5.14	0.5606
-5.15	0.560569
-5.16	0.560539
-5.17	0.560508
-5.18	0.560477
-5.19	0.560447
-5.2	0.560417
-5.21	0.560387
-5.22	0.560357
-5.23	0.560327
-5.24	0.560297
-5.25	0.560267
-5.26	0.560238
-5.27	0.560208
-5.28	0.560179
-5.29	0.56015
-5.3	0.560121
-5.31	0.560092
-5.32	0.560063
-5.33	0.560034
-5.34	0.560006
-5.35	0.559977
-5.36	0.559949
-5.37	0.55992
-5.38	0.559892
-5.39	0.559864
-5.4	0.559836
-5.41	0.559808
-5.42	0.55978
-5.43	0.559753
-5.44	0.559725
-5.45	0.559698
-5.46	0.55967
-5.47	0.559643
-5.48	0.559616
-5.49	0.559589
-5.5	0.559562
-5.51	0.559535
-5.52	0.559508
-5.53	0.559482
-5.54	0.559455
-5.55	0.559429
-5.56	0.559402
-5.57	0.559376
-5.58	0.55935
-5.59	0.559324
-5.6	0.559298
-5.61	0.559272
-5.62	0.559246
-5.63	0.559221
-5.64	0.559195
-5.65	0.559169
-5.66	0.559144
-5.67	0.559119
-5.68	0.559093
-5.69	0.559068
-5.7	0.559043
-5.71	0.559018
-5.72	0.558993
-5.73	0.558969
-5.74	0.558944
-5.75	0.558919
-5.76	0.558895
-5.77	0.55887
-5.78	0.558846
-5.79	0.558822
-5.8	0.558798
-5.81	0.558774
-5.82	0.558749
-5.83	0.558726
-5.84	0.558702
-5.85	0.558678
-5.86	0.558654
-5.87	0.558631
-5.88	0.558607
-5.89	0.558584
-5.9	0.55856
-5.91	0.558537
-5.92	0.558514
-5.93	0.558491
-5.94	0.558468
-5.95	0.558445
-5.96	0.558422
-5.97	0.558399
-5.98	0.558377
-5.99	0.558354
-6	0.558331
-6.01	0.558309
-6.02	0.558286
-6.03	0.558264
-6.04	0.558242
-6.05	0.55822
-6.06	0.558198
-6.07	0.558176
-6.08	0.558154
-6.09	0.558132
-6.1	0.55811
-6.11	0.558088
-6.12	0.558067
-6.13	0.558045
-6.14	0.558024
-6.15	0.558002
-6.16	0.557981
-6.17	0.557959
-6.18	0.557938
-6.19	0.557917
-6.2	0.557896
-6.21	0.557875
-6.22	0.557854
-6.23	0.557833
-6.24	0.557812
-6.25	0.557791
-6.26	0.557771
-6.27	0.55775
-6.28	0.55773
-6.29	0.557709
-6.3	0.557689
-6.31	0.557668
-6.32	0.557648
-6.33	0.557628
-6.34	0.557608
-6.35	0.557588
-6.36	0.557568
-6.37	0.557548
-6.38	0.557528
-6.39	0.557508
-6.4	0.557488
-6.41	0.557468
-6.42	0.557449
-6.43	0.557429
-6.44	0.55741
-6.45	0.55739
-6.46	0.557371
-6.47	0.557352
-6.48	0.557332
-6.49	0.557313
-6.5	0.557294
-6.51	0.557275
-6.52	0.557256
-6.53	0.557237
-6.54	0.557218
-6.55	0.557199
-6.56	0.55718
-6.57	0.557162
-6.58	0.557143
-6.59	0.557124
-6.6	0.557106
-6.61	0.557087
-6.62	0.557069
-6.63	0.55705
-6.64	0.557032
-6.65	0.557014
-6.66	0.556995
-6.67	0.556977
-6.68	0.556959
-6.69	0.556941
-6.7	0.556923
-6.71	0.556905
-6.72	0.556887
-6.73	0.556869
-6.74	0.556852
-6.75	0.556834
-6.76	0.556816
-6.77	0.556799
-6.78	0.556781
-6.79	0.556763
-6.8	0.556746
-6.81	0.556729
-6.82	0.556711
-6.83	0.556694
-6.84	0.556677
-6.85	0.556659
-6.86	0.556642
-6.87	0.556625
-6.88	0.556608
-6.89	0.556591
-6.9	0.556574
-6.91	0.556557
-6.92	0.55654
-6.93	0.556524
-6.94	0.556507
-6.95	0.55649
-6.96	0.556473
-6.97	0.556457
-6.98	0.55644
-6.99	0.556424
-7	0.556407
-7.01	0.556391
-7.02	0.556375
-7.03	0.556358
-7.04	0.556342
-7.05	0.556326
-7.06	0.55631
-7.07	0.556293
-7.08	0.556277
-7.09	0.556261
-7.1	0.556245
-7.11	0.556229
-7.12	0.556213
-7.13	0.556198
-7.14	0.556182
-7.15	0.556166
-7.16	0.55615
-7.17	0.556135
-7.18	0.556119
-7.19	0.556103
-7.2	0.556088
-7.21	0.556072
-7.22	0.556057
-7.23	0.556041
-7.24	0.556026
-7.25	0.556011
-7.26	0.555995
-7.27	0.55598
-7.28	0.555965
-7.29	0.55595
-7.3	0.555935
-7.31	0.55592
-7.32	0.555905
-7.33	0.55589
-7.34	0.555875
-7.35	0.55586
-7.36	0.555845
-7.37	0.55583
-7.38	0.555815
-7.39	0.555801
-7.4	0.555786
-7.41	0.555771
-7.42	0.555757
-7.43	0.555742
-7.44	0.555727
-7.45	0.555713
-7.46	0.555698
-7.47	0.555684
-7.48	0.55567
-7.49	0.555655
-7.5	0.555641
-7.51	0.555627
-7.52	0.555613
-7.53	0.555598
-7.54	0.555584
-7.55	0.55557
-7.56	0.555556
-7.57	0.555542
-7.58	0.555528
-7.59	0.555514
-7.6	0.5555
-7.61	0.555486
-7.62	0.555472
-7.63	0.555458
-7.64	0.555445
-7.65	0.555431
-7.66	0.555417
-7.67	0.555404
-7.68	0.55539
-7.69	0.555376
-7.7	0.555363
-7.71	0.555349
-7.72	0.555336
-7.73	0.555322
-7.74	0.555309
-7.75	0.555296
-7.76	0.555282
-7.77	0.555269
-7.78	0.555256
-7.79	0.555242
-7.8	0.555229
-7.81	0.555216
-7.82	0.555203
-7.83	0.55519
-7.84	0.555177
-7.85	0.555164
-7.86	0.555151
-7.87	0.555138
-7.88	0.555125
-7.89	0.555112
-7.9	0.555099
-7.91	0.555086
-7.92	0.555073
-7.93	0.555061
-7.94	0.555048
-7.95	0.555035
-7.96	0.555022
-7.97	0.55501
-7.98	0.554997
-7.99	0.554985
-8	0.554972
-8.01	0.55496
-8.02	0.554947
-8.03	0.554935
-8.04	0.554922
-8.05	0.55491
-8.06	0.554897
-8.07	0.554885
-8.08	0.554873
-8.09	0.554861
-8.1	0.554848
-8.11	0.554836
-8.12	0.554824
-8.13	0.554812
-8.14	0.5548
-8.15	0.554788
-8.16	0.554776
-8.17	0.554764
-8.18	0.554752
-8.19	0.55474
-8.2	0.554728
-8.21	0.554716
-8.22	0.554704
-8.23	0.554692
-8.24	0.55468
-8.25	0.554668
-8.26	0.554657
-8.27	0.554645
-8.28	0.554633
-8.29	0.554622
-8.3	0.55461
-8.31	0.554598
-8.32	0.554587
-8.33	0.554575
-8.34	0.554564
-8.35	0.554552
-8.36	0.554541
-8.37	0.554529
-8.38	0.554518
-8.39	0.554506
-8.4	0.554495
-8.41	0.554484
-8.42	0.554472
-8.43	0.554461
-8.44	0.55445
-8.45	0.554439
-8.46	0.554428
-8.47	0.554416
-8.48	0.554405
-8.49	0.554394
-8.5	0.554383
-8.51	0.554372
-8.52	0.554361
-8.53	0.55435
-8.54	0.554339
-8.55	0.554328
-8.56	0.554317
-8.57	0.554306
-8.58	0.554295
-8.59	0.554284
-8.6	0.554273
-8.61	0.554263
-8.62	0.554252
-8.63	0.554241
-8.64	0.55423
-8.65	0.55422
-8.66	0.554209
-8.67	0.554198
-8.68	0.554188
-8.69	0.554177
-8.7	0.554167
-8.71	0.554156
-8.72	0.554146
-8.73	0.554135
-8.74	0.554125
-8.75	0.554114
-8.76	0.554104
-8.77	0.554093
-8.78	0.554083
-8.79	0.554072
-8.8	0.554062
-8.81	0.554052
-8.82	0.554042
-8.83	0.554031
-8.84	0.554021
-8.85	0.554011
-8.86	0.554001
-8.87	0.55399
-8.88	0.55398
-8.89	0.55397
-8.9	0.55396
-8.91	0.55395
-8.92	0.55394
-8.93	0.55393
-8.94	0.55392
-8.95	0.55391
-8.96	0.5539
-8.97	0.55389
-8.98	0.55388
-8.99	0.55387
-9	0.55386
-9.01	0.55385
-9.02	0.553841
-9.03	0.553831
-9.04	0.553821
-9.05	0.553811
-9.06	0.553801
-9.07	0.553792
-9.08	0.553782
-9.09	0.553772
-9.1	0.553763
-9.11	0.553753
-9.12	0.553743
-9.13	0.553734
-9.14	0.553724
-9.15	0.553715
-9.16	0.553705
-9.17	0.553696
-9.18	0.553686
-9.19	0.553677
-9.2	0.553667
-9.21	0.553658
-9.22	0.553649
-9.23	0.553639
-9.24	0.55363
-9.25	0.55362
-9.26	0.553611
-9.27	0.553602
-9.28	0.553593
-9.29	0.553583
-9.3	0.553574
-9.31	0.553565
-9.32	0.553556
-9.33	0.553546
-9.34	0.553537
-9.35	0.553528
-9.36	0.553519
-9.37	0.55351
-9.38	0.553501
-9.39	0.553492
-9.4	0.553483
-9.41	0.553474
-9.42	0.553465
-9.43	0.553456
-9.44	0.553447
-9.45	0.553438
-9.46	0.553429
-9.47	0.55342
-9.48	0.553411
-9.49	0.553402
-9.5	0.553393
-9.51	0.553385
-9.52	0.553376
-9.53	0.553367
-9.54	0.553358
-9.55	0.553349
-9.56	0.553341
-9.57	0.553332
-9.58	0.553323
-9.59	0.553315
-9.6	0.553306
-9.61	0.553297
-9.62	0.553289
-9.63	0.55328
-9.64	0.553271
-9.65	0.553263
-9.66	0.553254
-9.67	0.553246
-9.68	0.553237
-9.69	0.553229
-9.7	0.55322
-9.71	0.553212
-9.72	0.553203
-9.73	0.553195
-9.74	0.553187
-9.75	0.553178
-9.76	0.55317
-9.77	0.553161
-9.78	0.553153
-9.79	0.553145
-9.8	0.553136
-9.81	0.553128
-9.82	0.55312
-9.83	0.553112
-9.84	0.553103
-9.85	0.553095
-9.86	0.553087
-9.87	0.553079
-9.88	0.553071
-9.89	0.553062
-9.9	0.553054
-9.91	0.553046
-9.92	0.553038
-9.93	0.55303
-9.94	0.553022
-9.95	0.553014
-9.96	0.553006
-9.97	0.552998
-9.98	0.55299
-9.99	0.552982
-10	0.552974
-10.01	0.552966
-10.02	0.552958
-10.03	0.55295
-10.04	0.552942
-10.05	0.552934
-10.06	0.552926
-10.07	0.552918
-10.08	0.552911
-10.09	0.552903
-10.1	0.552895
-10.11	0.552887
-10.12	0.552879
-10.13	0.552872
-10.14	0.552864
-10.15	0.552856
-10.16	0.552848
-10.17	0.552841
-10.18	0.552833
-10.19	0.552825
-10.2	0.552818
-10.21	0.55281
-10.22	0.552802
-10.23	0.552795
-10.24	0.552787
-10.25	0.552779
-10.26	0.552772
-10.27	0.552764
-10.28	0.552757
-10.29	0.552749
-10.3	0.552742
-10.31	0.552734
-10.32	0.552727
-10.33	0.552719
-10.34	0.552712
-10.35	0.552704
-10.36	0.552697
-10.37	0.55269
-10.38	0.552682
-10.39	0.552675
-10.4	0.552667
-10.41	0.55266
-10.42	0.552653
-10.43	0.552645
-10.44	0.552638
-10.45	0.552631
-10.46	0.552624
-10.47	0.552616
-10.48	0.552609
-10.49	0.552602
-10.5	0.552595
-10.51	0.552587
-10.52	0.55258
-10.53	0.552573
-10.54	0.552566
-10.55	0.552559
-10.56	0.552552
-10.57	0.552544
-10.58	0.552537
-10.59	0.55253
-10.6	0.552523
-10.61	0.552516
-10.62	0.552509
-10.63	0.552502
-10.64	0.552495
-10.65	0.552488
-10.66	0.552481
-10.67	0.552474
-10.68	0.552467
-10.69	0.55246
-10.7	0.552453
-10.71	0.552446
-10.72	0.552439
-10.73	0.552432
-10.74	0.552425
-10.75	0.552418
-10.76	0.552411
-10.77	0.552405
-10.78	0.552398
-10.79	0.552391
-10.8	0.552384
-10.81	0.552377
-10.82	0.552371
-10.83	0.552364
-10.84	0.552357
-10.85	0.55235
-10.86	0.552343
-10.87	0.552337
-10.88	0.55233
-10.89	0.552323
-10.9	0.552317
-10.91	0.55231
-10.92	0.552303
-10.93	0.552297
-10.94	0.55229
-10.95	0.552283
-10.96	0.552277
-10.97	0.55227
-10.98	0.552263
-10.99	0.552257
-11	0.55225
-11.01	0.552244
-11.02	0.552237
-11.03	0.552231
-11.04	0.552224
-11.05	0.552218
-11.06	0.552211
-11.07	0.552205
-11.08	0.552198
-11.09	0.552192
-11.1	0.552185
-11.11	0.552179
-11.12	0.552172
-11.13	0.552166
-11.14	0.552159
-11.15	0.552153
-11.16	0.552147
-11.17	0.55214
-11.18	0.552134
-11.19	0.552128
-11.2	0.552121
-11.21	0.552115
-11.22	0.552109
-11.23	0.552102
-11.24	0.552096
-11.25	0.55209
-11.26	0.552083
-11.27	0.552077
-11.28	0.552071
-11.29	0.552065
-11.3	0.552059
-11.31	0.552052
-11.32	0.552046
-11.33	0.55204
-11.34	0.552034
-11.35	0.552028
-11.36	0.552021
-11.37	0.552015
-11.38	0.552009
-11.39	0.552003
-11.4	0.551997
-11.41	0.551991
-11.42	0.551985
-11.43	0.551979
-11.44	0.551973
-11.45	0.551966
-11.46	0.55196
-11.47	0.551954
-11.48	0.551948
-11.49	0.551942
-11.5	0.551936
-11.51	0.55193
-11.52	0.551924
-11.53	0.551918
-11.54	0.551912
-11.55	0.551906
-11.56	0.5519
-11.57	0.551894
-11.58	0.551889
-11.59	0.551883
-11.6	0.551877
-11.61	0.551871
-11.62	0.551865
-11.63	0.551859
-11.64	0.551853
-11.65	0.551847
-11.66	0.551842
-11.67	0.551836
-11.68	0.55183
-11.69	0.551824
-11.7	0.551818
-11.71	0.551812
-11.72	0.551807
-11.73	0.551801
-11.74	0.551795
-11.75	0.551789
-11.76	0.551784
-11.77	0.551778
-11.78	0.551772
-11.79	0.551767
-11.8	0.551761
-11.81	0.551755
-11.82	0.551749
-11.83	0.551744
-11.84	0.551738
-11.85	0.551732
-11.86	0.551727
-11.87	0.551721
-11.88	0.551715
-11.89	0.55171
-11.9	0.551704
-11.91	0.551699
-11.92	0.551693
-11.93	0.551688
-11.94	0.551682
-11.95	0.551676
-11.96	0.551671
-11.97	0.551665
-11.98	0.55166
-11.99	0.551654
-12	0.551649
-12.01	0.551643
-12.02	0.551638
-12.03	0.551632
-12.04	0.551627
-12.05	0.551621
-12.06	0.551616
-12.07	0.55161
-12.08	0.551605
-12.09	0.5516
-12.1	0.551594
-12.11	0.551589
-12.12	0.551583
-12.13	0.551578
-12.14	0.551573
-12.15	0.551567
-12.16	0.551562
-12.17	0.551556
-12.18	0.551551
-12.19	0.551546
-12.2	0.55154
-12.21	0.551535
-12.22	0.55153
-12.23	0.551524
-12.24	0.551519
-12.25	0.551514
-12.26	0.551509
-12.27	0.551503
-12.28	0.551498
-12.29	0.551493
-12.3	0.551488
-12.31	0.551482
-12.32	0.551477
-12.33	0.551472
-12.34	0.551467
-12.35	0.551461
-12.36	0.551456
-12.37	0.551451
-12.38	0.551446
-12.39	0.551441
-12.4	0.551436
-12.41	0.55143
-12.42	0.551425
-12.43	0.55142
-12.44	0.551415
-12.45	0.55141
-12.46	0.551405
-12.47	0.5514
-12.48	0.551395
-12.49	0.551389
-12.5	0.551384
-12.51	0.551379
-12.52	0.551374
-12.53	0.551369
-12.54	0.551364
-12.55	0.551359
-12.56	0.551354
-12.57	0.551349
-12.58	0.551344
-12.59	0.551339
-12.6	0.551334
-12.61	0.551329
-12.62	0.551324
-12.63	0.551319
-12.64	0.551314
-12.65	0.551309
-12.66	0.551304
-12.67	0.551299
-12.68	0.551294
-12.69	0.551289
-12.7	0.551285
-12.71	0.55128
-12.72	0.551275
-12.73	0.55127
-12.74	0.551265
-12.75	0.55126
-12.76	0.551255
-12.77	0.55125
-12.78	0.551246
-12.79	0.551241
-12.8	0.551236
-12.81	0.551231
-12.82	0.551226
-12.83	0.551221
-12.84	0.551217
-12.85	0.551212
-12.86	0.551207
-12.87	0.551202
-12.88	0.551197
-12.89	0.551193
-12.9	0.551188
-12.91	0.551183
-12.92	0.551178
-12.93	0.551174
-12.94	0.551169
-12.95	0.551164
-12.96	0.551159
-12.97	0.551155
-12.98	0.55115
-12.99	0.551145
-13	0.551141
-13.01	0.551136
-13.02	0.551131
-13.03	0.551127
-13.04	0.551122
-13.05	0.551117
-13.06	0.551113
-13.07	0.551108
-13.08	0.551103
-13.09	0.551099
-13.1	0.551094
-13.11	0.551089
-13.12	0.551085
-13.13	0.55108
-13.14	0.551076
-13.15	0.551071
-13.16	0.551067
-13.17	0.551062
-13.18	0.551057
-13.19	0.551053
-13.2	0.551048
-13.21	0.551044
-13.22	0.551039
-13.23	0.551035
-13.24	0.55103
-13.25	0.551026
-13.26	0.551021
-13.27	0.551017
-13.28	0.551012
-13.29	0.551008
-13.3	0.551003
-13.31	0.550999
-13.32	0.550994
-13.33	0.55099
-13.34	0.550985
-13.35	0.550981
-13.36	0.550976
-13.37	0.550972
-13.38	0.550968
-13.39	0.550963
-13.4	0.550959
-13.41	0.550954
-13.42	0.55095
-13.43	0.550946
-13.44	0.550941
-13.45	0.550937
-13.46	0.550932
-13.47	0.550928
-13.48	0.550924
-13.49	0.550919
-13.5	0.550915
-13.51	0.550911
-13.52	0.550906
-13.53	0.550902
-13.54	0.550898
-13.55	0.550893
-13.56	0.550889
-13.57	0.550885
-13.58	0.55088
-13.59	0.550876
-13.6	0.550872
-13.61	0.550868
-13.62	0.550863
-13.63	0.550859
-13.64	0.550855
-13.65	0.550851
-13.66	0.550846
-13.67	0.550842
-13.68	0.550838
-13.69	0.550834
-13.7	0.550829
-13.71	0.550825
-13.72	0.550821
-13.73	0.550817
-13.74	0.550813
-13.75	0.550808
-13.76	0.550804
-13.77	0.5508
-13.78	0.550796
-13.79	0.550792
-13.8	0.550788
-13.81	0.550783
-13.82	0.550779
-13.83	0.550775
-13.84	0.550771
-13.85	0.550767
-13.86	0.550763
-13.87	0.550759
-13.88	0.550755
-13.89	0.55075
-13.9	0.550746
-13.91	0.550742
-13.92	0.550738
-13.93	0.550734
-13.94	0.55073
-13.95	0.550726
-13.96	0.550722
-13.97	0.550718
-13.98	0.550714
-13.99	0.55071
-14	0.550706
-14.01	0.550702
-14.02	0.550698
-14.03	0.550694
-14.04	0.55069
-14.05	0.550686
-14.06	0.550682
-14.07	0.550678
-14.08	0.550674
-14.09	0.55067
-14.1	0.550666
-14.11	0.550662
-14.12	0.550658
-14.13	0.550654
-14.14	0.55065
-14.15	0.550646
-14.16	0.550642
-14.17	0.550638
-14.18	0.550634
-14.19	0.55063
-14.2	0.550626
-14.21	0.550622
-14.22	0.550618
-14.23	0.550614
-14.24	0.550611
-14.25	0.550607
-14.26	0.550603
-14.27	0.550599
-14.28	0.550595
-14.29	0.550591
-14.3	0.550587
-14.31	0.550583
-14.32	0.55058
-14.33	0.550576
-14.34	0.550572
-14.35	0.550568
-14.36	0.550564
-14.37	0.55056
-14.38	0.550556
-14.39	0.550553
-14.4	0.550549
-14.41	0.550545
-14.42	0.550541
-14.43	0.550537
-14.44	0.550534
-14.45	0.55053
-14.46	0.550526
-14.47	0.550522
-14.48	0.550519
-14.49	0.550515
-14.5	0.550511
-14.51	0.550507
-14.52	0.550503
-14.53	0.5505
-14.54	0.550496
-14.55	0.550492
-14.56	0.550489
-14.57	0.550485
-14.58	0.550481
-14.59	0.550477
-14.6	0.550474
-14.61	0.55047
-14.62	0.550466
-14.63	0.550463
-14.64	0.550459
-14.65	0.550455
-14.66	0.550452
-14.67	0.550448
-14.68	0.550444
-14.69	0.55044
-14.7	0.550437
-14.71	0.550433
-14.72	0.55043
-14.73	0.550426
-14.74	0.550422
-14.75	0.550419
-14.76	0.550415
-14.77	0.550411
-14.78	0.550408
-14.79	0.550404
-14.8	0.5504
-14.81	0.550397
-14.82	0.550393
-14.83	0.55039
-14.84	0.550386
-14.85	0.550383
-14.86	0.550379
-14.87	0.550375
-14.88	0.550372
-14.89	0.550368
-14.9	0.550365
-14.91	0.550361
-14.92	0.550358
-14.93	0.550354
-14.94	0.55035
-14.95	0.550347
-14.96	0.550343
-14.97	0.55034
-14.98	0.550336
-14.99	0.550333
-15	0.550329
-15.01	0.550326
-15.02	0.550322
-15.03	0.550319
-15.04	0.550315
-15.05	0.550312
-15.06	0.550308
-15.07	0.550305
-15.08	0.550301
-15.09	0.550298
-15.1	0.550294
-15.11	0.550291
-15.12	0.550288
-15.13	0.550284
-15.14	0.550281
-15.15	0.550277
-15.16	0.550274
-15.17	0.55027
-15.18	0.550267
-15.19	0.550263
-15.2	0.55026
-15.21	0.550257
-15.22	0.550253
-15.23	0.55025
-15.24	0.550246
-15.25	0.550243
-15.26	0.55024
-15.27	0.550236
-15.28	0.550233
-15.29	0.550229
-15.3	0.550226
-15.31	0.550223
-15.32	0.550219
-15.33	0.550216
-15.34	0.550213
-15.35	0.550209
-15.36	0.550206
-15.37	0.550203
-15.38	0.550199
-15.39	0.550196
-15.4	0.550193
-15.41	0.550189
-15.42	0.550186
-15.43	0.550183
-15.44	0.550179
-15.45	0.550176
-15.46	0.550173
-15.47	0.550169
-15.48	0.550166
-15.49	0.550163
-15.5	0.55016
-15.51	0.550156
-15.52	0.550153
-15.53	0.55015
-15.54	0.550146
-15.55	0.550143
-15.56	0.55014
-15.57	0.550137
-15.58	0.550133
-15.59	0.55013
-15.6	0.550127
-15.61	0.550124
-15.62	0.55012
-15.63	0.550117
-15.64	0.550114
-15.65	0.550111
-15.66	0.550107
-15.67	0.550104
-15.68	0.550101
-15.69	0.550098
-15.7	0.550095
-15.71	0.550091
-15.72	0.550088
-15.73	0.550085
-15.74	0.550082
-15.75	0.550079
-15.76	0.550076
-15.77	0.550072
-15.78	0.550069
-15.79	0.550066
-15.8	0.550063
-15.81	0.55006
-15.82	0.550057
-15.83	0.550053
-15.84	0.55005
-15.85	0.550047
-15.86	0.550044
-15.87	0.550041
-15.88	0.550038
-15.89	0.550035
-15.9	0.550031
-15.91	0.550028
-15.92	0.550025
-15.93	0.550022
-15.94	0.550019
-15.95	0.550016
-15.96	0.550013
-15.97	0.55001
-15.98	0.550007
-15.99	0.550003
-16	0.55
-16.01	0.549997
-16.02	0.549994
-16.03	0.549991
-16.04	0.549988
-16.05	0.549985
-16.06	0.549982
-16.07	0.549979
-16.08	0.549976
-16.09	0.549973
-16.1	0.54997
-16.11	0.549967
-16.12	0.549964
-16.13	0.549961
-16.14	0.549958
-16.15	0.549955
-16.16	0.549952
-16.17	0.549949
-16.18	0.549946
-16.19	0.549942
-16.2	0.54994
-16.21	0.549937
-16.22	0.549933
-16.23	0.549931
-16.24	0.549928
-16.25	0.549925
-16.26	0.549922
-16.27	0.549919
-16.28	0.549916
-16.29	0.549913
-16.3	0.54991
-16.31	0.549907
-16.32	0.549904
-16.33	0.549901
-16.34	0.549898
-16.35	0.549895
-16.36	0.549892
-16.37	0.549889
-16.38	0.549886
-16.39	0.549883
-16.4	0.54988
-16.41	0.549877
-16.42	0.549874
-16.43	0.549871
-16.44	0.549868
-16.45	0.549865
-16.46	0.549863
-16.47	0.54986
-16.48	0.549857
-16.49	0.549854
-16.5	0.549851
-16.51	0.549848
-16.52	0.549845
-16.53	0.549842
-16.54	0.549839
-16.55	0.549837
-16.56	0.549834
-16.57	0.549831
-16.58	0.549828
-16.59	0.549825
-16.6	0.549822
-16.61	0.549819
-16.62	0.549816
-16.63	0.549814
-16.64	0.549811
-16.65	0.549808
-16.66	0.549805
-16.67	0.549802
-16.68	0.549799
-16.69	0.549797
-16.7	0.549794
-16.71	0.549791
-16.72	0.549788
-16.73	0.549785
-16.74	0.549782
-16.75	0.54978
-16.76	0.549777
-16.77	0.549774
-16.78	0.549771
-16.79	0.549768
-16.8	0.549766
-16.81	0.549763
-16.82	0.54976
-16.83	0.549757
-16.84	0.549755
-16.85	0.549752
-16.86	0.549749
-16.87	0.549746
-16.88	0.549743
-16.89	0.549741
-16.9	0.549738
-16.91	0.549735
-16.92	0.549732
-16.93	0.54973
-16.94	0.549727
-16.95	0.549724
-16.96	0.549721
-16.97	0.549719
-16.98	0.549716
-16.99	0.549713
-17	0.54971
-17.01	0.549708
-17.02	0.549705
-17.03	0.549702
-17.04	0.5497
-17.05	0.549697
-17.06	0.549694
-17.07	0.549691
-17.08	0.549689
-17.09	0.549686
-17.1	0.549683
-17.11	0.549681
-17.12	0.549678
-17.13	0.549675
-17.14	0.549673
-17.15	0.54967
-17.16	0.549667
-17.17	0.549664
-17.18	0.549662
-17.19	0.549659
-17.2	0.549657
-17.21	0.549654
-17.22	0.549651
-17.23	0.549649
-17.24	0.549646
-17.25	0.549643
-17.26	0.549641
-17.27	0.549638
-17.28	0.549635
-17.29	0.549633
-17.3	0.54963
-17.31	0.549627
-17.32	0.549625
-17.33	0.549622
-17.34	0.549619
-17.35	0.549617
-17.36	0.549614
-17.37	0.549612
-17.38	0.549609
-17.39	0.549606
-17.4	0.549604
-17.41	0.549601
-17.42	0.549599
-17.43	0.549596
-17.44	0.549593
-17.45	0.549591
-17.46	0.549588
-17.47	0.549586
-17.48	0.549583
-17.49	0.549581
-17.5	0.549578
-17.51	0.549575
-17.52	0.549573
-17.53	0.54957
-17.54	0.549568
-17.55	0.549565
-17.56	0.549563
-17.57	0.54956
-17.58	0.549557
-17.59	0.549555
-17.6	0.549552
-17.61	0.54955
-17.62	0.549547
-17.63	0.549545
-17.64	0.549542
-17.65	0.54954
-17.66	0.549537
-17.67	0.549535
-17.68	0.549532
-17.69	0.54953
-17.7	0.549527
-17.71	0.549525
-17.72	0.549522
-17.73	0.54952
-17.74	0.549517
-17.75	0.549515
-17.76	0.549512
-17.77	0.54951
-17.78	0.549507
-17.79	0.549505
-17.8	0.549502
-17.81	0.5495
-17.82	0.549497
-17.83	0.549495
-17.84	0.549492
-17.85	0.54949
-17.86	0.549487
-17.87	0.549485
-17.88	0.549482
-17.89	0.54948
-17.9	0.549477
-17.91	0.549475
-17.92	0.549472
-17.93	0.54947
-17.94	0.549468
-17.95	0.549465
-17.96	0.549463
-17.97	0.54946
-17.98	0.549458
-17.99	0.549455
-18	0.549453
-18.01	0.54945
-18.02	0.549448
-18.03	0.549446
-18.04	0.549443
-18.05	0.549441
-18.06	0.549438
-18.07	0.549436
-18.08	0.549434
-18.09	0.549431
-18.1	0.549429
-18.11	0.549426
-18.12	0.549424
-18.13	0.549422
-18.14	0.549419
-18.15	0.549417
-18.16	0.549414
-18.17	0.549412
-18.18	0.54941
-18.19	0.549407
-18.2	0.549405
-18.21	0.549402
-18.22	0.5494
-18.23	0.549398
-18.24	0.549395
-18.25	0.549393
-18.26	0.549391
-18.27	0.549388
-18.28	0.549386
-18.29	0.549384
-18.3	0.549381
-18.31	0.549379
-18.32	0.549376
-18.33	0.549374
-18.34	0.549372
-18.35	0.549369
-18.36	0.549367
-18.37	0.549365
-18.38	0.549362
-18.39	0.54936
-18.4	0.549358
-18.41	0.549355
-18.42	0.549353
-18.43	0.549351
-18.44	0.549349
-18.45	0.549346
-18.46	0.549344
-18.47	0.549342
-18.48	0.549339
-18.49	0.549337
-18.5	0.549335
-18.51	0.549332
-18.52	0.54933
-18.53	0.549328
-18.54	0.549325
-18.55	0.549323
-18.56	0.549321
-18.57	0.549319
-18.58	0.549316
-18.59	0.549314
-18.6	0.549312
-18.61	0.549309
-18.62	0.549307
-18.63	0.549305
-18.64	0.549303
-18.65	0.5493
-18.66	0.549298
-18.67	0.549296
-18.68	0.549294
-18.69	0.549291
-18.7	0.549289
-18.71	0.549287
-18.72	0.549285
-18.73	0.549282
-18.74	0.54928
-18.75	0.549278
-18.76	0.549276
-18.77	0.549273
-18.78	0.549271
-18.79	0.549269
-18.8	0.549267
-18.81	0.549265
-18.82	0.549262
-18.83	0.54926
-18.84	0.549258
-18.85	0.549256
-18.86	0.549253
-18.87	0.549251
-18.88	0.549249
-18.89	0.549247
-18.9	0.549245
-18.91	0.549242
-18.92	0.54924
-18.93	0.549238
-18.94	0.549236
-18.95	0.549234
-18.96	0.549231
-18.97	0.549229
-18.98	0.549227
-18.99	0.549225
-19	0.549223
-19.01	0.549221
-19.02	0.549218
-19.03	0.549216
-19.04	0.549214
-19.05	0.549212
-19.06	0.54921
-19.07	0.549208
-19.08	0.549205
-19.09	0.549203
-19.1	0.549201
-19.11	0.549199
-19.12	0.549197
-19.13	0.549195
-19.14	0.549192
-19.15	0.54919
-19.16	0.549188
-19.17	0.549186
-19.18	0.549184
-19.19	0.549182
-19.2	0.54918
-19.21	0.549177
-19.22	0.549175
-19.23	0.549173
-19.24	0.549171
-19.25	0.549169
-19.26	0.549167
-19.27	0.549165
-19.28	0.549163
-19.29	0.54916
-19.3	0.549158
-19.31	0.549156
-19.32	0.549154
-19.33	0.549152
-19.34	0.54915
-19.35	0.549148
-19.36	0.549146
-19.37	0.549144
-19.38	0.549141
-19.39	0.549139
-19.4	0.549137
-19.41	0.549135
-19.42	0.549133
-19.43	0.549131
-19.44	0.549129
-19.45	0.549127
-19.46	0.549125
-19.47	0.549123
-19.48	0.549121
-19.49	0.549119
-19.5	0.549116
-19.51	0.549114
-19.52	0.549112
-19.53	0.54911
-19.54	0.549108
-19.55	0.549106
-19.56	0.549104
-19.57	0.549102
-19.58	0.5491
-19.59	0.549098
-19.6	0.549096
-19.61	0.549094
-19.62	0.549092
-19.63	0.54909
-19.64	0.549088
-19.65	0.549086
-19.66	0.549084
-19.67	0.549082
-19.68	0.54908
-19.69	0.549078
-19.7	0.549076
-19.71	0.549074
-19.72	0.549071
-19.73	0.549069
-19.74	0.549067
-19.75	0.549065
-19.76	0.549063
-19.77	0.549061
-19.78	0.549059
-19.79	0.549057
-19.8	0.549055
-19.81	0.549053
-19.82	0.549051
-19.83	0.549049
-19.84	0.549047
-19.85	0.549045
-19.86	0.549043
-19.87	0.549041
-19.88	0.549039
-19.89	0.549037
-19.9	0.549035
-19.91	0.549033
-19.92	0.549031
-19.93	0.549029
-19.94	0.549027
-19.95	0.549025
-19.96	0.549024
-19.97	0.549022
-19.98	0.54902
-19.99	0.549018
-20	0.549016
-20.01	0.549014
-20.02	0.549012
-20.03	0.54901
-20.04	0.549008
-20.05	0.549006
-20.06	0.549004
-20.07	0.549002
-20.08	0.549
-20.09	0.548998
-20.1	0.548996
-20.11	0.548994
-20.12	0.548992
-20.13	0.54899
-20.14	0.548988
-20.15	0.548986
-20.16	0.548984
-20.17	0.548983
-20.18	0.548981
-20.19	0.548979
-20.2	0.548977
-20.21	0.548975
-20.22	0.548973
-20.23	0.548971
-20.24	0.548969
-20.25	0.548967
-20.26	0.548965
-20.27	0.548963
-20.28	0.548961
-20.29	0.548959
-20.3	0.548958
-20.31	0.548956
-20.32	0.548954
-20.33	0.548952
-20.34	0.54895
-20.35	0.548948
-20.36	0.548946
-20.37	0.548944
-20.38	0.548942
-20.39	0.54894
-20.4	0.548939
-20.41	0.548937
-20.42	0.548935
-20.43	0.548933
-20.44	0.548931
-20.45	0.548929
-20.46	0.548927
-20.47	0.548925
-20.48	0.548923
-20.49	0.548922
-20.5	0.54892
-20.51	0.548918
-20.52	0.548916
-20.53	0.548914
-20.54	0.548912
-20.55	0.54891
-20.56	0.548909
-20.57	0.548907
-20.58	0.548905
-20.59	0.548903
-20.6	0.548901
-20.61	0.548899
-20.62	0.548897
-20.63	0.548896
-20.64	0.548894
-20.65	0.548892
-20.66	0.54889
-20.67	0.548888
-20.68	0.548886
-20.69	0.548885
-20.7	0.548883
-20.71	0.548881
-20.72	0.548879
-20.73	0.548877
-20.74	0.548875
-20.75	0.548874
-20.76	0.548872
-20.77	0.54887
-20.78	0.548868
-20.79	0.548866
-20.8	0.548864
-20.81	0.548863
-20.82	0.548861
-20.83	0.548859
-20.84	0.548857
-20.85	0.548855
-20.86	0.548854
-20.87	0.548852
-20.88	0.54885
-20.89	0.548848
-20.9	0.548846
-20.91	0.548845
-20.92	0.548843
-20.93	0.548841
-20.94	0.548839
-20.95	0.548837
-20.96	0.548836
-20.97	0.548834
-20.98	0.548832
-20.99	0.54883
-21	0.548828
-21.01	0.548827
-21.02	0.548825
-21.03	0.548823
-21.04	0.548821
-21.05	0.54882
-21.06	0.548818
-21.07	0.548816
-21.08	0.548814
-21.09	0.548812
-21.1	0.548811
-21.11	0.548809
-21.12	0.548807
-21.13	0.548805
-21.14	0.548804
-21.15	0.548802
-21.16	0.5488
-21.17	0.548798
-21.18	0.548797
-21.19	0.548795
-21.2	0.548793
-21.21	0.548791
-21.22	0.54879
-21.23	0.548788
-21.24	0.548786
-21.25	0.548784
-21.26	0.548783
-21.27	0.548781
-21.28	0.548779
-21.29	0.548777
-21.3	0.548776
-21.31	0.548774
-21.32	0.548772
-21.33	0.54877
-21.34	0.548769
-21.35	0.548767
-21.36	0.548765
-21.37	0.548764
-21.38	0.548762
-21.39	0.54876
-21.4	0.548758
-21.41	0.548757
-21.42	0.548755
-21.43	0.548753
-21.44	0.548752
-21.45	0.54875
-21.46	0.548748
-21.47	0.548746
-21.48	0.548745
-21.49	0.548743
-21.5	0.548741
-21.51	0.54874
-21.52	0.548738
-21.53	0.548736
-21.54	0.548735
-21.55	0.548733
-21.56	0.548731
-21.57	0.54873
-21.58	0.548728
-21.59	0.548726
-21.6	0.548724
-21.61	0.548723
-21.62	0.548721
-21.63	0.548719
-21.64	0.548718
-21.65	0.548716
-21.66	0.548714
-21.67	0.548713
-21.68	0.548711
-21.69	0.548709
-21.7	0.548708
-21.71	0.548706
-21.72	0.548704
-21.73	0.548703
-21.74	0.548701
-21.75	0.548699
-21.76	0.548698
-21.77	0.548696
-21.78	0.548694
-21.79	0.548693
-21.8	0.548691
-21.81	0.548689
-21.82	0.548688
-21.83	0.548686
-21.84	0.548684
-21.85	0.548683
-21.86	0.548681
-21.87	0.54868
-21.88	0.548678
-21.89	0.548676
-21.9	0.548675
-21.91	0.548673
-21.92	0.548671
-21.93	0.54867
-21.94	0.548668
-21.95	0.548666
-21.96	0.548665
-21.97	0.548663
-21.98	0.548662
-21.99	0.54866
-22	0.548658
-22.01	0.548657
-22.02	0.548655
-22.03	0.548653
-22.04	0.548652
-22.05	0.54865
-22.06	0.548649
-22.07	0.548647
-22.08	0.548645
-22.09	0.548644
-22.1	0.548642
-22.11	0.548641
-22.12	0.548639
-22.13	0.548637
-22.14	0.548636
-22.15	0.548634
-22.16	0.548633
-22.17	0.548631
-22.18	0.548629
-22.19	0.548628
-22.2	0.548626
-22.21	0.548625
-22.22	0.548623
-22.23	0.548621
-22.24	0.54862
-22.25	0.548618
-22.26	0.548617
-22.27	0.548615
-22.28	0.548613
-22.29	0.548612
-22.3	0.54861
-22.31	0.548609
-22.32	0.548607
-22.33	0.548606
-22.34	0.548604
-22.35	0.548602
-22.36	0.548601
-22.37	0.548599
-22.38	0.548598
-22.39	0.548596
-22.4	0.548595
-22.41	0.548593
-22.42	0.548591
-22.43	0.54859
-22.44	0.548588
-22.45	0.548587
-22.46	0.548585
-22.47	0.548584
-22.48	0.548582
-22.49	0.548581
-22.5	0.548579
-22.51	0.548577
-22.52	0.548576
-22.53	0.548574
-22.54	0.548573
-22.55	0.548571
-22.56	0.54857
-22.57	0.548568
-22.58	0.548567
-22.59	0.548565
-22.6	0.548564
-22.61	0.548562
-22.62	0.54856
-22.63	0.548559
-22.64	0.548557
-22.65	0.548556
-22.66	0.548554
-22.67	0.548553
-22.68	0.548551
-22.69	0.54855
-22.7	0.548548
-22.71	0.548547
-22.72	0.548545
-22.73	0.548544
-22.74	0.548542
-22.75	0.548541
-22.76	0.548539
-22.77	0.548538
-22.78	0.548536
-22.79	0.548535
-22.8	0.548533
-22.81	0.548532
-22.82	0.54853
-22.83	0.548528
-22.84	0.548527
-22.85	0.548526
-22.86	0.548524
-22.87	0.548523
-22.88	0.548521
-22.89	0.548519
-22.9	0.548518
-22.91	0.548517
-22.92	0.548515
-22.93	0.548514
-22.94	0.548512
-22.95	0.548511
-22.96	0.548509
-22.97	0.548508
-22.98	0.548506
-22.99	0.548505
-23	0.548503
-23.01	0.548502
-23.02	0.5485
-23.03	0.548499
-23.04	0.548497
-23.05	0.548496
-23.06	0.548494
-23.07	0.548493
-23.08	0.548491
-23.09	0.54849
-23.1	0.548488
-23.11	0.548487
-23.12	0.548485
-23.13	0.548484
-23.14	0.548482
-23.15	0.548481
-23.16	0.548479
-23.17	0.548478
-23.18	0.548477
-23.19	0.548475
-23.2	0.548474
-23.21	0.548472
-23.22	0.548471
-23.23	0.548469
-23.24	0.548468
-23.25	0.548466
-23.26	0.548465
-23.27	0.548463
-23.28	0.548462
-23.29	0.548461
-23.3	0.548459
-23.31	0.548458
-23.32	0.548456
-23.33	0.548455
-23.34	0.548453
-23.35	0.548452
-23.36	0.54845
-23.37	0.548449
-23.38	0.548448
-23.39	0.548446
-23.4	0.548445
-23.41	0.548443
-23.42	0.548442
-23.43	0.54844
-23.44	0.548439
-23.45	0.548438
-23.46	0.548436
-23.47	0.548435
-23.48	0.548433
-23.49	0.548432
-23.5	0.54843
-23.51	0.548429
-23.52	0.548428
-23.53	0.548426
-23.54	0.548425
-23.55	0.548423
-23.56	0.548422
-23.57	0.548421
-23.58	0.548419
-23.59	0.548418
-23.6	0.548416
-23.61	0.548415
-23.62	0.548414
-23.63	0.548412
-23.64	0.548411
-23.65	0.548409
-23.66	0.548408
-23.67	0.548406
-23.68	0.548405
-23.69	0.548404
-23.7	0.548402
-23.71	0.548401
-23.72	0.5484
-23.73	0.548398
-23.74	0.548397
-23.75	0.548395
-23.76	0.548394
-23.77	0.548393
-23.78	0.548391
-23.79	0.54839
-23.8	0.548388
-23.81	0.548387
-23.82	0.548386
-23.83	0.548384
-23.84	0.548383
-23.85	0.548381
-23.86	0.54838
-23.87	0.548379
-23.88	0.548377
-23.89	0.548376
-23.9	0.548375
-23.91	0.548373
-23.92	0.548372
-23.93	0.54837
-23.94	0.548369
-23.95	0.548368
-23.96	0.548366
-23.97	0.548365
-23.98	0.548364
-23.99	0.548362
-24	0.548361
-24.01	0.54836
-24.02	0.548358
-24.03	0.548357
-24.04	0.548355
-24.05	0.548354
-24.06	0.548353
-24.07	0.548351
-24.08	0.54835
-24.09	0.548349
-24.1	0.548347
-24.11	0.548346
-24.12	0.548345
-24.13	0.548343
-24.14	0.548342
-24.15	0.548341
-24.16	0.548339
-24.17	0.548338
-24.18	0.548337
-24.19	0.548335
-24.2	0.548334
-24.21	0.548333
-24.22	0.548331
-24.23	0.54833
-24.24	0.548329
-24.25	0.548327
-24.26	0.548326
-24.27	0.548325
-24.28	0.548323
-24.29	0.548322
-24.3	0.548321
-24.31	0.548319
-24.32	0.548318
-24.33	0.548317
-24.34	0.548315
-24.35	0.548314
-24.36	0.548313
-24.37	0.548311
-24.38	0.54831
-24.39	0.548309
-24.4	0.548307
-24.41	0.548306
-24.42	0.548305
-24.43	0.548303
-24.44	0.548302
-24.45	0.548301
-24.46	0.548299
-24.47	0.548298
-24.48	0.548297
-24.49	0.548295
-24.5	0.548294
-24.51	0.548293
-24.52	0.548292
-24.53	0.54829
-24.54	0.548289
-24.55	0.548288
-24.56	0.548286
-24.57	0.548285
-24.58	0.548284
-24.59	0.548282
-24.6	0.548281
-24.61	0.54828
-24.62	0.548279
-24.63	0.548277
-24.64	0.548276
-24.65	0.548275
-24.66	0.548273
-24.67	0.548272
-24.68	0.548271
-24.69	0.54827
-24.7	0.548268
-24.71	0.548267
-24.72	0.548266
-24.73	0.548264
-24.74	0.548263
-24.75	0.548262
-24.76	0.548261
-24.77	0.548259
-24.78	0.548258
-24.79	0.548257
-24.8	0.548255
-24.81	0.548254
-24.82	0.548253
-24.83	0.548252
-24.84	0.54825
-24.85	0.548249
-24.86	0.548248
-24.87	0.548247
-24.88	0.548245
-24.89	0.548244
-24.9	0.548243
-24.91	0.548241
-24.92	0.54824
-24.93	0.548239
-24.94	0.548238
-24.95	0.548236
-24.96	0.548235
-24.97	0.548234
-24.98	0.548233
-24.99	0.548231
-25	0.54823
-25.01	0.548229
-25.02	0.548228
-25.03	0.548226
-25.04	0.548225
-25.05	0.548224
-25.06	0.548223
-25.07	0.548221
-25.08	0.54822
-25.09	0.548219
-25.1	0.548218
-25.11	0.548216
-25.12	0.548215
-25.13	0.548214
-25.14	0.548213
-25.15	0.548211
-25.16	0.54821
-25.17	0.548209
-25.18	0.548208
-25.19	0.548206
-25.2	0.548205
-25.21	0.548204
-25.22	0.548203
-25.23	0.548202
-25.24	0.5482
-25.25	0.548199
-25.26	0.548198
-25.27	0.548197
-25.28	0.548195
-25.29	0.548194
-25.3	0.548193
-25.31	0.548192
-25.32	0.54819
-25.33	0.548189
-25.34	0.548188
-25.35	0.548187
-25.36	0.548186
-25.37	0.548184
-25.38	0.548183
-25.39	0.548182
-25.4	0.548181
-25.41	0.548179
-25.42	0.548178
-25.43	0.548177
-25.44	0.548176
-25.45	0.548175
-25.46	0.548173
-25.47	0.548172
-25.48	0.548171
-25.49	0.54817
-25.5	0.548169
-25.51	0.548167
-25.52	0.548166
-25.53	0.548165
-25.54	0.548164
-25.55	0.548163
-25.56	0.548161
-25.57	0.54816
-25.58	0.548159
-25.59	0.548158
-25.6	0.548157
-25.61	0.548155
-25.62	0.548154
-25.63	0.548153
-25.64	0.548152
-25.65	0.548151
-25.66	0.548149
-25.67	0.548148
-25.68	0.548147
-25.69	0.548146
-25.7	0.548145
-25.71	0.548143
-25.72	0.548142
-25.73	0.548141
-25.74	0.54814
-25.75	0.548139
-25.76	0.548138
-25.77	0.548136
-25.78	0.548135
-25.79	0.548134
-25.8	0.548133
-25.81	0.548132
-25.82	0.54813
-25.83	0.548129
-25.84	0.548128
-25.85	0.548127
-25.86	0.548126
-25.87	0.548125
-25.88	0.548123
-25.89	0.548122
-25.9	0.548121
-25.91	0.54812
-25.92	0.548119
-25.93	0.548118
-25.94	0.548116
-25.95	0.548115
-25.96	0.548114
-25.97	0.548113
-25.98	0.548112
-25.99	0.548111
-26	0.548109
-26.01	0.548108
-26.02	0.548107
-26.03	0.548106
-26.04	0.548105
-26.05	0.548104
-26.06	0.548102
-26.07	0.548101
-26.08	0.5481
-26.09	0.548099
-26.1	0.548098
-26.11	0.548097
-26.12	0.548096
-26.13	0.548094
-26.14	0.548093
-26.15	0.548092
-26.16	0.548091
-26.17	0.54809
-26.18	0.548089
-26.19	0.548088
-26.2	0.548086
-26.21	0.548085
-26.22	0.548084
-26.23	0.548083
-26.24	0.548082
-26.25	0.548081
-26.26	0.54808
-26.27	0.548078
-26.28	0.548077
-26.29	0.548076
-26.3	0.548075
-26.31	0.548074
-26.32	0.548073
-26.33	0.548072
-26.34	0.54807
-26.35	0.548069
-26.36	0.548068
-26.37	0.548067
-26.38	0.548066
-26.39	0.548065
-26.4	0.548064
-26.41	0.548063
-26.42	0.548061
-26.43	0.54806
-26.44	0.548059
-26.45	0.548058
-26.46	0.548057
-26.47	0.548056
-26.48	0.548055
-26.49	0.548054
-26.5	0.548052
-26.51	0.548051
-26.52	0.54805
-26.53	0.548049
-26.54	0.548048
-26.55	0.548047
-26.56	0.548046
-26.57	0.548045
-26.58	0.548044
-26.59	0.548042
-26.6	0.548041
-26.61	0.54804
-26.62	0.548039
-26.63	0.548038
-26.64	0.548037
-26.65	0.548036
-26.66	0.548035
-26.67	0.548034
-26.68	0.548033
-26.69	0.548031
-26.7	0.54803
-26.71	0.548029
-26.72	0.548028
-26.73	0.548027
-26.74	0.548026
-26.75	0.548025
-26.76	0.548024
-26.77	0.548023
-26.78	0.548022
-26.79	0.54802
-26.8	0.548019
-26.81	0.548018
-26.82	0.548017
-26.83	0.548016
-26.84	0.548015
-26.85	0.548014
-26.86	0.548013
-26.87	0.548012
-26.88	0.548011
-26.89	0.54801
-26.9	0.548009
-26.91	0.548007
-26.92	0.548006
-26.93	0.548005
-26.94	0.548004
-26.95	0.548003
-26.96	0.548002
-26.97	0.548001
-26.98	0.548
-26.99	0.547999
-27	0.547998
-27.01	0.547997
-27.02	0.547996
-27.03	0.547994
-27.04	0.547993
-27.05	0.547992
-27.06	0.547991
-27.07	0.54799
-27.08	0.547989
-27.09	0.547988
-27.1	0.547987
-27.11	0.547986
-27.12	0.547985
-27.13	0.547984
-27.14	0.547983
-27.15	0.547982
-27.16	0.547981
-27.17	0.54798
-27.18	0.547979
-27.19	0.547977
-27.2	0.547976
-27.21	0.547975
-27.22	0.547974
-27.23	0.547973
-27.24	0.547972
-27.25	0.547971
-27.26	0.54797
-27.27	0.547969
-27.28	0.547968
-27.29	0.547967
-27.3	0.547966
-27.31	0.547965
-27.32	0.547964
-27.33	0.547963
-27.34	0.547962
-27.35	0.547961
-27.36	0.54796
-27.37	0.547958
-27.38	0.547957
-27.39	0.547956
-27.4	0.547955
-27.41	0.547954
-27.42	0.547953
-27.43	0.547952
-27.44	0.547951
-27.45	0.54795
-27.46	0.547949
-27.47	0.547948
-27.48	0.547947
-27.49	0.547946
-27.5	0.547945
-27.51	0.547944
-27.52	0.547943
-27.53	0.547942
-27.54	0.547941
-27.55	0.54794
-27.56	0.547939
-27.57	0.547938
-27.58	0.547937
-27.59	0.547936
-27.6	0.547935
-27.61	0.547934
-27.62	0.547933
-27.63	0.547932
-27.64	0.547931
-27.65	0.547929
-27.66	0.547928
-27.67	0.547927
-27.68	0.547926
-27.69	0.547925
-27.7	0.547924
-27.71	0.547923
-27.72	0.547922
-27.73	0.547921
-27.74	0.54792
-27.75	0.547919
-27.76	0.547918
-27.77	0.547917
-27.78	0.547916
-27.79	0.547915
-27.8	0.547914
-27.81	0.547913
-27.82	0.547912
-27.83	0.547911
-27.84	0.54791
-27.85	0.547909
-27.86	0.547908
-27.87	0.547907
-27.88	0.547906
-27.89	0.547905
-27.9	0.547904
-27.91	0.547903
-27.92	0.547902
-27.93	0.547901
-27.94	0.5479
-27.95	0.547899
-27.96	0.547898
-27.97	0.547897
-27.98	0.547896
-27.99	0.547895
-28	0.547894
-28.01	0.547893
-28.02	0.547892
-28.03	0.547891
-28.04	0.54789
-28.05	0.547889
-28.06	0.547888
-28.07	0.547887
-28.08	0.547886
-28.09	0.547885
-28.1	0.547884
-28.11	0.547883
-28.12	0.547882
-28.13	0.547881
-28.14	0.54788
-28.15	0.547879
-28.16	0.547878
-28.17	0.547877
-28.18	0.547876
-28.19	0.547875
-28.2	0.547874
-28.21	0.547873
-28.22	0.547872
-28.23	0.547871
-28.24	0.54787
-28.25	0.547869
-28.26	0.547868
-28.27	0.547867
-28.28	0.547866
-28.29	0.547865
-28.3	0.547864
-28.31	0.547863
-28.32	0.547862
-28.33	0.547861
-28.34	0.547861
-28.35	0.547859
-28.36	0.547859
-28.37	0.547858
-28.38	0.547857
-28.39	0.547856
-28.4	0.547855
-28.41	0.547854
-28.42	0.547853
-28.43	0.547852
-28.44	0.547851
-28.45	0.54785
-28.46	0.547849
-28.47	0.547848
-28.48	0.547847
-28.49	0.547846
-28.5	0.547845
-28.51	0.547844
-28.52	0.547843
-28.53	0.547842
-28.54	0.547841
-28.55	0.54784
-28.56	0.547839
-28.57	0.547838
-28.58	0.547837
-28.59	0.547836
-28.6	0.547835
-28.61	0.547834
-28.62	0.547833
-28.63	0.547832
-28.64	0.547832
-28.65	0.547831
-28.66	0.54783
-28.67	0.547829
-28.68	0.547828
-28.69	0.547827
-28.7	0.547826
-28.71	0.547825
-28.72	0.547824
-28.73	0.547823
-28.74	0.547822
-28.75	0.547821
-28.76	0.54782
-28.77	0.547819
-28.78	0.547818
-28.79	0.547817
-28.8	0.547816
-28.81	0.547815
-28.82	0.547814
-28.83	0.547813
-28.84	0.547813
-28.85	0.547812
-28.86	0.547811
-28.87	0.54781
-28.88	0.547809
-28.89	0.547808
-28.9	0.547807
-28.91	0.547806
-28.92	0.547805
-28.93	0.547804
-28.94	0.547803
-28.95	0.547802
-28.96	0.547801
-28.97	0.5478
-28.98	0.547799
-28.99	0.547799
-29	0.547798
-29.01	0.547797
-29.02	0.547796
-29.03	0.547795
-29.04	0.547794
-29.05	0.547793
-29.06	0.547792
-29.07	0.547791
-29.08	0.54779
-29.09	0.547789
-29.1	0.547788
-29.11	0.547787
-29.12	0.547786
-29.13	0.547786
-29.14	0.547785
-29.15	0.547784
-29.16	0.547783
-29.17	0.547782
-29.18	0.547781
-29.19	0.54778
-29.2	0.547779
-29.21	0.547778
-29.22	0.547777
-29.23	0.547776
-29.24	0.547775
-29.25	0.547774
-29.26	0.547774
-29.27	0.547773
-29.28	0.547772
-29.29	0.547771
-29.3	0.54777
-29.31	0.547769
-29.32	0.547768
-29.33	0.547767
-29.34	0.547766
-29.35	0.547765
-29.36	0.547764
-29.37	0.547764
-29.38	0.547763
-29.39	0.547762
-29.4	0.547761
-29.41	0.54776
-29.42	0.547759
-29.43	0.547758
-29.44	0.547757
-29.45	0.547756
-29.46	0.547755
-29.47	0.547754
-29.48	0.547754
-29.49	0.547753
-29.5	0.547752
-29.51	0.547751
-29.52	0.54775
-29.53	0.547749
-29.54	0.547748
-29.55	0.547747
-29.56	0.547746
-29.57	0.547745
-29.58	0.547745
-29.59	0.547744
-29.6	0.547743
-29.61	0.547742
-29.62	0.547741
-29.63	0.54774
-29.64	0.547739
-29.65	0.547738
-29.66	0.547737
-29.67	0.547737
-29.68	0.547736
-29.69	0.547735
-29.7	0.547734
-29.71	0.547733
-29.72	0.547732
-29.73	0.547731
-29.74	0.54773
-29.75	0.547729
-29.76	0.547729
-29.77	0.547728
-29.78	0.547727
-29.79	0.547726
-29.8	0.547725
-29.81	0.547724
-29.82	0.547723
-29.83	0.547722
-29.84	0.547722
-29.85	0.547721
-29.86	0.54772
-29.87	0.547719
-29.88	0.547718
-29.89	0.547717
-29.9	0.547716
-29.91	0.547715
-29.92	0.547715
-29.93	0.547714
-29.94	0.547713
-29.95	0.547712
-29.96	0.547711
-29.97	0.54771
-29.98	0.547709
-29.99	0.547708
-30	0.547707
