x	y
30	0.552873
29.99	0.552874
29.98	0.552875
29.97	0.552876
29.96	0.552877
29.95	0.552878
29.94	0.552879
29.93	0.55288
29.92	0.552881
29.91	0.552881
29.9	0.552882
29.89	0.552883
29.88	0.552884
29.87	0.552885
29.86	0.552886
29.85	0.552887
29.84	0.552888
29.83	0.552889
29.82	0.552889
29.81	0.55289
29.8	0.552891
29.79	0.552892
29.78	0.552893
29.77	0.552894
29.76	0.552895
29.75	0.552896
29.74	0.552897
29.73	0.552898
29.72	0.552898
29.71	0.552899
29.7	0.5529
29.69	0.552901
29.68	0.552902
29.67	0.552903
29.66	0.552904
29.65	0.552905
29.64	0.552906
29.63	0.552907
29.62	0.552907
29.61	0.552908
29.6	0.552909
29.59	0.55291
29.58	0.552911
29.57	0.552912
29.56	0.552913
29.55	0.552914
29.54	0.552915
29.53	0.552916
29.52	0.552917
29.51	0.552917
29.5	0.552918
29.49	0.552919
29.48	0.55292
29.47	0.552921
29.46	0.552922
29.45	0.552923
29.44	0.552924
29.43	0.552925
29.42	0.552926
29.41	0.552927
29.4	0.552928
29.39	0.552929
29.38	0.552929
29.37	0.55293
29.36	0.552931
29.35	0.552932
29.34	0.552933
29.33	0.552934
29.32	0.552935
29.31	0.552936
29.3	0.552937
29.29	0.552938
29.28	0.552939
29.27	0.55294
29.26	0.552941
29.25	0.552942
29.24	0.552942
29.23	0.552943
29.22	0.552944
29.21	0.552945
29.2	0.552946
29.19	0.552947
29.18	0.552948
29.17	0.552949
29.16	0.55295
29.15	0.552951
29.14	0.552952
29.13	0.552953
29.12	0.552954
29.11	0.552955
29.1	0.552956
29.09	0.552956
29.08	0.552957
29.07	0.552958
29.06	0.552959
29.05	0.55296
29.04	0.552961
29.03	0.552962
29.02	0.552963
29.01	0.552964
29	0.552965
28.99	0.552966
28.98	0.552967
28.97	0.552968
28.96	0.552969
28.95	0.55297
28.94	0.552971
28.93	0.552972
28.92	0.552973
28.91	0.552974
28.9	0.552974
28.89	0.552975
28.88	0.552976
28.87	0.552977
28.86	0.552978
28.85	0.552979
28.84	0.55298
28.83	0.552981
28.82	0.552982
28.81	0.552983
28.8	0.552984
28.79	0.552985
28.78	0.552986
28.77	0.552987
28.76	0.552988
28.75	0.552989
28.74	0.55299
28.73	0.552991
28.72	0.552992
28.71	0.552993
28.7	0.552994
28.69	0.552995
28.68	0.552996
28.67	0.552997
28.66	0.552998
28.65	0.552999
28.64	0.552999
28.63	0.553
28.62	0.553001
28.61	0.553002
28.6	0.553003
28.59	0.553004
28.58	0.553005
28.57	0.553006
28.56	0.553007
28.55	0.553008
28.54	0.553009
28.53	0.55301
28.52	0.553011
28.51	0.553012
28.5	0.553013
28.49	0.553014
28.48	0.553015
28.47	0.553016
28.46	0.553017
28.45	0.553018
28.44	0.553019
28.43	0.55302
28.42	0.553021
28.41	0.553022
28.4	0.553023
28.39	0.553024
28.38	0.553025
28.37	0.553026
28.36	0.553027
28.35	0.553028
28.34	0.553029
28.33	0.55303
28.32	0.553031
28.31	0.553032
28.3	0.553033
28.29	0.553034
28.28	0.553035
28.27	0.553036
28.26	0.553037
28.25	0.553038
28.24	0.553039
28.23	0.55304
28.22	0.553041
28.21	0.553042
28.2	0.553043
28.19	0.553044
28.18	0.553045
28.17	0.553046
28.16	0.553047
28.15	0.553048
28.14	0.553049
28.13	0.55305
28.12	0.553051
28.11	0.553052
28.1	0.553053
28.09	0.553054
28.08	0.553055
28.07	0.553056
28.06	0.553057
28.05	0.553058
28.04	0.553059
28.03	0.55306
28.02	0.553061
28.01	0.553062
28	0.553063
27.99	0.553064
27.98	0.553065
27.97	0.553066
27.96	0.553067
27.95	0.553068
27.94	0.553069
27.93	0.55307
27.92	0.553071
27.91	0.553072
27.9	0.553073
27.89	0.553074
27.88	0.553075
27.87	0.553076
27.86	0.553077
27.85	0.553078
27.84	0.553079
27.83	0.55308
27.82	0.553082
27.81	0.553083
27.8	0.553084
27.79	0.553085
27.78	0.553086
27.77	0.553087
27.76	0.553088
27.75	0.553089
27.74	0.55309
27.73	0.553091
27.72	0.553092
27.71	0.553093
27.7	0.553094
27.69	0.553095
27.68	0.553096
27.67	0.553097
27.66	0.553098
27.65	0.553099
27.64	0.5531
27.63	0.553101
27.62	0.553102
27.61	0.553103
27.6	0.553104
27.59	0.553105
27.58	0.553106
27.57	0.553108
27.56	0.553109
27.55	0.55311
27.54	0.553111
27.53	0.553112
27.52	0.553113
27.51	0.553114
27.5	0.553115
27.49	0.553116
27.48	0.553117
27.47	0.553118
27.46	0.553119
27.45	0.55312
27.44	0.553121
27.43	0.553122
27.42	0.553123
27.41	0.553124
27.4	0.553125
27.39	0.553127
27.38	0.553128
27.37	0.553129
27.36	0.55313
27.35	0.553131
27.34	0.553132
27.33	0.553133
27.32	0.553134
27.31	0.553135
27.3	0.553136
27.29	0.553137
27.28	0.553138
27.27	0.553139
27.26	0.55314
27.25	0.553141
27.24	0.553142
27.23	0.553144
27.22	0.553145
27.21	0.553146
27.2	0.553147
27.19	0.553148
27.18	0.553149
27.17	0.55315
27.16	0.553151
27.15	0.553152
27.14	0.553153
27.13	0.553154
27.12	0.553155
27.11	0.553157
27.1	0.553158
27.09	0.553159
27.08	0.55316
27.07	0.553161
27.06	0.553162
27.05	0.553163
27.04	0.553164
27.03	0.553165
27.02	0.553166
27.01	0.553167
27	0.553169
26.99	0.55317
26.98	0.553171
26.97	0.553172
26.96	0.553173
26.95	0.553174
26.94	0.553175
26.93	0.553176
26.92	0.553177
26.91	0.553178
26.9	0.55318
26.89	0.553181
26.88	0.553182
26.87	0.553183
26.86	0.553184
26.85	0.553185
26.84	0.553186
26.83	0.553187
26.82	0.553188
26.81	0.553189
26.8	0.553191
26.79	0.553192
26.78	0.553193
26.77	0.553194
26.76	0.553195
26.75	0.553196
26.74	0.553197
26.73	0.553198
26.72	0.553199
26.71	0.553201
26.7	0.553202
26.69	0.553203
26.68	0.553204
26.67	0.553205
26.66	0.553206
26.65	0.553207
26.64	0.553208
26.63	0.55321
26.62	0.553211
26.61	0.553212
26.6	0.553213
26.59	0.553214
26.58	0.553215
26.57	0.553216
26.56	0.553217
26.55	0.553219
26.54	0.55322
26.53	0.553221
26.52	0.553222
26.51	0.553223
26.5	0.553224
26.49	0.553225
26.48	0.553227
26.47	0.553228
26.46	0.553229
26.45	0.55323
26.44	0.553231
26.43	0.553232
26.42	0.553233
26.41	0.553235
26.4	0.553236
26.39	0.553237
26.38	0.553238
26.37	0.553239
26.36	0.55324
26.35	0.553241
26.34	0.553243
26.33	0.553244
26.32	0.553245
26.31	0.553246
26.3	0.553247
26.29	0.553248
26.28	0.553249
26.27	0.553251
26.26	0.553252
26.25	0.553253
26.24	0.553254
26.23	0.553255
26.22	0.553256
26.21	0.553258
26.2	0.553259
26.19	0.55326
26.18	0.553261
26.17	0.553262
26.16	0.553263
26.15	0.553264
26.14	0.553266
26.13	0.553267
26.12	0.553268
26.11	0.553269
26.1	0.55327
26.09	0.553272
26.08	0.553273
26.07	0.553274
26.06	0.553275
26.05	0.553276
26.04	0.553277
26.03	0.553279
26.02	0.55328
26.01	0.553281
26	0.553282
25.99	0.553283
25.98	0.553284
25.97	0.553286
25.96	0.553287
25.95	0.553288
25.94	0.553289
25.93	0.55329
25.92	0.553292
25.91	0.553293
25.9	0.553294
25.89	0.553295
25.88	0.553296
25.87	0.553298
25.86	0.553299
25.85	0.5533
25.84	0.553301
25.83	0.553302
25.82	0.553303
25.81	0.553305
25.8	0.553306
25.79	0.553307
25.78	0.553308
25.77	0.55331
25.76	0.553311
25.75	0.553312
25.74	0.553313
25.73	0.553314
25.72	0.553316
25.71	0.553317
25.7	0.553318
25.69	0.553319
25.68	0.55332
25.67	0.553322
25.66	0.553323
25.65	0.553324
25.64	0.553325
25.63	0.553326
25.62	0.553328
25.61	0.553329
25.6	0.55333
25.59	0.553331
25.58	0.553333
25.57	0.553334
25.56	0.553335
25.55	0.553336
25.54	0.553337
25.53	0.553339
25.52	0.55334
25.51	0.553341
25.5	0.553342
25.49	0.553343
25.48	0.553345
25.47	0.553346
25.46	0.553347
25.45	0.553348
25.44	0.55335
25.43	0.553351
25.42	0.553352
25.41	0.553353
25.4	0.553355
25.39	0.553356
25.38	0.553357
25.37	0.553358
25.36	0.55336
25.35	0.553361
25.34	0.553362
25.33	0.553363
25.32	0.553365
25.31	0.553366
25.3	0.553367
25.29	0.553368
25.28	0.55337
25.27	0.553371
25.26	0.553372
25.25	0.553373
25.24	0.553374
25.23	0.553376
25.22	0.553377
25.21	0.553378
25.2	0.55338
25.19	0.553381
25.18	0.553382
25.17	0.553383
25.16	0.553385
25.15	0.553386
25.14	0.553387
25.13	0.553388
25.12	0.55339
25.11	0.553391
25.1	0.553392
25.09	0.553393
25.08	0.553395
25.07	0.553396
25.06	0.553397
25.05	0.553398
25.04	0.5534
25.03	0.553401
25.02	0.553402
25.01	0.553404
25	0.553405
24.99	0.553406
24.98	0.553407
24.97	0.553409
24.96	0.55341
24.95	0.553411
24.94	0.553412
24.93	0.553414
24.92	0.553415
24.91	0.553416
24.9	0.553418
24.89	0.553419
24.88	0.55342
24.87	0.553421
24.86	0.553423
24.85	0.553424
24.84	0.553425
24.83	0.553427
24.82	0.553428
24.81	0.553429
24.8	0.553431
24.79	0.553432
24.78	0.553433
24.77	0.553434
24.76	0.553436
24.75	0.553437
24.74	0.553438
24.73	0.55344
24.72	0.553441
24.71	0.553442
24.7	0.553444
24.69	0.553445
24.68	0.553446
24.67	0.553448
24.66	0.553449
24.65	0.55345
24.64	0.553451
24.63	0.553453
24.62	0.553454
24.61	0.553455
24.6	0.553457
24.59	0.553458
24.58	0.553459
24.57	0.553461
24.56	0.553462
24.55	0.553463
24.54	0.553465
24.53	0.553466
24.52	0.553467
24.51	0.553469
24.5	0.55347
24.49	0.553471
24.48	0.553473
24.47	0.553474
24.46	0.553475
24.45	0.553477
24.44	0.553478
24.43	0.553479
24.42	0.553481
24.41	0.553482
24.4	0.553483
24.39	0.553485
24.38	0.553486
24.37	0.553487
24.36	0.553489
24.35	0.55349
24.34	0.553491
24.33	0.553493
24.32	0.553494
24.31	0.553495
24.3	0.553497
24.29	0.553498
24.28	0.5535
24.27	0.553501
24.26	0.553502
24.25	0.553504
24.24	0.553505
24.23	0.553506
24.22	0.553508
24.21	0.553509
24.2	0.55351
24.19	0.553512
24.18	0.553513
24.17	0.553514
24.16	0.553516
24.15	0.553517
24.14	0.553519
24.13	0.55352
24.12	0.553521
24.11	0.553523
24.1	0.553524
24.09	0.553525
24.08	0.553527
24.07	0.553528
24.06	0.55353
24.05	0.553531
24.04	0.553532
24.03	0.553534
24.02	0.553535
24.01	0.553536
24	0.553538
23.99	0.553539
23.98	0.553541
23.97	0.553542
23.96	0.553543
23.95	0.553545
23.94	0.553546
23.93	0.553548
23.92	0.553549
23.91	0.55355
23.9	0.553552
23.89	0.553553
23.88	0.553555
23.87	0.553556
23.86	0.553557
23.85	0.553559
23.84	0.55356
23.83	0.553562
23.82	0.553563
23.81	0.553564
23.8	0.553566
23.79	0.553567
23.78	0.553569
23.77	0.55357
23.76	0.553571
23.75	0.553573
23.74	0.553574
23.73	0.553576
23.72	0.553577
23.71	0.553578
23.7	0.55358
23.69	0.553581
23.68	0.553583
23.67	0.553584
23.66	0.553586
23.65	0.553587
23.64	0.553589
23.63	0.55359
23.62	0.553591
23.61	0.553593
23.6	0.553594
23.59	0.553596
23.58	0.553597
23.57	0.553599
23.56	0.5536
23.55	0.553601
23.54	0.553603
23.53	0.553604
23.52	0.553606
23.51	0.553607
23.5	0.553609
23.49	0.55361
23.48	0.553612
23.47	0.553613
23.46	0.553614
23.45	0.553616
23.44	0.553617
23.43	0.553619
23.42	0.55362
23.41	0.553622
23.4	0.553623
23.39	0.553625
23.38	0.553626
23.37	0.553627
23.36	0.553629
23.35	0.55363
23.34	0.553632
23.33	0.553633
23.32	0.553635
23.31	0.553636
23.3	0.553638
23.29	0.553639
23.28	0.553641
23.27	0.553642
23.26	0.553644
23.25	0.553645
23.24	0.553647
23.23	0.553648
23.22	0.55365
23.21	0.553651
23.2	0.553653
23.19	0.553654
23.18	0.553656
23.17	0.553657
23.16	0.553658
23.15	0.55366
23.14	0.553661
23.13	0.553663
23.12	0.553664
23.11	0.553666
23.1	0.553667
23.09	0.553669
23.08	0.55367
23.07	0.553672
23.06	0.553673
23.05	0.553675
23.04	0.553676
23.03	0.553678
23.02	0.553679
23.01	0.553681
23	0.553683
22.99	0.553684
22.98	0.553685
22.97	0.553687
22.96	0.553689
22.95	0.55369
22.94	0.553692
22.93	0.553693
22.92	0.553695
22.91	0.553696
22.9	0.553698
22.89	0.553699
22.88	0.553701
22.87	0.553702
22.86	0.553704
22.85	0.553705
22.84	0.553707
22.83	0.553708
22.82	0.55371
22.81	0.553711
22.8	0.553713
22.79	0.553714
22.78	0.553716
22.77	0.553718
22.76	0.553719
22.75	0.553721
22.74	0.553722
22.73	0.553724
22.72	0.553725
22.71	0.553727
22.7	0.553728
22.69	0.55373
22.68	0.553731
22.67	0.553733
22.66	0.553735
22.65	0.553736
22.64	0.553738
22.63	0.553739
22.62	0.553741
22.61	0.553742
22.6	0.553744
22.59	0.553746
22.58	0.553747
22.57	0.553749
22.56	0.55375
22.55	0.553752
22.54	0.553753
22.53	0.553755
22.52	0.553756
22.51	0.553758
22.5	0.55376
22.49	0.553761
22.48	0.553763
22.47	0.553764
22.46	0.553766
22.45	0.553768
22.44	0.553769
22.43	0.553771
22.42	0.553772
22.41	0.553774
22.4	0.553775
22.39	0.553777
22.38	0.553779
22.37	0.55378
22.36	0.553782
22.35	0.553783
22.34	0.553785
22.33	0.553787
22.32	0.553788
22.31	0.55379
22.3	0.553791
22.29	0.553793
22.28	0.553795
22.27	0.553796
22.26	0.553798
22.25	0.5538
22.24	0.553801
22.23	0.553803
22.22	0.553804
22.21	0.553806
22.2	0.553808
22.19	0.553809
22.18	0.553811
22.17	0.553813
22.16	0.553814
22.15	0.553816
22.14	0.553817
22.13	0.553819
22.12	0.553821
22.11	0.553822
22.1	0.553824
22.09	0.553826
22.08	0.553827
22.07	0.553829
22.06	0.55383
22.05	0.553832
22.04	0.553834
22.03	0.553835
22.02	0.553837
22.01	0.553839
22	0.55384
21.99	0.553842
21.98	0.553844
21.97	0.553845
21.96	0.553847
21.95	0.553849
21.94	0.55385
21.93	0.553852
21.92	0.553854
21.91	0.553855
21.9	0.553857
21.89	0.553859
21.88	0.55386
21.87	0.553862
21.86	0.553864
21.85	0.553865
21.84	0.553867
21.83	0.553869
21.82	0.55387
21.81	0.553872
21.8	0.553874
21.79	0.553875
21.78	0.553877
21.77	0.553879
21.76	0.55388
21.75	0.553882
21.74	0.553884
21.73	0.553885
21.72	0.553887
21.71	0.553889
21.7	0.553891
21.69	0.553892
21.68	0.553894
21.67	0.553896
21.66	0.553897
21.65	0.553899
21.64	0.553901
21.63	0.553902
21.62	0.553904
21.61	0.553906
21.6	0.553908
21.59	0.553909
21.58	0.553911
21.57	0.553913
21.56	0.553914
21.55	0.553916
21.54	0.553918
21.53	0.55392
21.52	0.553921
21.51	0.553923
21.5	0.553925
21.49	0.553927
21.48	0.553928
21.47	0.55393
21.46	0.553932
21.45	0.553934
21.44	0.553935
21.43	0.553937
21.42	0.553939
21.41	0.55394
21.4	0.553942
21.39	0.553944
21.38	0.553946
21.37	0.553947
21.36	0.553949
21.35	0.553951
21.34	0.553953
21.33	0.553954
21.32	0.553956
21.31	0.553958
21.3	0.55396
21.29	0.553961
21.28	0.553963
21.27	0.553965
21.26	0.553967
21.25	0.553969
21.24	0.55397
21.23	0.553972
21.22	0.553974
21.21	0.553976
21.2	0.553977
21.19	0.553979
21.18	0.553981
21.17	0.553983
21.16	0.553985
21.15	0.553986
21.14	0.553988
21.13	0.55399
21.12	0.553992
21.11	0.553993
21.1	0.553995
21.09	0.553997
21.08	0.553999
21.07	0.554001
21.06	0.554002
21.05	0.554004
21.04	0.554006
21.03	0.554008
21.02	0.55401
21.01	0.554012
21	0.554013
20.99	0.554015
20.98	0.554017
20.97	0.554019
20.96	0.554021
20.95	0.554022
20.94	0.554024
20.93	0.554026
20.92	0.554028
20.91	0.55403
20.9	0.554032
20.89	0.554033
20.88	0.554035
20.87	0.554037
20.86	0.554039
20.85	0.554041
20.84	0.554043
20.83	0.554044
20.82	0.554046
20.81	0.554048
20.8	0.55405
20.79	0.554052
20.78	0.554054
20.77	0.554055
20.76	0.554057
20.75	0.554059
20.74	0.554061
20.73	0.554063
20.72	0.554065
20.71	0.554067
20.7	0.554069
20.69	0.55407
20.68	0.554072
20.67	0.554074
20.66	0.554076
20.65	0.554078
20.64	0.55408
20.63	0.554082
20.62	0.554083
20.61	0.554085
20.6	0.554087
20.59	0.554089
20.58	0.554091
20.57	0.554093
20.56	0.554095
20.55	0.554097
20.54	0.554099
20.53	0.554101
20.52	0.554102
20.51	0.554104
20.5	0.554106
20.49	0.554108
20.48	0.55411
20.47	0.554112
20.46	0.554114
20.45	0.554116
20.44	0.554118
20.43	0.55412
20.42	0.554121
20.41	0.554123
20.4	0.554125
20.39	0.554127
20.38	0.554129
20.37	0.554131
20.36	0.554133
20.35	0.554135
20.34	0.554137
20.33	0.554139
20.32	0.554141
20.31	0.554143
20.3	0.554145
20.29	0.554147
20.28	0.554148
20.27	0.55415
20.26	0.554152
20.25	0.554154
20.24	0.554156
20.23	0.554158
20.22	0.55416
20.21	0.554162
20.2	0.554164
20.19	0.554166
20.18	0.554168
20.17	0.55417
20.16	0.554172
20.15	0.554174
20.14	0.554176
20.13	0.554178
20.12	0.55418
20.11	0.554182
20.1	0.554184
20.09	0.554186
20.08	0.554188
20.07	0.55419
20.06	0.554192
20.05	0.554194
20.04	0.554196
20.03	0.554198
20.02	0.5542
20.01	0.554202
20	0.554204
19.99	0.554206
19.98	0.554208
19.97	0.55421
19.96	0.554212
19.95	0.554214
19.94	0.554216
19.93	0.554218
19.92	0.55422
19.91	0.554222
19.9	0.554224
19.89	0.554226
19.88	0.554228
19.87	0.55423
19.86	0.554232
19.85	0.554234
19.84	0.554236
19.83	0.554238
19.82	0.55424
19.81	0.554242
19.8	0.554244
19.79	0.554246
19.78	0.554248
19.77	0.55425
19.76	0.554252
19.75	0.554254
19.74	0.554256
19.73	0.554258
19.72	0.55426
19.71	0.554263
19.7	0.554265
19.69	0.554267
19.68	0.554269
19.67	0.554271
19.66	0.554273
19.65	0.554275
19.64	0.554277
19.63	0.554279
19.62	0.554281
19.61	0.554283
19.6	0.554285
19.59	0.554287
19.58	0.55429
19.57	0.554292
19.56	0.554294
19.55	0.554296
19.54	0.554298
19.53	0.5543
19.52	0.554302
19.51	0.554304
19.5	0.554306
19.49	0.554308
19.48	0.554311
19.47	0.554313
19.46	0.554315
19.45	0.554317
19.44	0.554319
19.43	0.554321
19.42	0.554323
19.41	0.554325
19.4	0.554327
19.39	0.55433
19.38	0.554332
19.37	0.554334
19.36	0.554336
19.35	0.554338
19.34	0.55434
19.33	0.554342
19.32	0.554345
19.31	0.554347
19.3	0.554349
19.29	0.554351
19.28	0.554353
19.27	0.554355
19.26	0.554357
19.25	0.55436
19.24	0.554362
19.23	0.554364
19.22	0.554366
19.21	0.554368
19.2	0.55437
19.19	0.554373
19.18	0.554375
19.17	0.554377
19.16	0.554379
19.15	0.554381
19.14	0.554383
19.13	0.554386
19.12	0.554388
19.11	0.55439
19.1	0.554392
19.09	0.554394
19.08	0.554397
19.07	0.554399
19.06	0.554401
19.05	0.554403
19.04	0.554405
19.03	0.554408
19.02	0.55441
19.01	0.554412
19	0.554414
18.99	0.554417
18.98	0.554419
18.97	0.554421
18.96	0.554423
18.95	0.554425
18.94	0.554428
18.93	0.55443
18.92	0.554432
18.91	0.554434
18.9	0.554437
18.89	0.554439
18.88	0.554441
18.87	0.554443
18.86	0.554446
18.85	0.554448
18.84	0.55445
18.83	0.554452
18.82	0.554455
18.81	0.554457
18.8	0.554459
18.79	0.554461
18.78	0.554464
18.77	0.554466
18.76	0.554468
18.75	0.55447
18.74	0.554473
18.73	0.554475
18.72	0.554477
18.71	0.55448
18.7	0.554482
18.69	0.554484
18.68	0.554486
18.67	0.554489
18.66	0.554491
18.65	0.554493
18.64	0.554496
18.63	0.554498
18.62	0.5545
18.61	0.554503
18.6	0.554505
18.59	0.554507
18.58	0.55451
18.57	0.554512
18.56	0.554514
18.55	0.554516
18.54	0.554519
18.53	0.554521
18.52	0.554524
18.51	0.554526
18.5	0.554528
18.49	0.554531
18.48	0.554533
18.47	0.554535
18.46	0.554538
18.45	0.55454
18.44	0.554542
18.43	0.554545
18.42	0.554547
18.41	0.554549
18.4	0.554552
18.39	0.554554
18.38	0.554556
18.37	0.554559
18.36	0.554561
18.35	0.554564
18.34	0.554566
18.33	0.554568
18.32	0.554571
18.31	0.554573
18.3	0.554576
18.29	0.554578
18.28	0.55458
18.27	0.554583
18.26	0.554585
18.25	0.554587
18.24	0.55459
18.23	0.554592
18.22	0.554595
18.21	0.554597
18.2	0.5546
18.19	0.554602
18.18	0.554604
18.17	0.554607
18.16	0.554609
18.15	0.554612
18.14	0.554614
18.13	0.554617
18.12	0.554619
18.11	0.554621
18.1	0.554624
18.09	0.554626
18.08	0.554629
18.07	0.554631
18.06	0.554634
18.05	0.554636
18.04	0.554639
18.03	0.554641
18.02	0.554644
18.01	0.554646
18	0.554648
17.99	0.554651
17.98	0.554653
17.97	0.554656
17.96	0.554658
17.95	0.554661
17.94	0.554663
17.93	0.554666
17.92	0.554668
17.91	0.554671
17.9	0.554673
17.89	0.554676
17.88	0.554678
17.87	0.554681
17.86	0.554683
17.85	0.554686
17.84	0.554688
17.83	0.554691
17.82	0.554693
17.81	0.554696
17.8	0.554698
17.79	0.554701
17.78	0.554704
17.77	0.554706
17.76	0.554709
17.75	0.554711
17.74	0.554714
17.73	0.554716
17.72	0.554719
17.71	0.554721
17.7	0.554724
17.69	0.554726
17.68	0.554729
17.67	0.554732
17.66	0.554734
17.65	0.554737
17.64	0.554739
17.63	0.554742
17.62	0.554744
17.61	0.554747
17.6	0.55475
17.59	0.554752
17.58	0.554755
17.57	0.554757
17.56	0.55476
17.55	0.554763
17.54	0.554765
17.53	0.554768
17.52	0.55477
17.51	0.554773
17.5	0.554776
17.49	0.554778
17.48	0.554781
17.47	0.554783
17.46	0.554786
17.45	0.554789
17.44	0.554791
17.43	0.554794
17.42	0.554797
17.41	0.554799
17.4	0.554802
17.39	0.554805
17.38	0.554807
17.37	0.55481
17.36	0.554813
17.35	0.554815
17.34	0.554818
17.33	0.554821
17.32	0.554823
17.31	0.554826
17.3	0.554829
17.29	0.554831
17.28	0.554834
17.27	0.554837
17.26	0.554839
17.25	0.554842
17.24	0.554845
17.23	0.554847
17.22	0.55485
17.21	0.554853
17.2	0.554856
17.19	0.554858
17.18	0.554861
17.17	0.554864
17.16	0.554866
17.15	0.554869
17.14	0.554872
17.13	0.554875
17.12	0.554877
17.11	0.55488
17.1	0.554883
17.09	0.554886
17.08	0.554888
17.07	0.554891
17.06	0.554894
17.05	0.554896
17.04	0.554899
17.03	0.554902
17.02	0.554905
17.01	0.554908
17	0.55491
16.99	0.554913
16.98	0.554916
16.97	0.554919
16.96	0.554921
16.95	0.554924
16.94	0.554927
16.93	0.55493
16.92	0.554933
16.91	0.554935
16.9	0.554938
16.89	0.554941
16.88	0.554944
16.87	0.554947
16.86	0.55495
16.85	0.554952
16.84	0.554955
16.83	0.554958
16.82	0.554961
16.81	0.554964
16.8	0.554967
16.79	0.554969
16.78	0.554972
16.77	0.554975
16.76	0.554978
16.75	0.554981
16.74	0.554984
16.73	0.554986
16.72	0.554989
16.71	0.554992
16.7	0.554995
16.69	0.554998
16.68	0.555001
16.67	0.555004
16.66	0.555007
16.65	0.555009
16.64	0.555012
16.63	0.555015
16.62	0.555018
16.61	0.555021
16.6	0.555024
16.59	0.555027
16.58	0.55503
16.57	0.555033
16.56	0.555036
16.55	0.555039
16.54	0.555042
16.53	0.555044
16.52	0.555047
16.51	0.55505
16.5	0.555053
16.49	0.555056
16.48	0.555059
16.47	0.555062
16.46	0.555065
16.45	0.555068
16.44	0.555071
16.43	0.555074
16.42	0.555077
16.41	0.55508
16.4	0.555083
16.39	0.555086
16.38	0.555089
16.37	0.555092
16.36	0.555095
16.35	0.555098
16.34	0.555101
16.33	0.555104
16.32	0.555107
16.31	0.55511
16.3	0.555113
16.29	0.555116
16.28	0.555119
16.27	0.555122
16.26	0.555125
16.25	0.555128
16.24	0.555131
16.23	0.555134
16.22	0.555137
16.21	0.55514
16.2	0.555143
16.19	0.555146
16.18	0.555149
16.17	0.555152
16.16	0.555156
16.15	0.555159
16.14	0.555162
16.13	0.555165
16.12	0.555168
16.11	0.555171
16.1	0.555174
16.09	0.555177
16.08	0.55518
16.07	0.555183
16.06	0.555187
16.05	0.55519
16.04	0.555193
16.03	0.555196
16.02	0.555199
16.01	0.555202
16	0.555205
15.99	0.555208
15.98	0.555211
15.97	0.555215
15.96	0.555218
15.95	0.555221
15.94	0.555224
15.93	0.555227
15.92	0.55523
15.91	0.555234
15.9	0.555237
15.89	0.55524
15.88	0.555243
15.87	0.555246
15.86	0.55525
15.85	0.555253
15.84	0.555256
15.83	0.555259
15.82	0.555262
15.81	0.555265
15.8	0.555269
15.79	0.555272
15.78	0.555275
15.77	0.555278
15.76	0.555282
15.75	0.555285
15.74	0.555288
15.73	0.555291
15.72	0.555295
15.71	0.555298
15.7	0.555301
15.69	0.555304
15.68	0.555308
15.67	0.555311
15.66	0.555314
15.65	0.555317
15.64	0.555321
15.63	0.555324
15.62	0.555327
15.61	0.555331
15.6	0.555334
15.59	0.555337
15.58	0.55534
15.57	0.555344
15.56	0.555347
15.55	0.55535
15.54	0.555354
15.53	0.555357
15.52	0.55536
15.51	0.555364
15.5	0.555367
15.49	0.55537
15.48	0.555374
15.47	0.555377
15.46	0.55538
15.45	0.555384
15.44	0.555387
15.43	0.555391
15.42	0.555394
15.41	0.555397
15.4	0.555401
15.39	0.555404
15.38	0.555407
15.37	0.555411
15.36	0.555414
15.35	0.555418
15.34	0.555421
15.33	0.555425
15.32	0.555428
15.31	0.555431
15.3	0.555435
15.29	0.555438
15.28	0.555442
15.27	0.555445
15.26	0.555449
15.25	0.555452
15.24	0.555455
15.23	0.555459
15.22	0.555462
15.21	0.555466
15.2	0.555469
15.19	0.555473
15.18	0.555476
15.17	0.55548
15.16	0.555483
15.15	0.555487
15.14	0.55549
15.13	0.555494
15.12	0.555497
15.11	0.555501
15.1	0.555504
15.09	0.555508
15.08	0.555511
15.07	0.555515
15.06	0.555518
15.05	0.555522
15.04	0.555526
15.03	0.555529
15.02	0.555533
15.01	0.555536
15	0.55554
14.99	0.555543
14.98	0.555547
14.97	0.555551
14.96	0.555554
14.95	0.555558
14.94	0.555561
14.93	0.555565
14.92	0.555569
14.91	0.555572
14.9	0.555576
14.89	0.555579
14.88	0.555583
14.87	0.555587
14.86	0.55559
14.85	0.555594
14.84	0.555598
14.83	0.555601
14.82	0.555605
14.81	0.555609
14.8	0.555612
14.79	0.555616
14.78	0.55562
14.77	0.555623
14.76	0.555627
14.75	0.555631
14.74	0.555634
14.73	0.555638
14.72	0.555642
14.71	0.555645
14.7	0.555649
14.69	0.555653
14.68	0.555657
14.67	0.55566
14.66	0.555664
14.65	0.555668
14.64	0.555672
14.63	0.555675
14.62	0.555679
14.61	0.555683
14.6	0.555687
14.59	0.55569
14.58	0.555694
14.57	0.555698
14.56	0.555702
14.55	0.555705
14.54	0.555709
14.53	0.555713
14.52	0.555717
14.51	0.555721
14.5	0.555725
14.49	0.555728
14.48	0.555732
14.47	0.555736
14.46	0.55574
14.45	0.555744
14.44	0.555748
14.43	0.555751
14.42	0.555755
14.41	0.555759
14.4	0.555763
14.39	0.555767
14.38	0.555771
14.37	0.555775
14.36	0.555779
14.35	0.555782
14.34	0.555786
14.33	0.55579
14.32	0.555794
14.31	0.555798
14.3	0.555802
14.29	0.555806
14.28	0.55581
14.27	0.555814
14.26	0.555818
14.25	0.555822
14.24	0.555826
14.23	0.55583
14.22	0.555834
14.21	0.555838
14.2	0.555842
14.19	0.555846
14.18	0.55585
14.17	0.555854
14.16	0.555858
14.15	0.555862
14.14	0.555866
14.13	0.55587
14.12	0.555874
14.11	0.555878
14.1	0.555882
14.09	0.555886
14.08	0.55589
14.07	0.555894
14.06	0.555898
14.05	0.555902
14.04	0.555906
14.03	0.55591
14.02	0.555914
14.01	0.555918
14	0.555923
13.99	0.555927
13.98	0.555931
13.97	0.555935
13.96	0.555939
13.95	0.555943
13.94	0.555947
13.93	0.555951
13.92	0.555956
13.91	0.55596
13.9	0.555964
13.89	0.555968
13.88	0.555972
13.87	0.555976
13.86	0.555981
13.85	0.555985
13.84	0.555989
13.83	0.555993
13.82	0.555997
13.81	0.556002
13.8	0.556006
13.79	0.55601
13.78	0.556014
13.77	0.556019
13.76	0.556023
13.75	0.556027
13.74	0.556031
13.73	0.556036
13.72	0.55604
13.71	0.556044
13.7	0.556048
13.69	0.556053
13.68	0.556057
13.67	0.556061
13.66	0.556066
13.65	0.55607
13.64	0.556074
13.63	0.556079
13.62	0.556083
13.61	0.556087
13.6	0.556092
13.59	0.556096
13.58	0.5561
13.57	0.556105
13.56	0.556109
13.55	0.556113
13.54	0.556118
13.53	0.556122
13.52	0.556127
13.51	0.556131
13.5	0.556135
13.49	0.55614
13.48	0.556144
13.47	0.556149
13.46	0.556153
13.45	0.556158
13.44	0.556162
13.43	0.556167
13.42	0.556171
13.41	0.556175
13.4	0.55618
13.39	0.556184
13.38	0.556189
13.37	0.556193
13.36	0.556198
13.35	0.556202
13.34	0.556207
13.33	0.556211
13.32	0.556216
13.31	0.556221
13.3	0.556225
13.29	0.55623
13.28	0.556234
13.27	0.556239
13.26	0.556243
13.25	0.556248
13.24	0.556253
13.23	0.556257
13.22	0.556262
13.21	0.556266
13.2	0.556271
13.19	0.556276
13.18	0.55628
13.17	0.556285
13.16	0.55629
13.15	0.556294
13.14	0.556299
13.13	0.556304
13.12	0.556308
13.11	0.556313
13.1	0.556318
13.09	0.556322
13.08	0.556327
13.07	0.556332
13.06	0.556336
13.05	0.556341
13.04	0.556346
13.03	0.556351
13.02	0.556355
13.01	0.55636
13	0.556365
12.99	0.55637
12.98	0.556374
12.97	0.556379
12.96	0.556384
12.95	0.556389
12.94	0.556394
12.93	0.556398
12.92	0.556403
12.91	0.556408
12.9	0.556413
12.89	0.556418
12.88	0.556423
12.87	0.556427
12.86	0.556432
12.85	0.556437
12.84	0.556442
12.83	0.556447
12.82	0.556452
12.81	0.556457
12.8	0.556462
12.79	0.556467
12.78	0.556472
12.77	0.556476
12.76	0.556481
12.75	0.556486
12.74	0.556491
12.73	0.556496
12.72	0.556501
12.71	0.556506
12.7	0.556511
12.69	0.556516
12.68	0.556521
12.67	0.556526
12.66	0.556531
12.65	0.556536
12.64	0.556541
12.63	0.556546
12.62	0.556551
12.61	0.556557
12.6	0.556562
12.59	0.556567
12.58	0.556572
12.57	0.556577
12.56	0.556582
12.55	0.556587
12.54	0.556592
12.53	0.556597
12.52	0.556602
12.51	0.556608
12.5	0.556613
12.49	0.556618
12.48	0.556623
12.47	0.556628
12.46	0.556634
12.45	0.556639
12.44	0.556644
12.43	0.556649
12.42	0.556654
12.41	0.55666
12.4	0.556665
12.39	0.55667
12.38	0.556675
12.37	0.556681
12.36	0.556686
12.35	0.556691
12.34	0.556696
12.33	0.556702
12.32	0.556707
12.31	0.556712
12.3	0.556718
12.29	0.556723
12.28	0.556728
12.27	0.556734
12.26	0.556739
12.25	0.556744
12.24	0.55675
12.23	0.556755
12.22	0.556761
12.21	0.556766
12.2	0.556771
12.19	0.556777
12.18	0.556782
12.17	0.556788
12.16	0.556793
12.15	0.556799
12.14	0.556804
12.13	0.55681
12.12	0.556815
12.11	0.556821
12.1	0.556826
12.09	0.556832
12.08	0.556837
12.07	0.556843
12.06	0.556848
12.05	0.556854
12.04	0.556859
12.03	0.556865
12.02	0.55687
12.01	0.556876
12	0.556882
11.99	0.556887
11.98	0.556893
11.97	0.556898
11.96	0.556904
11.95	0.55691
11.94	0.556915
11.93	0.556921
11.92	0.556927
11.91	0.556932
11.9	0.556938
11.89	0.556944
11.88	0.55695
11.87	0.556955
11.86	0.556961
11.85	0.556967
11.84	0.556973
11.83	0.556978
11.82	0.556984
11.81	0.55699
11.8	0.556996
11.79	0.557001
11.78	0.557007
11.77	0.557013
11.76	0.557019
11.75	0.557025
11.74	0.557031
11.73	0.557036
11.72	0.557042
11.71	0.557048
11.7	0.557054
11.69	0.55706
11.68	0.557066
11.67	0.557072
11.66	0.557078
11.65	0.557084
11.64	0.55709
11.63	0.557096
11.62	0.557102
11.61	0.557108
11.6	0.557114
11.59	0.55712
11.58	0.557126
11.57	0.557132
11.56	0.557138
11.55	0.557144
11.54	0.55715
11.53	0.557156
11.52	0.557162
11.51	0.557168
11.5	0.557174
11.49	0.55718
11.48	0.557186
11.47	0.557192
11.46	0.557199
11.45	0.557205
11.44	0.557211
11.43	0.557217
11.42	0.557223
11.41	0.55723
11.4	0.557236
11.39	0.557242
11.38	0.557248
11.37	0.557254
11.36	0.557261
11.35	0.557267
11.34	0.557273
11.33	0.557279
11.32	0.557286
11.31	0.557292
11.3	0.557298
11.29	0.557305
11.28	0.557311
11.27	0.557317
11.26	0.557324
11.25	0.55733
11.24	0.557337
11.23	0.557343
11.22	0.557349
11.21	0.557356
11.2	0.557362
11.19	0.557369
11.18	0.557375
11.17	0.557382
11.16	0.557388
11.15	0.557395
11.14	0.557401
11.13	0.557408
11.12	0.557414
11.11	0.557421
11.1	0.557427
11.09	0.557434
11.08	0.55744
11.07	0.557447
11.06	0.557454
11.05	0.55746
11.04	0.557467
11.03	0.557473
11.02	0.55748
11.01	0.557487
11	0.557494
10.99	0.5575
10.98	0.557507
10.97	0.557514
10.96	0.55752
10.95	0.557527
10.94	0.557534
10.93	0.557541
10.92	0.557547
10.91	0.557554
10.9	0.557561
10.89	0.557568
10.88	0.557575
10.87	0.557581
10.86	0.557588
10.85	0.557595
10.84	0.557602
10.83	0.557609
10.82	0.557616
10.81	0.557623
10.8	0.55763
10.79	0.557637
10.78	0.557644
10.77	0.55765
10.76	0.557657
10.75	0.557664
10.74	0.557671
10.73	0.557678
10.72	0.557685
10.71	0.557693
10.7	0.5577
10.69	0.557707
10.68	0.557714
10.67	0.557721
10.66	0.557728
10.65	0.557735
10.64	0.557742
10.63	0.557749
10.62	0.557757
10.61	0.557764
10.6	0.557771
10.59	0.557778
10.58	0.557785
10.57	0.557793
10.56	0.5578
10.55	0.557807
10.54	0.557814
10.53	0.557822
10.52	0.557829
10.51	0.557836
10.5	0.557844
10.49	0.557851
10.48	0.557858
10.47	0.557866
10.46	0.557873
10.45	0.557881
10.44	0.557888
10.43	0.557895
10.42	0.557903
10.41	0.55791
10.4	0.557918
10.39	0.557925
10.38	0.557933
10.37	0.55794
10.36	0.557948
10.35	0.557955
10.34	0.557963
10.33	0.557971
10.32	0.557978
10.31	0.557986
10.3	0.557993
10.29	0.558001
10.28	0.558009
10.27	0.558016
10.26	0.558024
10.25	0.558032
10.24	0.558039
10.23	0.558047
10.22	0.558055
10.21	0.558063
10.2	0.55807
10.19	0.558078
10.18	0.558086
10.17	0.558094
10.16	0.558102
10.15	0.55811
10.14	0.558117
10.13	0.558125
10.12	0.558133
10.11	0.558141
10.1	0.558149
10.09	0.558157
10.08	0.558165
10.07	0.558173
10.06	0.558181
10.05	0.558189
10.04	0.558197
10.03	0.558205
10.02	0.558213
10.01	0.558221
10	0.558229
9.99	0.558237
9.98	0.558246
9.97	0.558254
9.96	0.558262
9.95	0.55827
9.94	0.558278
9.93	0.558286
9.92	0.558295
9.91	0.558303
9.9	0.558311
9.89	0.558319
9.88	0.558328
9.87	0.558336
9.86	0.558344
9.85	0.558353
9.84	0.558361
9.83	0.558369
9.82	0.558378
9.81	0.558386
9.8	0.558395
9.79	0.558403
9.78	0.558412
9.77	0.55842
9.76	0.558429
9.75	0.558437
9.74	0.558446
9.73	0.558454
9.72	0.558463
9.71	0.558471
9.7	0.55848
9.69	0.558489
9.68	0.558497
9.67	0.558506
9.66	0.558515
9.65	0.558523
9.64	0.558532
9.63	0.558541
9.62	0.55855
9.61	0.558558
9.6	0.558567
9.59	0.558576
9.58	0.558585
9.57	0.558594
9.56	0.558602
9.55	0.558611
9.54	0.55862
9.53	0.558629
9.52	0.558638
9.51	0.558647
9.5	0.558656
9.49	0.558665
9.48	0.558674
9.47	0.558683
9.46	0.558692
9.45	0.558701
9.44	0.55871
9.43	0.55872
9.42	0.558729
9.41	0.558738
9.4	0.558747
9.39	0.558756
9.38	0.558765
9.37	0.558775
9.36	0.558784
9.35	0.558793
9.34	0.558802
9.33	0.558812
9.32	0.558821
9.31	0.55883
9.3	0.55884
9.29	0.558849
9.28	0.558859
9.27	0.558868
9.26	0.558878
9.25	0.558887
9.24	0.558897
9.23	0.558906
9.22	0.558916
9.21	0.558925
9.2	0.558935
9.19	0.558944
9.18	0.558954
9.17	0.558964
9.16	0.558973
9.15	0.558983
9.14	0.558993
9.13	0.559002
9.12	0.559012
9.11	0.559022
9.1	0.559032
9.09	0.559042
9.08	0.559051
9.07	0.559061
9.06	0.559071
9.05	0.559081
9.04	0.559091
9.03	0.559101
9.02	0.559111
9.01	0.559121
9	0.559131
8.99	0.559141
8.98	0.559151
8.97	0.559161
8.96	0.559171
8.95	0.559181
8.94	0.559192
8.93	0.559202
8.92	0.559212
8.91	0.559222
8.9	0.559232
8.89	0.559243
8.88	0.559253
8.87	0.559263
8.86	0.559274
8.85	0.559284
8.84	0.559294
8.83	0.559305
8.82	0.559315
8.81	0.559326
8.8	0.559336
8.79	0.559347
8.78	0.559357
8.77	0.559368
8.76	0.559378
8.75	0.559389
8.74	0.5594
8.73	0.55941
8.72	0.559421
8.71	0.559432
8.7	0.559443
8.69	0.559453
8.68	0.559464
8.67	0.559475
8.66	0.559486
8.65	0.559497
8.64	0.559507
8.63	0.559518
8.62	0.559529
8.61	0.55954
8.6	0.559551
8.59	0.559562
8.58	0.559573
8.57	0.559584
8.56	0.559595
8.55	0.559607
8.54	0.559618
8.53	0.559629
8.52	0.55964
8.51	0.559651
8.5	0.559663
8.49	0.559674
8.48	0.559685
8.47	0.559696
8.46	0.559708
8.45	0.559719
8.44	0.559731
8.43	0.559742
8.42	0.559754
8.41	0.559765
8.4	0.559777
8.39	0.559788
8.38	0.5598
8.37	0.559811
8.36	0.559823
8.35	0.559835
8.34	0.559846
8.33	0.559858
8.32	0.55987
8.31	0.559882
8.3	0.559893
8.29	0.559905
8.28	0.559917
8.27	0.559929
8.26	0.559941
8.25	0.559953
8.24	0.559965
8.23	0.559977
8.22	0.559989
8.21	0.560001
8.2	0.560013
8.19	0.560025
8.18	0.560037
8.17	0.56005
8.16	0.560062
8.15	0.560074
8.14	0.560086
8.13	0.560099
8.12	0.560111
8.11	0.560124
8.1	0.560136
8.09	0.560148
8.08	0.560161
8.07	0.560173
8.06	0.560186
8.05	0.560198
8.04	0.560211
8.03	0.560224
8.02	0.560236
8.01	0.560249
8	0.560262
7.99	0.560274
7.98	0.560287
7.97	0.5603
7.96	0.560313
7.95	0.560326
7.94	0.560339
7.93	0.560352
7.92	0.560365
7.91	0.560378
7.9	0.560391
7.89	0.560404
7.88	0.560417
7.87	0.56043
7.86	0.560443
7.85	0.560457
7.84	0.56047
7.83	0.560483
7.82	0.560497
7.81	0.56051
7.8	0.560523
7.79	0.560537
7.78	0.56055
7.77	0.560564
7.76	0.560577
7.75	0.560591
7.74	0.560604
7.73	0.560618
7.72	0.560632
7.71	0.560645
7.7	0.560659
7.69	0.560673
7.68	0.560687
7.67	0.560701
7.66	0.560715
7.65	0.560729
7.64	0.560742
7.63	0.560757
7.62	0.560771
7.61	0.560785
7.6	0.560799
7.59	0.560813
7.58	0.560827
7.57	0.560841
7.56	0.560856
7.55	0.56087
7.54	0.560884
7.53	0.560899
7.52	0.560913
7.51	0.560928
7.5	0.560942
7.49	0.560957
7.48	0.560971
7.47	0.560986
7.46	0.561001
7.45	0.561015
7.44	0.56103
7.43	0.561045
7.42	0.56106
7.41	0.561075
7.4	0.56109
7.39	0.561104
7.38	0.561119
7.37	0.561134
7.36	0.56115
7.35	0.561165
7.34	0.56118
7.33	0.561195
7.32	0.56121
7.31	0.561226
7.3	0.561241
7.29	0.561256
7.28	0.561272
7.27	0.561287
7.26	0.561303
7.25	0.561318
7.24	0.561334
7.23	0.561349
7.22	0.561365
7.21	0.561381
7.2	0.561397
7.19	0.561412
7.18	0.561428
7.17	0.561444
7.16	0.56146
7.15	0.561476
7.14	0.561492
7.13	0.561508
7.12	0.561524
7.11	0.561541
7.1	0.561557
7.09	0.561573
7.08	0.561589
7.07	0.561606
7.06	0.561622
7.05	0.561639
7.04	0.561655
7.03	0.561672
7.02	0.561688
7.01	0.561705
7	0.561722
6.99	0.561738
6.98	0.561755
6.97	0.561772
6.96	0.561789
6.95	0.561806
6.94	0.561823
6.93	0.56184
6.92	0.561857
6.91	0.561874
6.9	0.561891
6.89	0.561909
6.88	0.561926
6.87	0.561943
6.86	0.561961
6.85	0.561978
6.84	0.561996
6.83	0.562013
6.82	0.562031
6.81	0.562048
6.8	0.562066
6.79	0.562084
6.78	0.562102
6.77	0.56212
6.76	0.562137
6.75	0.562155
6.74	0.562174
6.73	0.562192
6.72	0.56221
6.71	0.562228
6.7	0.562246
6.69	0.562265
6.68	0.562283
6.67	0.562301
6.66	0.56232
6.65	0.562338
6.64	0.562357
6.63	0.562376
6.62	0.562394
6.61	0.562413
6.6	0.562432
6.59	0.562451
6.58	0.56247
6.57	0.562489
6.56	0.562508
6.55	0.562527
6.54	0.562546
6.53	0.562565
6.52	0.562585
6.51	0.562604
6.5	0.562623
6.49	0.562643
6.48	0.562662
6.47	0.562682
6.46	0.562702
6.45	0.562721
6.44	0.562741
6.43	0.562761
6.42	0.562781
6.41	0.562801
6.4	0.562821
6.39	0.562841
6.38	0.562861
6.37	0.562882
6.36	0.562902
6.35	0.562922
6.34	0.562943
6.33	0.562963
6.32	0.562984
6.31	0.563004
6.3	0.563025
6.29	0.563046
6.28	0.563067
6.27	0.563088
6.26	0.563109
6.25	0.56313
6.24	0.563151
6.23	0.563172
6.22	0.563193
6.21	0.563214
6.2	0.563236
6.19	0.563257
6.18	0.563279
6.17	0.5633
6.16	0.563322
6.15	0.563344
6.14	0.563366
6.13	0.563387
6.12	0.563409
6.11	0.563431
6.1	0.563454
6.09	0.563476
6.08	0.563498
6.07	0.56352
6.06	0.563543
6.05	0.563565
6.04	0.563588
6.03	0.56361
6.02	0.563633
6.01	0.563656
6	0.563679
5.99	0.563702
5.98	0.563725
5.97	0.563748
5.96	0.563771
5.95	0.563794
5.94	0.563818
5.93	0.563841
5.92	0.563864
5.91	0.563888
5.9	0.563912
5.89	0.563936
5.88	0.563959
5.87	0.563983
5.86	0.564007
5.85	0.564031
5.84	0.564055
5.83	0.56408
5.82	0.564104
5.81	0.564128
5.8	0.564153
5.79	0.564178
5.78	0.564202
5.77	0.564227
5.76	0.564252
5.75	0.564277
5.74	0.564302
5.73	0.564327
5.72	0.564352
5.71	0.564377
5.7	0.564403
5.69	0.564428
5.68	0.564454
5.67	0.56448
5.66	0.564505
5.65	0.564531
5.64	0.564557
5.63	0.564583
5.62	0.564609
5.61	0.564636
5.6	0.564662
5.59	0.564688
5.58	0.564715
5.57	0.564741
5.56	0.564768
5.55	0.564795
5.54	0.564822
5.53	0.564849
5.52	0.564876
5.51	0.564903
5.5	0.56493
5.49	0.564958
5.48	0.564985
5.47	0.565013
5.46	0.565041
5.45	0.565069
5.44	0.565097
5.43	0.565125
5.42	0.565153
5.41	0.565181
5.4	0.565209
5.39	0.565238
5.38	0.565266
5.37	0.565295
5.36	0.565324
5.35	0.565353
5.34	0.565382
5.33	0.565411
5.32	0.56544
5.31	0.56547
5.3	0.565499
5.29	0.565529
5.28	0.565558
5.27	0.565588
5.26	0.565618
5.25	0.565648
5.24	0.565678
5.23	0.565709
5.22	0.565739
5.21	0.565769
5.2	0.5658
5.19	0.565831
5.18	0.565862
5.17	0.565893
5.16	0.565924
5.15	0.565955
5.14	0.565986
5.13	0.566018
5.12	0.56605
5.11	0.566081
5.1	0.566113
5.09	0.566145
5.08	0.566177
5.07	0.56621
5.06	0.566242
5.05	0.566275
5.04	0.566307
5.03	0.56634
5.02	0.566373
5.01	0.566406
5	0.566439
4.99	0.566473
4.98	0.566506
4.97	0.56654
4.96	0.566573
4.95	0.566607
4.94	0.566641
4.93	0.566676
4.92	0.56671
4.91	0.566744
4.9	0.566779
4.89	0.566814
4.88	0.566849
4.87	0.566884
4.86	0.566919
4.85	0.566954
4.84	0.56699
4.83	0.567025
4.82	0.567061
4.81	0.567097
4.8	0.567133
4.79	0.567169
4.78	0.567206
4.77	0.567242
4.76	0.567279
4.75	0.567316
4.74	0.567353
4.73	0.56739
4.72	0.567428
4.71	0.567465
4.7	0.567503
4.69	0.567541
4.68	0.567579
4.67	0.567617
4.66	0.567655
4.65	0.567694
4.64	0.567733
4.63	0.567771
4.62	0.56781
4.61	0.56785
4.6	0.567889
4.59	0.567929
4.58	0.567968
4.57	0.568008
4.56	0.568048
4.55	0.568089
4.54	0.568129
4.53	0.56817
4.52	0.568211
4.51	0.568252
4.5	0.568293
4.49	0.568334
4.48	0.568376
4.47	0.568418
4.46	0.56846
4.45	0.568502
4.44	0.568544
4.43	0.568587
4.42	0.56863
4.41	0.568673
4.4	0.568716
4.39	0.568759
4.38	0.568803
4.37	0.568847
4.36	0.568891
4.35	0.568935
4.34	0.568979
4.33	0.569024
4.32	0.569069
4.31	0.569114
4.3	0.569159
4.29	0.569204
4.28	0.56925
4.27	0.569296
4.26	0.569342
4.25	0.569389
4.24	0.569435
4.23	0.569482
4.22	0.569529
4.21	0.569576
4.2	0.569624
4.19	0.569672
4.18	0.56972
4.17	0.569768
4.16	0.569816
4.15	0.569865
4.14	0.569914
4.13	0.569963
4.12	0.570012
4.11	0.570062
4.1	0.570112
4.09	0.570162
4.08	0.570213
4.07	0.570263
4.06	0.570314
4.05	0.570366
4.04	0.570417
4.03	0.570469
4.02	0.570521
4.01	0.570573
4	0.570626
3.99	0.570678
3.98	0.570731
3.97	0.570785
3.96	0.570838
3.95	0.570892
3.94	0.570947
3.93	0.571001
3.92	0.571056
3.91	0.571111
3.9	0.571166
3.89	0.571222
3.88	0.571278
3.87	0.571334
3.86	0.571391
3.85	0.571447
3.84	0.571505
3.83	0.571562
3.82	0.57162
3.81	0.571678
3.8	0.571736
3.79	0.571795
3.78	0.571854
3.77	0.571914
3.76	0.571973
3.75	0.572033
3.74	0.572094
3.73	0.572154
3.72	0.572215
3.71	0.572277
3.7	0.572338
3.69	0.572401
3.68	0.572463
3.67	0.572526
3.66	0.572589
3.65	0.572652
3.64	0.572716
3.63	0.57278
3.62	0.572845
3.61	0.57291
3.6	0.572975
3.59	0.573041
3.58	0.573107
3.57	0.573173
3.56	0.57324
3.55	0.573308
3.54	0.573375
3.53	0.573443
3.52	0.573512
3.51	0.573581
3.5	0.57365
3.49	0.573719
3.48	0.573789
3.47	0.57386
3.46	0.573931
3.45	0.574002
3.44	0.574074
3.43	0.574146
3.42	0.574219
3.41	0.574292
3.4	0.574365
3.39	0.574439
3.38	0.574514
3.37	0.574589
3.36	0.574664
3.35	0.57474
3.34	0.574816
3.33	0.574893
3.32	0.57497
3.31	0.575048
3.3	0.575126
3.29	0.575205
3.28	0.575284
3.27	0.575364
3.26	0.575444
3.25	0.575525
3.24	0.575606
3.23	0.575688
3.22	0.57577
3.21	0.575853
3.2	0.575937
3.19	0.576021
3.18	0.576105
3.17	0.57619
3.16	0.576276
3.15	0.576362
3.14	0.576449
3.13	0.576536
3.12	0.576624
3.11	0.576712
3.1	0.576802
3.09	0.576891
3.08	0.576982
3.07	0.577073
3.06	0.577164
3.05	0.577256
3.04	0.577349
3.03	0.577442
3.02	0.577537
3.01	0.577631
3	0.577727
2.99	0.577823
2.98	0.577919
2.97	0.578017
2.96	0.578115
2.95	0.578214
2.94	0.578313
2.93	0.578414
2.92	0.578515
2.91	0.578616
2.9	0.578719
2.89	0.578822
2.88	0.578926
2.87	0.57903
2.86	0.579136
2.85	0.579242
2.84	0.579349
2.83	0.579457
2.82	0.579565
2.81	0.579674
2.8	0.579785
2.79	0.579896
2.78	0.580007
2.77	0.58012
2.76	0.580234
2.75	0.580348
2.74	0.580463
2.73	0.58058
2.72	0.580697
2.71	0.580815
2.7	0.580934
2.69	0.581053
2.68	0.581174
2.67	0.581296
2.66	0.581419
2.65	0.581542
2.64	0.581667
2.63	0.581792
2.62	0.581919
2.61	0.582047
2.6	0.582175
2.59	0.582305
2.58	0.582436
2.57	0.582568
2.56	0.582701
2.55	0.582835
2.54	0.58297
2.53	0.583106
2.52	0.583244
2.51	0.583382
2.5	0.583522
2.49	0.583663
2.48	0.583805
2.47	0.583948
2.46	0.584093
2.45	0.584239
2.44	0.584386
2.43	0.584534
2.42	0.584684
2.41	0.584835
2.4	0.584987
2.39	0.585141
2.38	0.585295
2.37	0.585452
2.36	0.58561
2.35	0.585769
2.34	0.585929
2.33	0.586092
2.32	0.586255
2.31	0.58642
2.3	0.586587
2.29	0.586755
2.28	0.586925
2.27	0.587096
2.26	0.587269
2.25	0.587443
2.24	0.587619
2.23	0.587797
2.22	0.587977
2.21	0.588158
2.2	0.588341
2.19	0.588526
2.18	0.588712
2.17	0.588901
2.16	0.589091
2.15	0.589283
2.14	0.589477
2.13	0.589673
2.12	0.589871
2.11	0.590071
2.1	0.590273
2.09	0.590477
2.08	0.590683
2.07	0.590891
2.06	0.591102
2.05	0.591314
2.04	0.591529
2.03	0.591746
2.02	0.591965
2.01	0.592187
2	0.592411
1.99	0.592638
1.98	0.592866
1.97	0.593098
1.96	0.593332
1.95	0.593568
1.94	0.593807
1.93	0.594049
1.92	0.594293
1.91	0.59454
1.9	0.59479
1.89	0.595043
1.88	0.595299
1.87	0.595557
1.86	0.595819
1.85	0.596084
1.84	0.596351
1.83	0.596622
1.82	0.596896
1.81	0.597174
1.8	0.597454
1.79	0.597738
1.78	0.598026
1.77	0.598316
1.76	0.598611
1.75	0.598909
1.74	0.599211
1.73	0.599516
1.72	0.599826
1.71	0.600139
1.7	0.600456
1.69	0.600778
1.68	0.601103
1.67	0.601433
1.66	0.601767
1.65	0.602105
1.64	0.602448
1.63	0.602796
1.62	0.603148
1.61	0.603504
1.6	0.603866
1.59	0.604233
1.58	0.604604
1.57	0.604981
1.56	0.605363
1.55	0.605751
1.54	0.606143
1.53	0.606542
1.52	0.606946
1.51	0.607356
1.5	0.607772
1.49	0.608194
1.48	0.608623
1.47	0.609057
1.46	0.609499
1.45	0.609946
1.44	0.610401
1.43	0.610863
1.42	0.611332
1.41	0.611808
1.4	0.612291
1.39	0.612782
1.38	0.613282
1.37	0.613789
1.36	0.614304
1.35	0.614828
1.34	0.61536
1.33	0.615901
1.32	0.616451
1.31	0.617011
1.3	0.61758
1.29	0.618159
1.28	0.618748
1.27	0.619347
1.26	0.619957
1.25	0.620577
1.24	0.621209
1.23	0.621852
1.22	0.622507
1.21	0.623174
1.2	0.623853
1.19	0.624545
1.18	0.625251
1.17	0.625969
1.16	0.626702
1.15	0.627449
1.14	0.628211
1.13	0.628987
1.12	0.62978
1.11	0.630588
1.1	0.631414
1.09	0.632256
1.08	0.633116
1.07	0.633994
1.06	0.63489
1.05	0.635807
1.04	0.636743
1.03	0.6377
1.02	0.638678
1.01	0.639678
1	0.640702
0.99	0.641748
0.98	0.64282
0.97	0.643916
0.96	0.645039
0.95	0.646189
0.94	0.647368
0.93	0.648575
0.92	0.649813
0.91	0.651083
0.9	0.652385
0.89	0.653721
0.88	0.655092
0.87	0.656501
0.86	0.657947
0.85	0.659434
0.84	0.660961
0.83	0.662533
0.82	0.664149
0.81	0.665812
0.8	0.667525
0.79	0.669288
0.78	0.671106
0.77	0.67298
0.76	0.674913
0.75	0.676907
0.74	0.678966
0.73	0.681093
0.72	0.683291
0.71	0.685564
0.7	0.687915
0.69	0.69035
0.68	0.692872
0.67	0.695486
0.66	0.698197
0.65	0.701011
0.64	0.703934
0.63	0.706972
0.62	0.710132
0.61	0.713421
0.6	0.716848
0.59	0.720421
0.58	0.72415
0.57	0.728046
0.56	0.732119
0.55	0.736382
0.54	0.740848
0.53	0.745532
0.52	0.750452
0.51	0.755624
0.5	0.761068
0.49	0.766807
0.48	0.772864
0.47	0.779268
0.46	0.786047
0.45	0.793237
0.44	0.800876
0.43	0.809005
0.42	0.817674
0.41	0.826938
0.4	0.836859
0.39	0.84751
0.38	0.858973
0.37	0.871344
0.36	0.884733
0.35	0.89927
0.34	0.915108
0.33	0.932426
0.32	0.951439
0.31	0.972404
0.3	0.995633
0.29	1.02151
0.28	1.0505
0.27	1.08319
0.26	1.12032
0.25	1.16283
0.24	1.21198
0.23	1.26937
0.22	1.33723
0.21	1.41861
0.2	1.51786
0.19	1.64141
0.18	1.79915
0.17	2.00729
0.16	2.29457
0.15	2.7189
0.14	3.42611
0.13	5.04152
-0.13	5.04152
-0.14	3.42611
-0.15	2.7189
-0.16	2.29457
-0.17	2.00729
-0.18	1.79915
-0.19	1.64141
-0.2	1.51786
-0.21	1.41861
-0.22	1.33723
-0.23	1.26937
-0.24	1.21198
-0.25	1.16283
-0.26	1.12032
-0.27	1.08319
-0.28	1.0505
-0.29	1.02151
-0.3	0.995633
-0.31	0.972404
-0.32	0.951439
-0.33	0.932426
-0.34	0.915108
-0.35	0.89927
-0.36	0.884733
-0.37	0.871344
-0.38	0.858973
-0.39	0.84751
-0.4	0.836859
-0.41	0.826938
-0.42	0.817674
-0.43	0.809005
-0.44	0.800876
-0.45	0.793237
-0.46	0.786047
-0.47	0.779268
-0.48	0.772864
-0.49	0.766807
-0.5	0.761068
-0.51	0.755624
-0.52	0.750452
-0.53	0.745532
-0.54	0.740848
-0.55	0.736382
-0.56	0.732119
-0.57	0.728046
-0.58	0.72415
-0.59	0.720421
-0.6	0.716848
-0.61	0.713421
-0.62	0.710132
-0.63	0.706972
-0.64	0.703934
-0.65	0.701011
-0.66	0.698197
-0.67	0.695486
-0.68	0.692872
-0.69	0.69035
-0.7	0.687915
-0.71	0.685564
-0.72	0.683291
-0.73	0.681093
-0.74	0.678966
-0.75	0.676907
-0.76	0.674913
-0.77	0.67298
-0.78	0.671106
-0.79	0.669288
-0.8	0.667525
-0.81	0.665812
-0.82	0.664149
-0.83	0.662533
-0.84	0.660961
-0.85	0.659434
-0.86	0.657947
-0.87	0.656501
-0.88	0.655092
-0.89	0.653721
-0.9	0.652385
-0.91	0.651083
-0.92	0.649813
-0.93	0.648575
-0.94	0.647368
-0.95	0.646189
-0.96	0.645039
-0.97	0.643916
-0.98	0.64282
-0.99	0.641748
-1	0.640702
-1.01	0.639678
-1.02	0.638678
-1.03	0.6377
-1.04	0.636743
-1.05	0.635807
-1.06	0.63489
-1.07	0.633994
-1.08	0.633116
-1.09	0.632256
-1.1	0.631414
-1.11	0.630588
-1.12	0.62978
-1.13	0.628987
-1.14	0.628211
-1.15	0.627449
-1.16	0.626702
-1.17	0.625969
-1.18	0.625251
-1.19	0.624545
-1.2	0.623853
-1.21	0.623174
-1.22	0.622507
-1.23	0.621852
-1.24	0.621209
-1.25	0.620577
-1.26	0.619957
-1.27	0.619347
-1.28	0.618748
-1.29	0.618159
-1.3	0.61758
-1.31	0.617011
-1.32	0.616451
-1.33	0.615901
-1.34	0.61536
-1.35	0.614828
-1.36	0.614304
-1.37	0.613789
-1.38	0.613282
-1.39	0.612782
-1.4	0.612291
-1.41	0.611808
-1.42	0.611332
-1.43	0.610863
-1.44	0.610401
-1.45	0.609946
-1.46	0.609499
-1.47	0.609057
-1.48	0.608623
-1.49	0.608194
-1.5	0.607772
-1.51	0.607356
-1.52	0.606946
-1.53	0.606542
-1.54	0.606143
-1.55	0.605751
-1.56	0.605363
-1.57	0.604981
-1.58	0.604604
-1.59	0.604233
-1.6	0.603866
-1.61	0.603504
-1.62	0.603148
-1.63	0.602796
-1.64	0.602448
-1.65	0.602105
-1.66	0.601767
-1.67	0.601433
-1.68	0.601103
-1.69	0.600778
-1.7	0.600456
-1.71	0.600139
-1.72	0.599826
-1.73	0.599516
-1.74	0.599211
-1.75	0.598909
-1.76	0.598611
-1.77	0.598316
-1.78	0.598026
-1.79	0.597738
-1.8	0.597454
-1.81	0.597174
-1.82	0.596896
-1.83	0.596622
-1.84	0.596351
-1.85	0.596084
-1.86	0.595819
-1.87	0.595557
-1.88	0.595299
-1.89	0.595043
-1.9	0.59479
-1.91	0.59454
-1.92	0.594293
-1.93	0.594049
-1.94	0.593807
-1.95	0.593568
-1.96	0.593332
-1.97	0.593098
-1.98	0.592866
-1.99	0.592638
-2	0.592411
-2.01	0.592187
-2.02	0.591965
-2.03	0.591746
-2.04	0.591529
-2.05	0.591314
-2.06	0.591102
-2.07	0.590891
-2.08	0.590683
-2.09	0.590477
-2.1	0.590273
-2.11	0.590071
-2.12	0.589871
-2.13	0.589673
-2.14	0.589477
-2.15	0.589283
-2.16	0.589091
-2.17	0.588901
-2.18	0.588712
-2.19	0.588526
-2.2	0.588341
-2.21	0.588158
-2.22	0.587977
-2.23	0.587797
-2.24	0.587619
-2.25	0.587443
-2.26	0.587269
-2.27	0.587096
-2.28	0.586925
-2.29	0.586755
-2.3	0.586587
-2.31	0.58642
-2.32	0.586255
-2.33	0.586092
-2.34	0.585929
-2.35	0.585769
-2.36	0.58561
-2.37	0.585452
-2.38	0.585295
-2.39	0.585141
-2.4	0.584987
-2.41	0.584835
-2.42	0.584684
-2.43	0.584534
-2.44	0.584386
-2.45	0.584239
-2.46	0.584093
-2.47	0.583948
-2.48	0.583805
-2.49	0.583663
-2.5	0.583522
-2.51	0.583382
-2.52	0.583244
-2.53	0.583106
-2.54	0.58297
-2.55	0.582835
-2.56	0.582701
-2.57	0.582568
-2.58	0.582436
-2.59	0.582305
-2.6	0.582175
-2.61	0.582047
-2.62	0.581919
-2.63	0.581792
-2.64	0.581667
-2.65	0.581542
-2.66	0.581419
-2.67	0.581296
-2.68	0.581174
-2.69	0.581053
-2.7	0.580934
-2.71	0.580815
-2.72	0.580697
-2.73	0.58058
-2.74	0.580463
-2.75	0.580348
-2.76	0.580234
-2.77	0.58012
-2.78	0.580007
-2.79	0.579896
-2.8	0.579785
-2.81	0.579674
-2.82	0.579565
-2.83	0.579457
-2.84	0.579349
-2.85	0.579242
-2.86	0.579136
-2.87	0.57903
-2.88	0.578926
-2.89	0.578822
-2.9	0.578719
-2.91	0.578616
-2.92	0.578515
-2.93	0.578414
-2.94	0.578313
-2.95	0.578214
-2.96	0.578115
-2.97	0.578017
-2.98	0.577919
-2.99	0.577823
-3	0.577727
-3.01	0.577631
-3.02	0.577537
-3.03	0.577442
-3.04	0.577349
-3.05	0.577256
-3.06	0.577164
-3.07	0.577073
-3.08	0.576982
-3.09	0.576891
-3.1	0.576802
-3.11	0.576712
-3.12	0.576624
-3.13	0.576536
-3.14	0.576449
-3.15	0.576362
-3.16	0.576276
-3.17	0.57619
-3.18	0.576105
-3.19	0.576021
-3.2	0.575937
-3.21	0.575853
-3.22	0.57577
-3.23	0.575688
-3.24	0.575606
-3.25	0.575525
-3.26	0.575444
-3.27	0.575364
-3.28	0.575284
-3.29	0.575205
-3.3	0.575126
-3.31	0.575048
-3.32	0.57497
-3.33	0.574893
-3.34	0.574816
-3.35	0.57474
-3.36	0.574664
-3.37	0.574589
-3.38	0.574514
-3.39	0.574439
-3.4	0.574365
-3.41	0.574292
-3.42	0.574219
-3.43	0.574146
-3.44	0.574074
-3.45	0.574002
-3.46	0.573931
-3.47	0.57386
-3.48	0.573789
-3.49	0.573719
-3.5	0.57365
-3.51	0.573581
-3.52	0.573512
-3.53	0.573443
-3.54	0.573375
-3.55	0.573308
-3.56	0.57324
-3.57	0.573173
-3.58	0.573107
-3.59	0.573041
-3.6	0.572975
-3.61	0.57291
-3.62	0.572845
-3.63	0.57278
-3.64	0.572716
-3.65	0.572652
-3.66	0.572589
-3.67	0.572526
-3.68	0.572463
-3.69	0.572401
-3.7	0.572338
-3.71	0.572277
-3.72	0.572215
-3.73	0.572154
-3.74	0.572094
-3.75	0.572033
-3.76	0.571973
-3.77	0.571914
-3.78	0.571854
-3.79	0.571795
-3.8	0.571736
-3.81	0.571678
-3.82	0.57162
-3.83	0.571562
-3.84	0.571505
-3.85	0.571447
-3.86	0.571391
-3.87	0.571334
-3.88	0.571278
-3.89	0.571222
-3.9	0.571166
-3.91	0.571111
-3.92	0.571056
-3.93	0.571001
-3.94	0.570947
-3.95	0.570892
-3.96	0.570838
-3.97	0.570785
-3.98	0.570731
-3.99	0.570678
-4	0.570626
-4.01	0.570573
-4.02	0.570521
-4.03	0.570469
-4.04	0.570417
-4.05	0.570366
-4.06	0.570314
-4.07	0.570263
-4.08	0.570213
-4.09	0.570162
-4.1	0.570112
-4.11	0.570062
-4.12	0.570012
-4.13	0.569963
-4.14	0.569914
-4.15	0.569865
-4.16	0.569816
-4.17	0.569768
-4.18	0.56972
-4.19	0.569672
-4.2	0.569624
-4.21	0.569576
-4.22	0.569529
-4.23	0.569482
-4.24	0.569435
-4.25	0.569389
-4.26	0.569342
-4.27	0.569296
-4.28	0.56925
-4.29	0.569204
-4.3	0.569159
-4.31	0.569114
-4.32	0.569069
-4.33	0.569024
-4.34	0.568979
-4.35	0.568935
-4.36	0.568891
-4.37	0.568847
-4.38	0.568803
-4.39	0.568759
-4.4	0.568716
-4.41	0.568673
-4.42	0.56863
-4.43	0.568587
-4.44	0.568544
-4.45	0.568502
-4.46	0.56846
-4.47	0.568418
-4.48	0.568376
-4.49	0.568334
-4.5	0.568293
-4.51	0.568252
-4.52	0.568211
-4.53	0.56817
-4.54	0.568129
-4.55	0.568089
-4.56	0.568048
-4.57	0.568008
-4.58	0.567968
-4.59	0.567929
-4.6	0.567889
-4.61	0.56785
-4.62	0.56781
-4.63	0.567771
-4.64	0.567733
-4.65	0.567694
-4.66	0.567655
-4.67	0.567617
-4.68	0.567579
-4.69	0.567541
-4.7	0.567503
-4.71	0.567465
-4.72	0.567428
-4.73	0.56739
-4.74	0.567353
-4.75	0.567316
-4.76	0.567279
-4.77	0.567242
-4.78	0.567206
-4.79	0.567169
-4.8	0.567133
-4.81	0.567097
-4.82	0.567061
-4.83	0.567025
-4.84	0.56699
-4.85	0.566954
-4.86	0.566919
-4.87	0.566884
-4.88	0.566849
-4.89	0.566814
-4.9	0.566779
-4.91	0.566744
-4.92	0.56671
-4.93	0.566676
-4.94	0.566641
-4.95	0.566607
-4.96	0.566573
-4.97	0.56654
-4.98	0.566506
-4.99	0.566473
-5	0.566439
-5.01	0.566406
-5.02	0.566373
-5.03	0.56634
-5.04	0.566307
-5.05	0.566275
-5.06	0.566242
-5.07	0.56621
-5.08	0.566177
-5.09	0.566145
-5.1	0.566113
-5.11	0.566081
-5.12	0.56605
-5.13	0.566018
-5.14	0.565986
-5.15	0.565955
-5.16	0.565924
-5.17	0.565893
-5.18	0.565862
-5.19	0.565831
-5.2	0.5658
-5.21	0.565769
-5.22	0.565739
-5.23	0.565709
-5.24	0.565678
-5.25	0.565648
-5.26	0.565618
-5.27	0.565588
-5.28	0.565558
-5.29	0.565529
-5.3	0.565499
-5.31	0.56547
-5.32	0.56544
-5.33	0.565411
-5.34	0.565382
-5.35	0.565353
-5.36	0.565324
-5.37	0.565295
-5.38	0.565266
-5.39	0.565238
-5.4	0.565209
-5.41	0.565181
-5.42	0.565153
-5.43	0.565125
-5.44	0.565097
-5.45	0.565069
-5.46	0.565041
-5.47	0.565013
-5.48	0.564985
-5.49	0.564958
-5.5	0.56493
-5.51	0.564903
-5.52	0.564876
-5.53	0.564849
-5.54	0.564822
-5.55	0.564795
-5.56	0.564768
-5.57	0.564741
-5.58	0.564715
-5.59	0.564688
-5.6	0.564662
-5.61	0.564636
-5.62	0.564609
-5.63	0.564583
-5.64	0.564557
-5.65	0.564531
-5.66	0.564505
-5.67	0.56448
-5.68	0.564454
-5.69	0.564428
-5.7	0.564403
-5.71	0.564377
-5.72	0.564352
-5.73	0.564327
-5.74	0.564302
-5.75	0.564277
-5.76	0.564252
-5.77	0.564227
-5.78	0.564202
-5.79	0.564178
-5.8	0.564153
-5.81	0.564128
-5.82	0.564104
-5.83	0.56408
-5.84	0.564055
-5.85	0.564031
-5.86	0.564007
-5.87	0.563983
-5.88	0.563959
-5.89	0.563936
-5.9	0.563912
-5.91	0.563888
-5.92	0.563864
-5.93	0.563841
-5.94	0.563818
-5.95	0.563794
-5.96	0.563771
-5.97	0.563748
-5.98	0.563725
-5.99	0.563702
-6	0.563679
-6.01	0.563656
-6.02	0.563633
-6.03	0.56361
-6.04	0.563588
-6.05	0.563565
-6.06	0.563543
-6.07	0.56352
-6.08	0.563498
-6.09	0.563476
-6.1	0.563454
-6.11	0.563431
-6.12	0.563409
-6.13	0.563387
-6.14	0.563366
-6.15	0.563344
-6.16	0.563322
-6.17	0.5633
-6.18	0.563279
-6.19	0.563257
-6.2	0.563236
-6.21	0.563214
-6.22	0.563193
-6.23	0.563172
-6.24	0.563151
-6.25	0.56313
-6.26	0.563109
-6.27	0.563088
-6.28	0.563067
-6.29	0.563046
-6.3	0.563025
-6.31	0.563004
-6.32	0.562984
-6.33	0.562963
-6.34	0.562943
-6.35	0.562922
-6.36	0.562902
-6.37	0.562882
-6.38	0.562861
-6.39	0.562841
-6.4	0.562821
-6.41	0.562801
-6.42	0.562781
-6.43	0.562761
-6.44	0.562741
-6.45	0.562721
-6.46	0.562702
-6.47	0.562682
-6.48	0.562662
-6.49	0.562643
-6.5	0.562623
-6.51	0.562604
-6.52	0.562585
-6.53	0.562565
-6.54	0.562546
-6.55	0.562527
-6.56	0.562508
-6.57	0.562489
-6.58	0.56247
-6.59	0.562451
-6.6	0.562432
-6.61	0.562413
-6.62	0.562394
-6.63	0.562376
-6.64	0.562357
-6.65	0.562338
-6.66	0.56232
-6.67	0.562301
-6.68	0.562283
-6.69	0.562265
-6.7	0.562246
-6.71	0.562228
-6.72	0.56221
-6.73	0.562192
-6.74	0.562174
-6.75	0.562155
-6.76	0.562137
-6.77	0.56212
-6.78	0.562102
-6.79	0.562084
-6.8	0.562066
-6.81	0.562048
-6.82	0.562031
-6.83	0.562013
-6.84	0.561996
-6.85	0.561978
-6.86	0.561961
-6.87	0.561943
-6.88	0.561926
-6.89	0.561909
-6.9	0.561891
-6.91	0.561874
-6.92	0.561857
-6.93	0.56184
-6.94	0.561823
-6.95	0.561806
-6.96	0.561789
-6.97	0.561772
-6.98	0.561755
-6.99	0.561738
-7	0.561722
-7.01	0.561705
-7.02	0.561688
-7.03	0.561672
-7.04	0.561655
-7.05	0.561639
-7.06	0.561622
-7.07	0.561606
-7.08	0.561589
-7.09	0.561573
-7.1	0.561557
-7.11	0.561541
-7.12	0.561524
-7.13	0.561508
-7.14	0.561492
-7.15	0.561476
-7.16	0.56146
-7.17	0.561444
-7.18	0.561428
-7.19	0.561412
-7.2	0.561397
-7.21	0.561381
-7.22	0.561365
-7.23	0.561349
-7.24	0.561334
-7.25	0.561318
-7.26	0.561303
-7.27	0.561287
-7.28	0.561272
-7.29	0.561256
-7.3	0.561241
-7.31	0.561226
-7.32	0.56121
-7.33	0.561195
-7.34	0.56118
-7.35	0.561165
-7.36	0.56115
-7.37	0.561134
-7.38	0.561119
-7.39	0.561104
-7.4	0.56109
-7.41	0.561075
-7.42	0.56106
-7.43	0.561045
-7.44	0.56103
-7.45	0.561015
-7.46	0.561001
-7.47	0.560986
-7.48	0.560971
-7.49	0.560957
-7.5	0.560942
-7.51	0.560928
-7.52	0.560913
-7.53	0.560899
-7.54	0.560884
-7.55	0.56087
-7.56	0.560856
-7.57	0.560841
-7.58	0.560827
-7.59	0.560813
-7.6	0.560799
-7.61	0.560785
-7.62	0.560771
-7.63	0.560757
-7.64	0.560742
-7.65	0.560729
-7.66	0.560715
-7.67	0.560701
-7.68	0.560687
-7.69	0.560673
-7.7	0.560659
-7.71	0.560645
-7.72	0.560632
-7.73	0.560618
-7.74	0.560604
-7.75	0.560591
-7.76	0.560577
-7.77	0.560564
-7.78	0.56055
-7.79	0.560537
-7.8	0.560523
-7.81	0.56051
-7.82	0.560497
-7.83	0.560483
-7.84	0.56047
-7.85	0.560457
-7.86	0.560443
-7.87	0.56043
-7.88	0.560417
-7.89	0.560404
-7.9	0.560391
-7.91	0.560378
-7.92	0.560365
-7.93	0.560352
-7.94	0.560339
-7.95	0.560326
-7.96	0.560313
-7.97	0.5603
-7.98	0.560287
-7.99	0.560274
-8	0.560262
-8.01	0.560249
-8.02	0.560236
-8.03	0.560224
-8.04	0.560211
-8.05	0.560198
-8.06	0.560186
-8.07	0.560173
-8.08	0.560161
-8.09	0.560148
-8.1	0.560136
-8.11	0.560124
-8.12	0.560111
-8.13	0.560099
-8.14	0.560086
-8.15	0.560074
-8.16	0.560062
-8.17	0.56005
-8.18	0.560037
-8.19	0.560025
-8.2	0.560013
-8.21	0.560001
-8.22	0.559989
-8.23	0.559977
-8.24	0.559965
-8.25	0.559953
-8.26	0.559941
-8.27	0.559929
-8.28	0.559917
-8.29	0.559905
-8.3	0.559893
-8.31	0.559882
-8.32	0.55987
-8.33	0.559858
-8.34	0.559846
-8.35	0.559835
-8.36	0.559823
-8.37	0.559811
-8.38	0.5598
-8.39	0.559788
-8.4	0.559777
-8.41	0.559765
-8.42	0.559754
-8.43	0.559742
-8.44	0.559731
-8.45	0.559719
-8.46	0.559708
-8.47	0.559696
-8.48	0.559685
-8.49	0.559674
-8.5	0.559663
-8.51	0.559651
-8.52	0.55964
-8.53	0.559629
-8.54	0.559618
-8.55	0.559607
-8.56	0.559595
-8.57	0.559584
-8.58	0.559573
-8.59	0.559562
-8.6	0.559551
-8.61	0.55954
-8.62	0.559529
-8.63	0.559518
-8.64	0.559507
-8.65	0.559497
-8.66	0.559486
-8.67	0.559475
-8.68	0.559464
-8.69	0.559453
-8.7	0.559443
-8.71	0.559432
-8.72	0.559421
-8.73	0.55941
-8.74	0.5594
-8.75	0.559389
-8.76	0.559378
-8.77	0.559368
-8.78	0.559357
-8.79	0.559347
-8.8	0.559336
-8.81	0.559326
-8.82	0.559315
-8.83	0.559305
-8.84	0.559294
-8.85	0.559284
-8.86	0.559274
-8.87	0.559263
-8.88	0.559253
-8.89	0.559243
-8.9	0.559232
-8.91	0.559222
-8.92	0.559212
-8.93	0.559202
-8.94	0.559192
-8.95	0.559181
-8.96	0.559171
-8.97	0.559161
-8.98	0.559151
-8.99	0.559141
-9	0.559131
-9.01	0.559121
-9.02	0.559111
-9.03	0.559101
-9.04	0.559091
-9.05	0.559081
-9.06	0.559071
-9.07	0.559061
-9.08	0.559051
-9.09	0.559042
-9.1	0.559032
-9.11	0.559022
-9.12	0.559012
-9.13	0.559002
-9.14	0.558993
-9.15	0.558983
-9.16	0.558973
-9.17	0.558964
-9.18	0.558954
-9.19	0.558944
-9.2	0.558935
-9.21	0.558925
-9.22	0.558916
-9.23	0.558906
-9.24	0.558897
-9.25	0.558887
-9.26	0.558878
-9.27	0.558868
-9.28	0.558859
-9.29	0.558849
-9.3	0.55884
-9.31	0.55883
-9.32	0.558821
-9.33	0.558812
-9.34	0.558802
-9.35	0.558793
-9.36	0.558784
-9.37	0.558775
-9.38	0.558765
-9.39	0.558756
-9.4	0.558747
-9.41	0.558738
-9.42	0.558729
-9.43	0.55872
-9.44	0.55871
-9.45	0.558701
-9.46	0.558692
-9.47	0.558683
-9.48	0.558674
-9.49	0.558665
-9.5	0.558656
-9.51	0.558647
-9.52	0.558638
-9.53	0.558629
-9.54	0.55862
-9.55	0.558611
-9.56	0.558602
-9.57	0.558594
-9.58	0.558585
-9.59	0.558576
-9.6	0.558567
-9.61	0.558558
-9.62	0.55855
-9.63	0.558541
-9.64	0.558532
-9.65	0.558523
-9.66	0.558515
-9.67	0.558506
-9.68	0.558497
-9.69	0.558489
-9.7	0.55848
-9.71	0.558471
-9.72	0.558463
-9.73	0.558454
-9.74	0.558446
-9.75	0.558437
-9.76	0.558429
-9.77	0.55842
-9.78	0.558412
-9.79	0.558403
-9.8	0.558395
-9.81	0.558386
-9.82	0.558378
-9.83	0.558369
-9.84	0.558361
-9.85	0.558353
-9.86	0.558344
-9.87	0.558336
-9.88	0.558328
-9.89	0.558319
-9.9	0.558311
-9.91	0.558303
-9.92	0.558295
-9.93	0.558286
-9.94	0.558278
-9.95	0.55827
-9.96	0.558262
-9.97	0.558254
-9.98	0.558246
-9.99	0.558237
-10	0.558229
-10.01	0.558221
-10.02	0.558213
-10.03	0.558205
-10.04	0.558197
-10.05	0.558189
-10.06	0.558181
-10.07	0.558173
-10.08	0.558165
-10.09	0.558157
-10.1	0.558149
-10.11	0.558141
-10.12	0.558133
-10.13	0.558125
-10.14	0.558117
-10.15	0.55811
-10.16	0.558102
-10.17	0.558094
-10.18	0.558086
-10.19	0.558078
-10.2	0.55807
-10.21	0.558063
-10.22	0.558055
-10.23	0.558047
-10.24	0.558039
-10.25	0.558032
-10.26	0.558024
-10.27	0.558016
-10.28	0.558009
-10.29	0.558001
-10.3	0.557993
-10.31	0.557986
-10.32	0.557978
-10.33	0.557971
-10.34	0.557963
-10.35	0.557955
-10.36	0.557948
-10.37	0.55794
-10.38	0.557933
-10.39	0.557925
-10.4	0.557918
-10.41	0.55791
-10.42	0.557903
-10.43	0.557895
-10.44	0.557888
-10.45	0.557881
-10.46	0.557873
-10.47	0.557866
-10.48	0.557858
-10.49	0.557851
-10.5	0.557844
-10.51	0.557836
-10.52	0.557829
-10.53	0.557822
-10.54	0.557814
-10.55	0.557807
-10.56	0.5578
-10.57	0.557793
-10.58	0.557785
-10.59	0.557778
-10.6	0.557771
-10.61	0.557764
-10.62	0.557757
-10.63	0.557749
-10.64	0.557742
-10.65	0.557735
-10.66	0.557728
-10.67	0.557721
-10.68	0.557714
-10.69	0.557707
-10.7	0.5577
-10.71	0.557693
-10.72	0.557685
-10.73	0.557678
-10.74	0.557671
-10.75	0.557664
-10.76	0.557657
-10.77	0.55765
-10.78	0.557644
-10.79	0.557637
-10.8	0.55763
-10.81	0.557623
-10.82	0.557616
-10.83	0.557609
-10.84	0.557602
-10.85	0.557595
-10.86	0.557588
-10.87	0.557581
-10.88	0.557575
-10.89	0.557568
-10.9	0.557561
-10.91	0.557554
-10.92	0.557547
-10.93	0.557541
-10.94	0.557534
-10.95	0.557527
-10.96	0.55752
-10.97	0.557514
-10.98	0.557507
-10.99	0.5575
-11	0.557494
-11.01	0.557487
-11.02	0.55748
-11.03	0.557473
-11.04	0.557467
-11.05	0.55746
-11.06	0.557454
-11.07	0.557447
-11.08	0.55744
-11.09	0.557434
-11.1	0.557427
-11.11	0.557421
-11.12	0.557414
-11.13	0.557408
-11.14	0.557401
-11.15	0.557395
-11.16	0.557388
-11.17	0.557382
-11.18	0.557375
-11.19	0.557369
-11.2	0.557362
-11.21	0.557356
-11.22	0.557349
-11.23	0.557343
-11.24	0.557337
-11.25	0.55733
-11.26	0.557324
-11.27	0.557317
-11.28	0.557311
-11.29	0.557305
-11.3	0.557298
-11.31	0.557292
-11.32	0.557286
-11.33	0.557279
-11.34	0.557273
-11.35	0.557267
-11.36	0.557261
-11.37	0.557254
-11.38	0.557248
-11.39	0.557242
-11.4	0.557236
-11.41	0.55723
-11.42	0.557223
-11.43	0.557217
-11.44	0.557211
-11.45	0.557205
-11.46	0.557199
-11.47	0.557192
-11.48	0.557186
-11.49	0.55718
-11.5	0.557174
-11.51	0.557168
-11.52	0.557162
-11.53	0.557156
-11.54	0.55715
-11.55	0.557144
-11.56	0.557138
-11.57	0.557132
-11.58	0.557126
-11.59	0.55712
-11.6	0.557114
-11.61	0.557108
-11.62	0.557102
-11.63	0.557096
-11.64	0.55709
-11.65	0.557084
-11.66	0.557078
-11.67	0.557072
-11.68	0.557066
-11.69	0.55706
-11.7	0.557054
-11.71	0.557048
-11.72	0.557042
-11.73	0.557036
-11.74	0.557031
-11.75	0.557025
-11.76	0.557019
-11.77	0.557013
-11.78	0.557007
-11.79	0.557001
-11.8	0.556996
-11.81	0.55699
-11.82	0.556984
-11.83	0.556978
-11.84	0.556973
-11.85	0.556967
-11.86	0.556961
-11.87	0.556955
-11.88	0.55695
-11.89	0.556944
-11.9	0.556938
-11.91	0.556932
-11.92	0.556927
-11.93	0.556921
-11.94	0.556915
-11.95	0.55691
-11.96	0.556904
-11.97	0.556898
-11.98	0.556893
-11.99	0.556887
-12	0.556882
-12.01	0.556876
-12.02	0.55687
-12.03	0.556865
-12.04	0.556859
-12.05	0.556854
-12.06	0.556848
-12.07	0.556843
-12.08	0.556837
-12.09	0.556832
-12.1	0.556826
-12.11	0.556821
-12.12	0.556815
-12.13	0.55681
-12.14	0.556804
-12.15	0.556799
-12.16	0.556793
-12.17	0.556788
-12.18	0.556782
-12.19	0.556777
-12.2	0.556771
-12.21	0.556766
-12.22	0.556761
-12.23	0.556755
-12.24	0.55675
-12.25	0.556744
-12.26	0.556739
-12.27	0.556734
-12.28	0.556728
-12.29	0.556723
-12.3	0.556718
-12.31	0.556712
-12.32	0.556707
-12.33	0.556702
-12.34	0.556696
-12.35	0.556691
-12.36	0.556686
-12.37	0.556681
-12.38	0.556675
-12.39	0.55667
-12.4	0.556665
-12.41	0.55666
-12.42	0.556654
-12.43	0.556649
-12.44	0.556644
-12.45	0.556639
-12.46	0.556634
-12.47	0.556628
-12.48	0.556623
-12.49	0.556618
-12.5	0.556613
-12.51	0.556608
-12.52	0.556602
-12.53	0.556597
-12.54	0.556592
-12.55	0.556587
-12.56	0.556582
-12.57	0.556577
-12.58	0.556572
-12.59	0.556567
-12.6	0.556562
-12.61	0.556557
-12.62	0.556551
-12.63	0.556546
-12.64	0.556541
-12.65	0.556536
-12.66	0.556531
-12.67	0.556526
-12.68	0.556521
-12.69	0.556516
-12.7	0.556511
-12.71	0.556506
-12.72	0.556501
-12.73	0.556496
-12.74	0.556491
-12.75	0.556486
-12.76	0.556481
-12.77	0.556476
-12.78	0.556472
-12.79	0.556467
-12.8	0.556462
-12.81	0.556457
-12.82	0.556452
-12.83	0.556447
-12.84	0.556442
-12.85	0.556437
-12.86	0.556432
-12.87	0.556427
-12.88	0.556423
-12.89	0.556418
-12.9	0.556413
-12.91	0.556408
-12.92	0.556403
-12.93	0.556398
-12.94	0.556394
-12.95	0.556389
-12.96	0.556384
-12.97	0.556379
-12.98	0.556374
-12.99	0.55637
-13	0.556365
-13.01	0.55636
-13.02	0.556355
-13.03	0.556351
-13.04	0.556346
-13.05	0.556341
-13.06	0.556336
-13.07	0.556332
-13.08	0.556327
-13.09	0.556322
-13.1	0.556318
-13.11	0.556313
-13.12	0.556308
-13.13	0.556304
-13.14	0.556299
-13.15	0.556294
-13.16	0.55629
-13.17	0.556285
-13.18	0.55628
-13.19	0.556276
-13.2	0.556271
-13.21	0.556266
-13.22	0.556262
-13.23	0.556257
-13.24	0.556253
-13.25	0.556248
-13.26	0.556243
-13.27	0.556239
-13.28	0.556234
-13.29	0.55623
-13.3	0.556225
-13.31	0.556221
-13.32	0.556216
-13.33	0.556211
-13.34	0.556207
-13.35	0.556202
-13.36	0.556198
-13.37	0.556193
-13.38	0.556189
-13.39	0.556184
-13.4	0.55618
-13.41	0.556175
-13.42	0.556171
-13.43	0.556167
-13.44	0.556162
-13.45	0.556158
-13.46	0.556153
-13.47	0.556149
-13.48	0.556144
-13.49	0.55614
-13.5	0.556135
-13.51	0.556131
-13.52	0.556127
-13.53	0.556122
-13.54	0.556118
-13.55	0.556113
-13.56	0.556109
-13.57	0.556105
-13.58	0.5561
-13.59	0.556096
-13.6	0.556092
-13.61	0.556087
-13.62	0.556083
-13.63	0.556079
-13.64	0.556074
-13.65	0.55607
-13.66	0.556066
-13.67	0.556061
-13.68	0.556057
-13.69	0.556053
-13.7	0.556048
-13.71	0.556044
-13.72	0.55604
-13.73	0.556036
-13.74	0.556031
-13.75	0.556027
-13.76	0.556023
-13.77	0.556019
-13.78	0.556014
-13.79	0.55601
-13.8	0.556006
-13.81	0.556002
-13.82	0.555997
-13.83	0.555993
-13.84	0.555989
-13.85	0.555985
-13.86	0.555981
-13.87	0.555976
-13.88	0.555972
-13.89	0.555968
-13.9	0.555964
-13.91	0.55596
-13.92	0.555956
-13.93	0.555951
-13.94	0.555947
-13.95	0.555943
-13.96	0.555939
-13.97	0.555935
-13.98	0.555931
-13.99	0.555927
-14	0.555923
-14.01	0.555918
-14.02	0.555914
-14.03	0.55591
-14.04	0.555906
-14.05	0.555902
-14.06	0.555898
-14.07	0.555894
-14.08	0.55589
-14.09	0.555886
-14.1	0.555882
-14.11	0.555878
-14.12	0.555874
-14.13	0.55587
-14.14	0.555866
-14.15	0.555862
-14.16	0.555858
-14.17	0.555854
-14.18	0.55585
-14.19	0.555846
-14.2	0.555842
-14.21	0.555838
-14.22	0.555834
-14.23	0.55583
-14.24	0.555826
-14.25	0.555822
-14.26	0.555818
-14.27	0.555814
-14.28	0.55581
-14.29	0.555806
-14.3	0.555802
-14.31	0.555798
-14.32	0.555794
-14.33	0.55579
-14.34	0.555786
-14.35	0.555782
-14.36	0.555779
-14.37	0.555775
-14.38	0.555771
-14.39	0.555767
-14.4	0.555763
-14.41	0.555759
-14.42	0.555755
-14.43	0.555751
-14.44	0.555748
-14.45	0.555744
-14.46	0.55574
-14.47	0.555736
-14.48	0.555732
-14.49	0.555728
-14.5	0.555725
-14.51	0.555721
-14.52	0.555717
-14.53	0.555713
-14.54	0.555709
-14.55	0.555705
-14.56	0.555702
-14.57	0.555698
-14.58	0.555694
-14.59	0.55569
-14.6	0.555687
-14.61	0.555683
-14.62	0.555679
-14.63	0.555675
-14.64	0.555672
-14.65	0.555668
-14.66	0.555664
-14.67	0.55566
-14.68	0.555657
-14.69	0.555653
-14.7	0.555649
-14.71	0.555645
-14.72	0.555642
-14.73	0.555638
-14.74	0.555634
-14.75	0.555631
-14.76	0.555627
-14.77	0.555623
-14.78	0.55562
-14.79	0.555616
-14.8	0.555612
-14.81	0.555609
-14.82	0.555605
-14.83	0.555601
-14.84	0.555598
-14.85	0.555594
-14.86	0.55559
-14.87	0.555587
-14.88	0.555583
-14.89	0.555579
-14.9	0.555576
-14.91	0.555572
-14.92	0.555569
-14.93	0.555565
-14.94	0.555561
-14.95	0.555558
-14.96	0.555554
-14.97	0.555551
-14.98	0.555547
-14.99	0.555543
-15	0.55554
-15.01	0.555536
-15.02	0.555533
-15.03	0.555529
-15.04	0.555526
-15.05	0.555522
-15.06	0.555518
-15.07	0.555515
-15.08	0.555511
-15.09	0.555508
-15.1	0.555504
-15.11	0.555501
-15.12	0.555497
-15.13	0.555494
-15.14	0.55549
-15.15	0.555487
-15.16	0.555483
-15.17	0.55548
-15.18	0.555476
-15.19	0.555473
-15.2	0.555469
-15.21	0.555466
-15.22	0.555462
-15.23	0.555459
-15.24	0.555455
-15.25	0.555452
-15.26	0.555449
-15.27	0.555445
-15.28	0.555442
-15.29	0.555438
-15.3	0.555435
-15.31	0.555431
-15.32	0.555428
-15.33	0.555425
-15.34	0.555421
-15.35	0.555418
-15.36	0.555414
-15.37	0.555411
-15.38	0.555407
-15.39	0.555404
-15.4	0.555401
-15.41	0.555397
-15.42	0.555394
-15.43	0.555391
-15.44	0.555387
-15.45	0.555384
-15.46	0.55538
-15.47	0.555377
-15.48	0.555374
-15.49	0.55537
-15.5	0.555367
-15.51	0.555364
-15.52	0.55536
-15.53	0.555357
-15.54	0.555354
-15.55	0.55535
-15.56	0.555347
-15.57	0.555344
-15.58	0.55534
-15.59	0.555337
-15.6	0.555334
-15.61	0.555331
-15.62	0.555327
-15.63	0.555324
-15.64	0.555321
-15.65	0.555317
-15.66	0.555314
-15.67	0.555311
-15.68	0.555308
-15.69	0.555304
-15.7	0.555301
-15.71	0.555298
-15.72	0.555295
-15.73	0.555291
-15.74	0.555288
-15.75	0.555285
-15.76	0.555282
-15.77	0.555278
-15.78	0.555275
-15.79	0.555272
-15.8	0.555269
-15.81	0.555265
-15.82	0.555262
-15.83	0.555259
-15.84	0.555256
-15.85	0.555253
-15.86	0.55525
-15.87	0.555246
-15.88	0.555243
-15.89	0.55524
-15.9	0.555237
-15.91	0.555234
-15.92	0.55523
-15.93	0.555227
-15.94	0.555224
-15.95	0.555221
-15.96	0.555218
-15.97	0.555215
-15.98	0.555211
-15.99	0.555208
-16	0.555205
-16.01	0.555202
-16.02	0.555199
-16.03	0.555196
-16.04	0.555193
-16.05	0.55519
-16.06	0.555187
-16.07	0.555183
-16.08	0.55518
-16.09	0.555177
-16.1	0.555174
-16.11	0.555171
-16.12	0.555168
-16.13	0.555165
-16.14	0.555162
-16.15	0.555159
-16.16	0.555156
-16.17	0.555152
-16.18	0.555149
-16.19	0.555146
-16.2	0.555143
-16.21	0.55514
-16.22	0.555137
-16.23	0.555134
-16.24	0.555131
-16.25	0.555128
-16.26	0.555125
-16.27	0.555122
-16.28	0.555119
-16.29	0.555116
-16.3	0.555113
-16.31	0.55511
-16.32	0.555107
-16.33	0.555104
-16.34	0.555101
-16.35	0.555098
-16.36	0.555095
-16.37	0.555092
-16.38	0.555089
-16.39	0.555086
-16.4	0.555083
-16.41	0.55508
-16.42	0.555077
-16.43	0.555074
-16.44	0.555071
-16.45	0.555068
-16.46	0.555065
-16.47	0.555062
-16.48	0.555059
-16.49	0.555056
-16.5	0.555053
-16.51	0.55505
-16.52	0.555047
-16.53	0.555044
-16.54	0.555042
-16.55	0.555039
-16.56	0.555036
-16.57	0.555033
-16.58	0.55503
-16.59	0.555027
-16.6	0.555024
-16.61	0.555021
-16.62	0.555018
-16.63	0.555015
-16.64	0.555012
-16.65	0.555009
-16.66	0.555007
-16.67	0.555004
-16.68	0.555001
-16.69	0.554998
-16.7	0.554995
-16.71	0.554992
-16.72	0.554989
-16.73	0.554986
-16.74	0.554984
-16.75	0.554981
-16.76	0.554978
-16.77	0.554975
-16.78	0.554972
-16.79	0.554969
-16.8	0.554967
-16.81	0.554964
-16.82	0.554961
-16.83	0.554958
-16.84	0.554955
-16.85	0.554952
-16.86	0.55495
-16.87	0.554947
-16.88	0.554944
-16.89	0.554941
-16.9	0.554938
-16.91	0.554935
-16.92	0.554933
-16.93	0.55493
-16.94	0.554927
-16.95	0.554924
-16.96	0.554921
-16.97	0.554919
-16.98	0.554916
-16.99	0.554913
-17	0.55491
-17.01	0.554908
-17.02	0.554905
-17.03	0.554902
-17.04	0.554899
-17.05	0.554896
-17.06	0.554894
-17.07	0.554891
-17.08	0.554888
-17.09	0.554886
-17.1	0.554883
-17.11	0.55488
-17.12	0.554877
-17.13	0.554875
-17.14	0.554872
-17.15	0.554869
-17.16	0.554866
-17.17	0.554864
-17.18	0.554861
-17.19	0.554858
-17.2	0.554856
-17.21	0.554853
-17.22	0.55485
-17.23	0.554847
-17.24	0.554845
-17.25	0.554842
-17.26	0.554839
-17.27	0.554837
-17.28	0.554834
-17.29	0.554831
-17.3	0.554829
-17.31	0.554826
-17.32	0.554823
-17.33	0.554821
-17.34	0.554818
-17.35	0.554815
-17.36	0.554813
-17.37	0.55481
-17.38	0.554807
-17.39	0.554805
-17.4	0.554802
-17.41	0.554799
-17.42	0.554797
-17.43	0.554794
-17.44	0.554791
-17.45	0.554789
-17.46	0.554786
-17.47	0.554783
-17.48	0.554781
-17.49	0.554778
-17.5	0.554776
-17.51	0.554773
-17.52	0.55477
-17.53	0.554768
-17.54	0.554765
-17.55	0.554763
-17.56	0.55476
-17.57	0.554757
-17.58	0.554755
-17.59	0.554752
-17.6	0.55475
-17.61	0.554747
-17.62	0.554744
-17.63	0.554742
-17.64	0.554739
-17.65	0.554737
-17.66	0.554734
-17.67	0.554732
-17.68	0.554729
-17.69	0.554726
-17.7	0.554724
-17.71	0.554721
-17.72	0.554719
-17.73	0.554716
-17.74	0.554714
-17.75	0.554711
-17.76	0.554709
-17.77	0.554706
-17.78	0.554704
-17.79	0.554701
-17.8	0.554698
-17.81	0.554696
-17.82	0.554693
-17.83	0.554691
-17.84	0.554688
-17.85	0.554686
-17.86	0.554683
-17.87	0.554681
-17.88	0.554678
-17.89	0.554676
-17.9	0.554673
-17.91	0.554671
-17.92	0.554668
-17.93	0.554666
-17.94	0.554663
-17.95	0.554661
-17.96	0.554658
-17.97	0.554656
-17.98	0.554653
-17.99	0.554651
-18	0.554648
-18.01	0.554646
-18.02	0.554644
-18.03	0.554641
-18.04	0.554639
-18.05	0.554636
-18.06	0.554634
-18.07	0.554631
-18.08	0.554629
-18.09	0.554626
-18.1	0.554624
-18.11	0.554621
-18.12	0.554619
-18.13	0.554617
-18.14	0.554614
-18.15	0.554612
-18.16	0.554609
-18.17	0.554607
-18.18	0.554604
-18.19	0.554602
-18.2	0.5546
-18.21	0.554597
-18.22	0.554595
-18.23	0.554592
-18.24	0.55459
-18.25	0.554587
-18.26	0.554585
-18.27	0.554583
-18.28	0.55458
-18.29	0.554578
-18.3	0.554576
-18.31	0.554573
-18.32	0.554571
-18.33	0.554568
-18.34	0.554566
-18.35	0.554564
-18.36	0.554561
-18.37	0.554559
-18.38	0.554556
-18.39	0.554554
-18.4	0.554552
-18.41	0.554549
-18.42	0.554547
-18.43	0.554545
-18.44	0.554542
-18.45	0.55454
-18.46	0.554538
-18.47	0.554535
-18.48	0.554533
-18.49	0.554531
-18.5	0.554528
-18.51	0.554526
-18.52	0.554524
-18.53	0.554521
-18.54	0.554519
-18.55	0.554516
-18.56	0.554514
-18.57	0.554512
-18.58	0.55451
-18.59	0.554507
-18.6	0.554505
-18.61	0.554503
-18.62	0.5545
-18.63	0.554498
-18.64	0.554496
-18.65	0.554493
-18.66	0.554491
-18.67	0.554489
-18.68	0.554486
-18.69	0.554484
-18.7	0.554482
-18.71	0.55448
-18.72	0.554477
-18.73	0.554475
-18.74	0.554473
-18.75	0.55447
-18.76	0.554468
-18.77	0.554466
-18.78	0.554464
-18.79	0.554461
-18.8	0.554459
-18.81	0.554457
-18.82	0.554455
-18.83	0.554452
-18.84	0.55445
-18.85	0.554448
-18.86	0.554446
-18.87	0.554443
-18.88	0.554441
-18.89	0.554439
-18.9	0.554437
-18.91	0.554434
-18.92	0.554432
-18.93	0.55443
-18.94	0.554428
-18.95	0.554425
-18.96	0.554423
-18.97	0.554421
-18.98	0.554419
-18.99	0.554417
-19	0.554414
-19.01	0.554412
-19.02	0.55441
-19.03	0.554408
-19.04	0.554405
-19.05	0.554403
-19.06	0.554401
-19.07	0.554399
-19.08	0.554397
-19.09	0.554394
-19.1	0.554392
-19.11	0.55439
-19.12	0.554388
-19.13	0.554386
-19.14	0.554383
-19.15	0.554381
-19.16	0.554379
-19.17	0.554377
-19.18	0.554375
-19.19	0.554373
-19.2	0.55437
-19.21	0.554368
-19.22	0.554366
-19.23	0.554364
-19.24	0.554362
-19.25	0.55436
-19.26	0.554357
-19.27	0.554355
-19.28	0.554353
-19.29	0.554351
-19.3	0.554349
-19.31	0.554347
-19.32	0.554345
-19.33	0.554342
-19.34	0.55434
-19.35	0.554338
-19.36	0.554336
-19.37	0.554334
-19.38	0.554332
-19.39	0.55433
-19.4	0.554327
-19.41	0.554325
-19.42	0.554323
-19.43	0.554321
-19.44	0.554319
-19.45	0.554317
-19.46	0.554315
-19.47	0.554313
-19.48	0.554311
-19.49	0.554308
-19.5	0.554306
-19.51	0.554304
-19.52	0.554302
-19.53	0.5543
-19.54	0.554298
-19.55	0.554296
-19.56	0.554294
-19.57	0.554292
-19.58	0.55429
-19.59	0.554287
-19.6	0.554285
-19.61	0.554283
-19.62	0.554281
-19.63	0.554279
-19.64	0.554277
-19.65	0.554275
-19.66	0.554273
-19.67	0.554271
-19.68	0.554269
-19.69	0.554267
-19.7	0.554265
-19.71	0.554263
-19.72	0.55426
-19.73	0.554258
-19.74	0.554256
-19.75	0.554254
-19.76	0.554252
-19.77	0.55425
-19.78	0.554248
-19.79	0.554246
-19.8	0.554244
-19.81	0.554242
-19.82	0.55424
-19.83	0.554238
-19.84	0.554236
-19.85	0.554234
-19.86	0.554232
-19.87	0.55423
-19.88	0.554228
-19.89	0.554226
-19.9	0.554224
-19.91	0.554222
-19.92	0.55422
-19.93	0.554218
-19.94	0.554216
-19.95	0.554214
-19.96	0.554212
-19.97	0.55421
-19.98	0.554208
-19.99	0.554206
-20	0.554204
-20.01	0.554202
-20.02	0.5542
-20.03	0.554198
-20.04	0.554196
-20.05	0.554194
-20.06	0.554192
-20.07	0.55419
-20.08	0.554188
-20.09	0.554186
-20.1	0.554184
-20.11	0.554182
-20.12	0.55418
-20.13	0.554178
-20.14	0.554176
-20.15	0.554174
-20.16	0.554172
-20.17	0.55417
-20.18	0.554168
-20.19	0.554166
-20.2	0.554164
-20.21	0.554162
-20.22	0.55416
-20.23	0.554158
-20.24	0.554156
-20.25	0.554154
-20.26	0.554152
-20.27	0.55415
-20.28	0.554148
-20.29	0.554147
-20.3	0.554145
-20.31	0.554143
-20.32	0.554141
-20.33	0.554139
-20.34	0.554137
-20.35	0.554135
-20.36	0.554133
-20.37	0.554131
-20.38	0.554129
-20.39	0.554127
-20.4	0.554125
-20.41	0.554123
-20.42	0.554121
-20.43	0.55412
-20.44	0.554118
-20.45	0.554116
-20.46	0.554114
-20.47	0.554112
-20.48	0.55411
-20.49	0.554108
-20.5	0.554106
-20.51	0.554104
-20.52	0.554102
-20.53	0.554101
-20.54	0.554099
-20.55	0.554097
-20.56	0.554095
-20.57	0.554093
-20.58	0.554091
-20.59	0.554089
-20.6	0.554087
-20.61	0.554085
-20.62	0.554083
-20.63	0.554082
-20.64	0.55408
-20.65	0.554078
-20.66	0.554076
-20.67	0.554074
-20.68	0.554072
-20.69	0.55407
-20.7	0.554069
-20.71	0.554067
-20.72	0.554065
-20.73	0.554063
-20.74	0.554061
-20.75	0.554059
-20.76	0.554057
-20.77	0.554055
-20.78	0.554054
-20.79	0.554052
-20.8	0.55405
-20.81	0.554048
-20.82	0.554046
-20.83	0.554044
-20.84	0.554043
-20.85	0.554041
-20.86	0.554039
-20.87	0.554037
-20.88	0.554035
-20.89	0.554033
-20.9	0.554032
-20.91	0.55403
-20.92	0.554028
-20.93	0.554026
-20.94	0.554024
-20.95	0.554022
-20.96	0.554021
-20.97	0.554019
-20.98	0.554017
-20.99	0.554015
-21	0.554013
-21.01	0.554012
-21.02	0.55401
-21.03	0.554008
-21.04	0.554006
-21.05	0.554004
-21.06	0.554002
-21.07	0.554001
-21.08	0.553999
-21.09	0.553997
-21.1	0.553995
-21.11	0.553993
-21.12	0.553992
-21.13	0.55399
-21.14	0.553988
-21.15	0.553986
-21.16	0.553985
-21.17	0.553983
-21.18	0.553981
-21.19	0.553979
-21.2	0.553977
-21.21	0.553976
-21.22	0.553974
-21.23	0.553972
-21.24	0.55397
-21.25	0.553969
-21.26	0.553967
-21.27	0.553965
-21.28	0.553963
-21.29	0.553961
-21.3	0.55396
-21.31	0.553958
-21.32	0.553956
-21.33	0.553954
-21.34	0.553953
-21.35	0.553951
-21.36	0.553949
-21.37	0.553947
-21.38	0.553946
-21.39	0.553944
-21.4	0.553942
-21.41	0.55394
-21.42	0.553939
-21.43	0.553937
-21.44	0.553935
-21.45	0.553934
-21.46	0.553932
-21.47	0.55393
-21.48	0.553928
-21.49	0.553927
-21.5	0.553925
-21.51	0.553923
-21.52	0.553921
-21.53	0.55392
-21.54	0.553918
-21.55	0.553916
-21.56	0.553914
-21.57	0.553913
-21.58	0.553911
-21.59	0.553909
-21.6	0.553908
-21.61	0.553906
-21.62	0.553904
-21.63	0.553902
-21.64	0.553901
-21.65	0.553899
-21.66	0.553897
-21.67	0.553896
-21.68	0.553894
-21.69	0.553892
-21.7	0.553891
-21.71	0.553889
-21.72	0.553887
-21.73	0.553885
-21.74	0.553884
-21.75	0.553882
-21.76	0.55388
-21.77	0.553879
-21.78	0.553877
-21.79	0.553875
-21.8	0.553874
-21.81	0.553872
-21.82	0.55387
-21.83	0.553869
-21.84	0.553867
-21.85	0.553865
-21.86	0.553864
-21.87	0.553862
-21.88	0.55386
-21.89	0.553859
-21.9	0.553857
-21.91	0.553855
-21.92	0.553854
-21.93	0.553852
-21.94	0.55385
-21.95	0.553849
-21.96	0.553847
-21.97	0.553845
-21.98	0.553844
-21.99	0.553842
-22	0.55384
-22.01	0.553839
-22.02	0.553837
-22.03	0.553835
-22.04	0.553834
-22.05	0.553832
-22.06	0.55383
-22.07	0.553829
-22.08	0.553827
-22.09	0.553826
-22.1	0.553824
-22.11	0.553822
-22.12	0.553821
-22.13	0.553819
-22.14	0.553817
-22.15	0.553816
-22.16	0.553814
-22.17	0.553813
-22.18	0.553811
-22.19	0.553809
-22.2	0.553808
-22.21	0.553806
-22.22	0.553804
-22.23	0.553803
-22.24	0.553801
-22.25	0.5538
-22.26	0.553798
-22.27	0.553796
-22.28	0.553795
-22.29	0.553793
-22.3	0.553791
-22.31	0.55379
-22.32	0.553788
-22.33	0.553787
-22.34	0.553785
-22.35	0.553783
-22.36	0.553782
-22.37	0.55378
-22.38	0.553779
-22.39	0.553777
-22.4	0.553775
-22.41	0.553774
-22.42	0.553772
-22.43	0.553771
-22.44	0.553769
-22.45	0.553768
-22.46	0.553766
-22.47	0.553764
-22.48	0.553763
-22.49	0.553761
-22.5	0.55376
-22.51	0.553758
-22.52	0.553756
-22.53	0.553755
-22.54	0.553753
-22.55	0.553752
-22.56	0.55375
-22.57	0.553749
-22.58	0.553747
-22.59	0.553746
-22.6	0.553744
-22.61	0.553742
-22.62	0.553741
-22.63	0.553739
-22.64	0.553738
-22.65	0.553736
-22.66	0.553735
-22.67	0.553733
-22.68	0.553731
-22.69	0.55373
-22.7	0.553728
-22.71	0.553727
-22.72	0.553725
-22.73	0.553724
-22.74	0.553722
-22.75	0.553721
-22.76	0.553719
-22.77	0.553718
-22.78	0.553716
-22.79	0.553714
-22.8	0.553713
-22.81	0.553711
-22.82	0.55371
-22.83	0.553708
-22.84	0.553707
-22.85	0.553705
-22.86	0.553704
-22.87	0.553702
-22.88	0.553701
-22.89	0.553699
-22.9	0.553698
-22.91	0.553696
-22.92	0.553695
-22.93	0.553693
-22.94	0.553692
-22.95	0.55369
-22.96	0.553689
-22.97	0.553687
-22.98	0.553685
-22.99	0.553684
-23	0.553683
-23.01	0.553681
-23.02	0.553679
-23.03	0.553678
-23.04	0.553676
-23.05	0.553675
-23.06	0.553673
-23.07	0.553672
-23.08	0.55367
-23.09	0.553669
-23.1	0.553667
-23.11	0.553666
-23.12	0.553664
-23.13	0.553663
-23.14	0.553661
-23.15	0.55366
-23.16	0.553658
-23.17	0.553657
-23.18	0.553656
-23.19	0.553654
-23.2	0.553653
-23.21	0.553651
-23.22	0.55365
-23.23	0.553648
-23.24	0.553647
-23.25	0.553645
-23.26	0.553644
-23.27	0.553642
-23.28	0.553641
-23.29	0.553639
-23.3	0.553638
-23.31	0.553636
-23.32	0.553635
-23.33	0.553633
-23.34	0.553632
-23.35	0.55363
-23.36	0.553629
-23.37	0.553627
-23.38	0.553626
-23.39	0.553625
-23.4	0.553623
-23.41	0.553622
-23.42	0.55362
-23.43	0.553619
-23.44	0.553617
-23.45	0.553616
-23.46	0.553614
-23.47	0.553613
-23.48	0.553612
-23.49	0.55361
-23.5	0.553609
-23.51	0.553607
-23.52	0.553606
-23.53	0.553604
-23.54	0.553603
-23.55	0.553601
-23.56	0.5536
-23.57	0.553599
-23.58	0.553597
-23.59	0.553596
-23.6	0.553594
-23.61	0.553593
-23.62	0.553591
-23.63	0.55359
-23.64	0.553589
-23.65	0.553587
-23.66	0.553586
-23.67	0.553584
-23.68	0.553583
-23.69	0.553581
-23.7	0.55358
-23.71	0.553578
-23.72	0.553577
-23.73	0.553576
-23.74	0.553574
-23.75	0.553573
-23.76	0.553571
-23.77	0.55357
-23.78	0.553569
-23.79	0.553567
-23.8	0.553566
-23.81	0.553564
-23.82	0.553563
-23.83	0.553562
-23.84	0.55356
-23.85	0.553559
-23.86	0.553557
-23.87	0.553556
-23.88	0.553555
-23.89	0.553553
-23.9	0.553552
-23.91	0.55355
-23.92	0.553549
-23.93	0.553548
-23.94	0.553546
-23.95	0.553545
-23.96	0.553543
-23.97	0.553542
-23.98	0.553541
-23.99	0.553539
-24	0.553538
-24.01	0.553536
-24.02	0.553535
-24.03	0.553534
-24.04	0.553532
-24.05	0.553531
-24.06	0.55353
-24.07	0.553528
-24.08	0.553527
-24.09	0.553525
-24.1	0.553524
-24.11	0.553523
-24.12	0.553521
-24.13	0.55352
-24.14	0.553519
-24.15	0.553517
-24.16	0.553516
-24.17	0.553514
-24.18	0.553513
-24.19	0.553512
-24.2	0.55351
-24.21	0.553509
-24.22	0.553508
-24.23	0.553506
-24.24	0.553505
-24.25	0.553504
-24.26	0.553502
-24.27	0.553501
-24.28	0.5535
-24.29	0.553498
-24.3	0.553497
-24.31	0.553495
-24.32	0.553494
-24.33	0.553493
-24.34	0.553491
-24.35	0.55349
-24.36	0.553489
-24.37	0.553487
-24.38	0.553486
-24.39	0.553485
-24.4	0.553483
-24.41	0.553482
-24.42	0.553481
-24.43	0.553479
-24.44	0.553478
-24.45	0.553477
-24.46	0.553475
-24.47	0.553474
-24.48	0.553473
-24.49	0.553471
-24.5	0.55347
-24.51	0.553469
-24.52	0.553467
-24.53	0.553466
-24.54	0.553465
-24.55	0.553463
-24.56	0.553462
-24.57	0.553461
-24.58	0.553459
-24.59	0.553458
-24.6	0.553457
-24.61	0.553455
-24.62	0.553454
-24.63	0.553453
-24.64	0.553451
-24.65	0.55345
-24.66	0.553449
-24.67	0.553448
-24.68	0.553446
-24.69	0.553445
-24.7	0.553444
-24.71	0.553442
-24.72	0.553441
-24.73	0.55344
-24.74	0.553438
-24.75	0.553437
-24.76	0.553436
-24.77	0.553434
-24.78	0.553433
-24.79	0.553432
-24.8	0.553431
-24.81	0.553429
-24.82	0.553428
-24.83	0.553427
-24.84	0.553425
-24.85	0.553424
-24.86	0.553423
-24.87	0.553421
-24.88	0.55342
-24.89	0.553419
-24.9	0.553418
-24.91	0.553416
-24.92	0.553415
-24.93	0.553414
-24.94	0.553412
-24.95	0.553411
-24.96	0.55341
-24.97	0.553409
-24.98	0.553407
-24.99	0.553406
-25	0.553405
-25.01	0.553404
-25.02	0.553402
-25.03	0.553401
-25.04	0.5534
-25.05	0.553398
-25.06	0.553397
-25.07	0.553396
-25.08	0.553395
-25.09	0.553393
-25.1	0.553392
-25.11	0.553391
-25.12	0.55339
-25.13	0.553388
-25.14	0.553387
-25.15	0.553386
-25.16	0.553385
-25.17	0.553383
-25.18	0.553382
-25.19	0.553381
-25.2	0.55338
-25.21	0.553378
-25.22	0.553377
-25.23	0.553376
-25.24	0.553374
-25.25	0.553373
-25.26	0.553372
-25.27	0.553371
-25.28	0.55337
-25.29	0.553368
-25.3	0.553367
-25.31	0.553366
-25.32	0.553365
-25.33	0.553363
-25.34	0.553362
-25.35	0.553361
-25.36	0.55336
-25.37	0.553358
-25.38	0.553357
-25.39	0.553356
-25.4	0.553355
-25.41	0.553353
-25.42	0.553352
-25.43	0.553351
-25.44	0.55335
-25.45	0.553348
-25.46	0.553347
-25.47	0.553346
-25.48	0.553345
-25.49	0.553343
-25.5	0.553342
-25.51	0.553341
-25.52	0.55334
-25.53	0.553339
-25.54	0.553337
-25.55	0.553336
-25.56	0.553335
-25.57	0.553334
-25.58	0.553333
-25.59	0.553331
-25.6	0.55333
-25.61	0.553329
-25.62	0.553328
-25.63	0.553326
-25.64	0.553325
-25.65	0.553324
-25.66	0.553323
-25.67	0.553322
-25.68	0.55332
-25.69	0.553319
-25.7	0.553318
-25.71	0.553317
-25.72	0.553316
-25.73	0.553314
-25.74	0.553313
-25.75	0.553312
-25.76	0.553311
-25.77	0.55331
-25.78	0.553308
-25.79	0.553307
-25.8	0.553306
-25.81	0.553305
-25.82	0.553303
-25.83	0.553302
-25.84	0.553301
-25.85	0.5533
-25.86	0.553299
-25.87	0.553298
-25.88	0.553296
-25.89	0.553295
-25.9	0.553294
-25.91	0.553293
-25.92	0.553292
-25.93	0.55329
-25.94	0.553289
-25.95	0.553288
-25.96	0.553287
-25.97	0.553286
-25.98	0.553284
-25.99	0.553283
-26	0.553282
-26.01	0.553281
-26.02	0.55328
-26.03	0.553279
-26.04	0.553277
-26.05	0.553276
-26.06	0.553275
-26.07	0.553274
-26.08	0.553273
-26.09	0.553272
-26.1	0.55327
-26.11	0.553269
-26.12	0.553268
-26.13	0.553267
-26.14	0.553266
-26.15	0.553264
-26.16	0.553263
-26.17	0.553262
-26.18	0.553261
-26.19	0.55326
-26.2	0.553259
-26.21	0.553258
-26.22	0.553256
-26.23	0.553255
-26.24	0.553254
-26.25	0.553253
-26.26	0.553252
-26.27	0.553251
-26.28	0.553249
-26.29	0.553248
-26.3	0.553247
-26.31	0.553246
-26.32	0.553245
-26.33	0.553244
-26.34	0.553243
-26.35	0.553241
-26.36	0.55324
-26.37	0.553239
-26.38	0.553238
-26.39	0.553237
-26.4	0.553236
-26.41	0.553235
-26.42	0.553233
-26.43	0.553232
-26.44	0.553231
-26.45	0.55323
-26.46	0.553229
-26.47	0.553228
-26.48	0.553227
-26.49	0.553225
-26.5	0.553224
-26.51	0.553223
-26.52	0.553222
-26.53	0.553221
-26.54	0.55322
-26.55	0.553219
-26.56	0.553217
-26.57	0.553216
-26.58	0.553215
-26.59	0.553214
-26.6	0.553213
-26.61	0.553212
-26.62	0.553211
-26.63	0.55321
-26.64	0.553208
-26.65	0.553207
-26.66	0.553206
-26.67	0.553205
-26.68	0.553204
-26.69	0.553203
-26.7	0.553202
-26.71	0.553201
-26.72	0.553199
-26.73	0.553198
-26.74	0.553197
-26.75	0.553196
-26.76	0.553195
-26.77	0.553194
-26.78	0.553193
-26.79	0.553192
-26.8	0.553191
-26.81	0.553189
-26.82	0.553188
-26.83	0.553187
-26.84	0.553186
-26.85	0.553185
-26.86	0.553184
-26.87	0.553183
-26.88	0.553182
-26.89	0.553181
-26.9	0.55318
-26.91	0.553178
-26.92	0.553177
-26.93	0.553176
-26.94	0.553175
-26.95	0.553174
-26.96	0.553173
-26.97	0.553172
-26.98	0.553171
-26.99	0.55317
-27	0.553169
-27.01	0.553167
-27.02	0.553166
-27.03	0.553165
-27.04	0.553164
-27.05	0.553163
-27.06	0.553162
-27.07	0.553161
-27.08	0.55316
-27.09	0.553159
-27.1	0.553158
-27.11	0.553157
-27.12	0.553155
-27.13	0.553154
-27.14	0.553153
-27.15	0.553152
-27.16	0.553151
-27.17	0.55315
-27.18	0.553149
-27.19	0.553148
-27.2	0.553147
-27.21	0.553146
-27.22	0.553145
-27.23	0.553144
-27.24	0.553142
-27.25	0.553141
-27.26	0.55314
-27.27	0.553139
-27.28	0.553138
-27.29	0.553137
-27.3	0.553136
-27.31	0.553135
-27.32	0.553134
-27.33	0.553133
-27.34	0.553132
-27.35	0.553131
-27.36	0.55313
-27.37	0.553129
-27.38	0.553128
-27.39	0.553127
-27.4	0.553125
-27.41	0.553124
-27.42	0.553123
-27.43	0.553122
-27.44	0.553121
-27.45	0.55312
-27.46	0.553119
-27.47	0.553118
-27.48	0.553117
-27.49	0.553116
-27.5	0.553115
-27.51	0.553114
-27.52	0.553113
-27.53	0.553112
-27.54	0.553111
-27.55	0.55311
-27.56	0.553109
-27.57	0.553108
-27.58	0.553106
-27.59	0.553105
-27.6	0.553104
-27.61	0.553103
-27.62	0.553102
-27.63	0.553101
-27.64	0.5531
-27.65	0.553099
-27.66	0.553098
-27.67	0.553097
-27.68	0.553096
-27.69	0.553095
-27.7	0.553094
-27.71	0.553093
-27.72	0.553092
-27.73	0.553091
-27.74	0.55309
-27.75	0.553089
-27.76	0.553088
-27.77	0.553087
-27.78	0.553086
-27.79	0.553085
-27.8	0.553084
-27.81	0.553083
-27.82	0.553082
-27.83	0.55308
-27.84	0.553079
-27.85	0.553078
-27.86	0.553077
-27.87	0.553076
-27.88	0.553075
-27.89	0.553074
-27.9	0.553073
-27.91	0.553072
-27.92	0.553071
-27.93	0.55307
-27.94	0.553069
-27.95	0.553068
-27.96	0.553067
-27.97	0.553066
-27.98	0.553065
-27.99	0.553064
-28	0.553063
-28.01	0.553062
-28.02	0.553061
-28.03	0.55306
-28.04	0.553059
-28.05	0.553058
-28.06	0.553057
-28.07	0.553056
-28.08	0.553055
-28.09	0.553054
-28.1	0.553053
-28.11	0.553052
-28.12	0.553051
-28.13	0.55305
-28.14	0.553049
-28.15	0.553048
-28.16	0.553047
-28.17	0.553046
-28.18	0.553045
-28.19	0.553044
-28.2	0.553043
-28.21	0.553042
-28.22	0.553041
-28.23	0.55304
-28.24	0.553039
-28.25	0.553038
-28.26	0.553037
-28.27	0.553036
-28.28	0.553035
-28.29	0.553034
-28.3	0.553033
-28.31	0.553032
-28.32	0.553031
-28.33	0.55303
-28.34	0.553029
-28.35	0.553028
-28.36	0.553027
-28.37	0.553026
-28.38	0.553025
-28.39	0.553024
-28.4	0.553023
-28.41	0.553022
-28.42	0.553021
-28.43	0.55302
-28.44	0.553019
-28.45	0.553018
-28.46	0.553017
-28.47	0.553016
-28.48	0.553015
-28.49	0.553014
-28.5	0.553013
-28.51	0.553012
-28.52	0.553011
-28.53	0.55301
-28.54	0.553009
-28.55	0.553008
-28.56	0.553007
-28.57	0.553006
-28.58	0.553005
-28.59	0.553004
-28.6	0.553003
-28.61	0.553002
-28.62	0.553001
-28.63	0.553
-28.64	0.552999
-28.65	0.552999
-28.66	0.552998
-28.67	0.552997
-28.68	0.552996
-28.69	0.552995
-28.7	0.552994
-28.71	0.552993
-28.72	0.552992
-28.73	0.552991
-28.74	0.55299
-28.75	0.552989
-28.76	0.552988
-28.77	0.552987
-28.78	0.552986
-28.79	0.552985
-28.8	0.552984
-28.81	0.552983
-28.82	0.552982
-28.83	0.552981
-28.84	0.55298
-28.85	0.552979
-28.86	0.552978
-28.87	0.552977
-28.88	0.552976
-28.89	0.552975
-28.9	0.552974
-28.91	0.552974
-28.92	0.552973
-28.93	0.552972
-28.94	0.552971
-28.95	0.55297
-28.96	0.552969
-28.97	0.552968
-28.98	0.552967
-28.99	0.552966
-29	0.552965
-29.01	0.552964
-29.02	0.552963
-29.03	0.552962
-29.04	0.552961
-29.05	0.55296
-29.06	0.552959
-29.07	0.552958
-29.08	0.552957
-29.09	0.552956
-29.1	0.552956
-29.11	0.552955
-29.12	0.552954
-29.13	0.552953
-29.14	0.552952
-29.15	0.552951
-29.16	0.55295
-29.17	0.552949
-29.18	0.552948
-29.19	0.552947
-29.2	0.552946
-29.21	0.552945
-29.22	0.552944
-29.23	0.552943
-29.24	0.552942
-29.25	0.552942
-29.26	0.552941
-29.27	0.55294
-29.28	0.552939
-29.29	0.552938
-29.3	0.552937
-29.31	0.552936
-29.32	0.552935
-29.33	0.552934
-29.34	0.552933
-29.35	0.552932
-29.36	0.552931
-29.37	0.55293
-29.38	0.552929
-29.39	0.552929
-29.4	0.552928
-29.41	0.552927
-29.42	0.552926
-29.43	0.552925
-29.44	0.552924
-29.45	0.552923
-29.46	0.552922
-29.47	0.552921
-29.48	0.55292
-29.49	0.552919
-29.5	0.552918
-29.51	0.552917
-29.52	0.552917
-29.53	0.552916
-29.54	0.552915
-29.55	0.552914
-29.56	0.552913
-29.57	0.552912
-29.58	0.552911
-29.59	0.55291
-29.6	0.552909
-29.61	0.552908
-29.62	0.552907
-29.63	0.552907
-29.64	0.552906
-29.65	0.552905
-29.66	0.552904
-29.67	0.552903
-29.68	0.552902
-29.69	0.552901
-29.7	0.5529
-29.71	0.552899
-29.72	0.552898
-29.73	0.552898
-29.74	0.552897
-29.75	0.552896
-29.76	0.552895
-29.77	0.552894
-29.78	0.552893
-29.79	0.552892
-29.8	0.552891
-29.81	0.55289
-29.82	0.552889
-29.83	0.552889
-29.84	0.552888
-29.85	0.552887
-29.86	0.552886
-29.87	0.552885
-29.88	0.552884
-29.89	0.552883
-29.9	0.552882
-29.91	0.552881
-29.92	0.552881
-29.93	0.55288
-29.94	0.552879
-29.95	0.552878
-29.96	0.552877
-29.97	0.552876
-29.98	0.552875
-29.99	0.552874
-30	0.552873
