x	y
30	1.42335
29.99	1.42335
29.98	1.42336
29.97	1.42336
29.96	1.42337
29.95	1.42337
29.94	1.42338
29.93	1.42338
29.92	1.42339
29.91	1.42339
29.9	1.4234
29.89	1.4234
29.88	1.42341
29.87	1.42341
29.86	1.42342
29.85	1.42342
29.84	1.42343
29.83	1.42343
29.82	1.42344
29.81	1.42344
29.8	1.42345
29.79	1.42345
29.78	1.42346
29.77	1.42346
29.76	1.42347
29.75	1.42347
29.74	1.42348
29.73	1.42348
29.72	1.42349
29.71	1.4235
29.7	1.4235
29.69	1.42351
29.68	1.42351
29.67	1.42352
29.66	1.42352
29.65	1.42353
29.64	1.42353
29.63	1.42354
29.62	1.42354
29.61	1.42355
29.6	1.42355
29.59	1.42356
29.58	1.42356
29.57	1.42357
29.56	1.42357
29.55	1.42358
29.54	1.42358
29.53	1.42359
29.52	1.42359
29.51	1.4236
29.5	1.4236
29.49	1.42361
29.48	1.42361
29.47	1.42362
29.46	1.42362
29.45	1.42363
29.44	1.42363
29.43	1.42364
29.42	1.42364
29.41	1.42365
29.4	1.42365
29.39	1.42366
29.38	1.42366
29.37	1.42367
29.36	1.42367
29.35	1.42368
29.34	1.42369
29.33	1.42369
29.32	1.4237
29.31	1.4237
29.3	1.42371
29.29	1.42371
29.28	1.42372
29.27	1.42372
29.26	1.42373
29.25	1.42373
29.24	1.42374
29.23	1.42374
29.22	1.42375
29.21	1.42375
29.2	1.42376
29.19	1.42376
29.18	1.42377
29.17	1.42377
29.16	1.42378
29.15	1.42378
29.14	1.42379
29.13	1.4238
29.12	1.4238
29.11	1.42381
29.1	1.42381
29.09	1.42382
29.08	1.42382
29.07	1.42383
29.06	1.42383
29.05	1.42384
29.04	1.42384
29.03	1.42385
29.02	1.42385
29.01	1.42386
29	1.42386
28.99	1.42387
28.98	1.42388
28.97	1.42388
28.96	1.42389
28.95	1.42389
28.94	1.4239
28.93	1.4239
28.92	1.42391
28.91	1.42391
28.9	1.42392
28.89	1.42392
28.88	1.42393
28.87	1.42393
28.86	1.42394
28.85	1.42395
28.84	1.42395
28.83	1.42396
28.82	1.42396
28.81	1.42397
28.8	1.42397
28.79	1.42398
28.78	1.42398
28.77	1.42399
28.76	1.42399
28.75	1.424
28.74	1.424
28.73	1.42401
28.72	1.42402
28.71	1.42402
28.7	1.42403
28.69	1.42403
28.68	1.42404
28.67	1.42404
28.66	1.42405
28.65	1.42405
28.64	1.42406
28.63	1.42406
28.62	1.42407
28.61	1.42408
28.6	1.42408
28.59	1.42409
28.58	1.42409
28.57	1.4241
28.56	1.4241
28.55	1.42411
28.54	1.42411
28.53	1.42412
28.52	1.42412
28.51	1.42413
28.5	1.42414
28.49	1.42414
28.48	1.42415
28.47	1.42415
28.46	1.42416
28.45	1.42416
28.44	1.42417
28.43	1.42417
28.42	1.42418
28.41	1.42419
28.4	1.42419
28.39	1.4242
28.38	1.4242
28.37	1.42421
28.36	1.42421
28.35	1.42422
28.34	1.42422
28.33	1.42423
28.32	1.42424
28.31	1.42424
28.3	1.42425
28.29	1.42425
28.28	1.42426
28.27	1.42426
28.26	1.42427
28.25	1.42428
28.24	1.42428
28.23	1.42429
28.22	1.42429
28.21	1.4243
28.2	1.4243
28.19	1.42431
28.18	1.42431
28.17	1.42432
28.16	1.42433
28.15	1.42433
28.14	1.42434
28.13	1.42434
28.12	1.42435
28.11	1.42435
28.1	1.42436
28.09	1.42437
28.08	1.42437
28.07	1.42438
28.06	1.42438
28.05	1.42439
28.04	1.42439
28.03	1.4244
28.02	1.42441
28.01	1.42441
28	1.42442
27.99	1.42442
27.98	1.42443
27.97	1.42443
27.96	1.42444
27.95	1.42445
27.94	1.42445
27.93	1.42446
27.92	1.42446
27.91	1.42447
27.9	1.42447
27.89	1.42448
27.88	1.42449
27.87	1.42449
27.86	1.4245
27.85	1.4245
27.84	1.42451
27.83	1.42452
27.82	1.42452
27.81	1.42453
27.8	1.42453
27.79	1.42454
27.78	1.42454
27.77	1.42455
27.76	1.42456
27.75	1.42456
27.74	1.42457
27.73	1.42457
27.72	1.42458
27.71	1.42458
27.7	1.42459
27.69	1.4246
27.68	1.4246
27.67	1.42461
27.66	1.42461
27.65	1.42462
27.64	1.42463
27.63	1.42463
27.62	1.42464
27.61	1.42464
27.6	1.42465
27.59	1.42466
27.58	1.42466
27.57	1.42467
27.56	1.42467
27.55	1.42468
27.54	1.42469
27.53	1.42469
27.52	1.4247
27.51	1.4247
27.5	1.42471
27.49	1.42471
27.48	1.42472
27.47	1.42473
27.46	1.42473
27.45	1.42474
27.44	1.42474
27.43	1.42475
27.42	1.42476
27.41	1.42476
27.4	1.42477
27.39	1.42477
27.38	1.42478
27.37	1.42479
27.36	1.42479
27.35	1.4248
27.34	1.4248
27.33	1.42481
27.32	1.42482
27.31	1.42482
27.3	1.42483
27.29	1.42483
27.28	1.42484
27.27	1.42485
27.26	1.42485
27.25	1.42486
27.24	1.42486
27.23	1.42487
27.22	1.42488
27.21	1.42488
27.2	1.42489
27.19	1.42489
27.18	1.4249
27.17	1.42491
27.16	1.42491
27.15	1.42492
27.14	1.42493
27.13	1.42493
27.12	1.42494
27.11	1.42494
27.1	1.42495
27.09	1.42496
27.08	1.42496
27.07	1.42497
27.06	1.42497
27.05	1.42498
27.04	1.42499
27.03	1.42499
27.02	1.425
27.01	1.425
27	1.42501
26.99	1.42502
26.98	1.42502
26.97	1.42503
26.96	1.42504
26.95	1.42504
26.94	1.42505
26.93	1.42505
26.92	1.42506
26.91	1.42507
26.9	1.42507
26.89	1.42508
26.88	1.42509
26.87	1.42509
26.86	1.4251
26.85	1.4251
26.84	1.42511
26.83	1.42512
26.82	1.42512
26.81	1.42513
26.8	1.42514
26.79	1.42514
26.78	1.42515
26.77	1.42515
26.76	1.42516
26.75	1.42517
26.74	1.42517
26.73	1.42518
26.72	1.42519
26.71	1.42519
26.7	1.4252
26.69	1.4252
26.68	1.42521
26.67	1.42522
26.66	1.42522
26.65	1.42523
26.64	1.42524
26.63	1.42524
26.62	1.42525
26.61	1.42526
26.6	1.42526
26.59	1.42527
26.58	1.42527
26.57	1.42528
26.56	1.42529
26.55	1.42529
26.54	1.4253
26.53	1.42531
26.52	1.42531
26.51	1.42532
26.5	1.42533
26.49	1.42533
26.48	1.42534
26.47	1.42534
26.46	1.42535
26.45	1.42536
26.44	1.42536
26.43	1.42537
26.42	1.42538
26.41	1.42538
26.4	1.42539
26.39	1.4254
26.38	1.4254
26.37	1.42541
26.36	1.42542
26.35	1.42542
26.34	1.42543
26.33	1.42543
26.32	1.42544
26.31	1.42545
26.3	1.42545
26.29	1.42546
26.28	1.42547
26.27	1.42547
26.26	1.42548
26.25	1.42549
26.24	1.42549
26.23	1.4255
26.22	1.42551
26.21	1.42551
26.2	1.42552
26.19	1.42553
26.18	1.42553
26.17	1.42554
26.16	1.42555
26.15	1.42555
26.14	1.42556
26.13	1.42557
26.12	1.42557
26.11	1.42558
26.1	1.42559
26.09	1.42559
26.08	1.4256
26.07	1.4256
26.06	1.42561
26.05	1.42562
26.04	1.42562
26.03	1.42563
26.02	1.42564
26.01	1.42564
26	1.42565
25.99	1.42566
25.98	1.42566
25.97	1.42567
25.96	1.42568
25.95	1.42568
25.94	1.42569
25.93	1.4257
25.92	1.4257
25.91	1.42571
25.9	1.42572
25.89	1.42572
25.88	1.42573
25.87	1.42574
25.86	1.42574
25.85	1.42575
25.84	1.42576
25.83	1.42577
25.82	1.42577
25.81	1.42578
25.8	1.42579
25.79	1.42579
25.78	1.4258
25.77	1.42581
25.76	1.42581
25.75	1.42582
25.74	1.42583
25.73	1.42583
25.72	1.42584
25.71	1.42585
25.7	1.42585
25.69	1.42586
25.68	1.42587
25.67	1.42587
25.66	1.42588
25.65	1.42589
25.64	1.42589
25.63	1.4259
25.62	1.42591
25.61	1.42591
25.6	1.42592
25.59	1.42593
25.58	1.42594
25.57	1.42594
25.56	1.42595
25.55	1.42596
25.54	1.42596
25.53	1.42597
25.52	1.42598
25.51	1.42598
25.5	1.42599
25.49	1.426
25.48	1.426
25.47	1.42601
25.46	1.42602
25.45	1.42603
25.44	1.42603
25.43	1.42604
25.42	1.42605
25.41	1.42605
25.4	1.42606
25.39	1.42607
25.38	1.42607
25.37	1.42608
25.36	1.42609
25.35	1.42609
25.34	1.4261
25.33	1.42611
25.32	1.42612
25.31	1.42612
25.3	1.42613
25.29	1.42614
25.28	1.42614
25.27	1.42615
25.26	1.42616
25.25	1.42616
25.24	1.42617
25.23	1.42618
25.22	1.42619
25.21	1.42619
25.2	1.4262
25.19	1.42621
25.18	1.42621
25.17	1.42622
25.16	1.42623
25.15	1.42624
25.14	1.42624
25.13	1.42625
25.12	1.42626
25.11	1.42626
25.1	1.42627
25.09	1.42628
25.08	1.42629
25.07	1.42629
25.06	1.4263
25.05	1.42631
25.04	1.42631
25.03	1.42632
25.02	1.42633
25.01	1.42634
25	1.42634
24.99	1.42635
24.98	1.42636
24.97	1.42636
24.96	1.42637
24.95	1.42638
24.94	1.42639
24.93	1.42639
24.92	1.4264
24.91	1.42641
24.9	1.42642
24.89	1.42642
24.88	1.42643
24.87	1.42644
24.86	1.42644
24.85	1.42645
24.84	1.42646
24.83	1.42647
24.82	1.42647
24.81	1.42648
24.8	1.42649
24.79	1.4265
24.78	1.4265
24.77	1.42651
24.76	1.42652
24.75	1.42652
24.74	1.42653
24.73	1.42654
24.72	1.42655
24.71	1.42655
24.7	1.42656
24.69	1.42657
24.68	1.42658
24.67	1.42658
24.66	1.42659
24.65	1.4266
24.64	1.42661
24.63	1.42661
24.62	1.42662
24.61	1.42663
24.6	1.42664
24.59	1.42664
24.58	1.42665
24.57	1.42666
24.56	1.42667
24.55	1.42667
24.54	1.42668
24.53	1.42669
24.52	1.4267
24.51	1.4267
24.5	1.42671
24.49	1.42672
24.48	1.42673
24.47	1.42673
24.46	1.42674
24.45	1.42675
24.44	1.42676
24.43	1.42676
24.42	1.42677
24.41	1.42678
24.4	1.42679
24.39	1.42679
24.38	1.4268
24.37	1.42681
24.36	1.42682
24.35	1.42682
24.34	1.42683
24.33	1.42684
24.32	1.42685
24.31	1.42685
24.3	1.42686
24.29	1.42687
24.28	1.42688
24.27	1.42688
24.26	1.42689
24.25	1.4269
24.24	1.42691
24.23	1.42692
24.22	1.42692
24.21	1.42693
24.2	1.42694
24.19	1.42695
24.18	1.42695
24.17	1.42696
24.16	1.42697
24.15	1.42698
24.14	1.42698
24.13	1.42699
24.12	1.427
24.11	1.42701
24.1	1.42702
24.09	1.42702
24.08	1.42703
24.07	1.42704
24.06	1.42705
24.05	1.42705
24.04	1.42706
24.03	1.42707
24.02	1.42708
24.01	1.42709
24	1.42709
23.99	1.4271
23.98	1.42711
23.97	1.42712
23.96	1.42712
23.95	1.42713
23.94	1.42714
23.93	1.42715
23.92	1.42716
23.91	1.42716
23.9	1.42717
23.89	1.42718
23.88	1.42719
23.87	1.4272
23.86	1.4272
23.85	1.42721
23.84	1.42722
23.83	1.42723
23.82	1.42724
23.81	1.42724
23.8	1.42725
23.79	1.42726
23.78	1.42727
23.77	1.42727
23.76	1.42728
23.75	1.42729
23.74	1.4273
23.73	1.42731
23.72	1.42731
23.71	1.42732
23.7	1.42733
23.69	1.42734
23.68	1.42735
23.67	1.42736
23.66	1.42736
23.65	1.42737
23.64	1.42738
23.63	1.42739
23.62	1.4274
23.61	1.4274
23.6	1.42741
23.59	1.42742
23.58	1.42743
23.57	1.42744
23.56	1.42744
23.55	1.42745
23.54	1.42746
23.53	1.42747
23.52	1.42748
23.51	1.42748
23.5	1.42749
23.49	1.4275
23.48	1.42751
23.47	1.42752
23.46	1.42753
23.45	1.42753
23.44	1.42754
23.43	1.42755
23.42	1.42756
23.41	1.42757
23.4	1.42757
23.39	1.42758
23.38	1.42759
23.37	1.4276
23.36	1.42761
23.35	1.42762
23.34	1.42762
23.33	1.42763
23.32	1.42764
23.31	1.42765
23.3	1.42766
23.29	1.42767
23.28	1.42767
23.27	1.42768
23.26	1.42769
23.25	1.4277
23.24	1.42771
23.23	1.42772
23.22	1.42772
23.21	1.42773
23.2	1.42774
23.19	1.42775
23.18	1.42776
23.17	1.42777
23.16	1.42777
23.15	1.42778
23.14	1.42779
23.13	1.4278
23.12	1.42781
23.11	1.42782
23.1	1.42782
23.09	1.42783
23.08	1.42784
23.07	1.42785
23.06	1.42786
23.05	1.42787
23.04	1.42788
23.03	1.42788
23.02	1.42789
23.01	1.4279
23	1.42791
22.99	1.42792
22.98	1.42793
22.97	1.42794
22.96	1.42794
22.95	1.42795
22.94	1.42796
22.93	1.42797
22.92	1.42798
22.91	1.42799
22.9	1.428
22.89	1.428
22.88	1.42801
22.87	1.42802
22.86	1.42803
22.85	1.42804
22.84	1.42805
22.83	1.42806
22.82	1.42806
22.81	1.42807
22.8	1.42808
22.79	1.42809
22.78	1.4281
22.77	1.42811
22.76	1.42812
22.75	1.42813
22.74	1.42813
22.73	1.42814
22.72	1.42815
22.71	1.42816
22.7	1.42817
22.69	1.42818
22.68	1.42819
22.67	1.42819
22.66	1.4282
22.65	1.42821
22.64	1.42822
22.63	1.42823
22.62	1.42824
22.61	1.42825
22.6	1.42826
22.59	1.42827
22.58	1.42827
22.57	1.42828
22.56	1.42829
22.55	1.4283
22.54	1.42831
22.53	1.42832
22.52	1.42833
22.51	1.42834
22.5	1.42835
22.49	1.42835
22.48	1.42836
22.47	1.42837
22.46	1.42838
22.45	1.42839
22.44	1.4284
22.43	1.42841
22.42	1.42842
22.41	1.42843
22.4	1.42843
22.39	1.42844
22.38	1.42845
22.37	1.42846
22.36	1.42847
22.35	1.42848
22.34	1.42849
22.33	1.4285
22.32	1.42851
22.31	1.42852
22.3	1.42853
22.29	1.42853
22.28	1.42854
22.27	1.42855
22.26	1.42856
22.25	1.42857
22.24	1.42858
22.23	1.42859
22.22	1.4286
22.21	1.42861
22.2	1.42862
22.19	1.42863
22.18	1.42863
22.17	1.42864
22.16	1.42865
22.15	1.42866
22.14	1.42867
22.13	1.42868
22.12	1.42869
22.11	1.4287
22.1	1.42871
22.09	1.42872
22.08	1.42873
22.07	1.42874
22.06	1.42875
22.05	1.42875
22.04	1.42876
22.03	1.42877
22.02	1.42878
22.01	1.42879
22	1.4288
21.99	1.42881
21.98	1.42882
21.97	1.42883
21.96	1.42884
21.95	1.42885
21.94	1.42886
21.93	1.42887
21.92	1.42888
21.91	1.42889
21.9	1.42889
21.89	1.4289
21.88	1.42891
21.87	1.42892
21.86	1.42893
21.85	1.42894
21.84	1.42895
21.83	1.42896
21.82	1.42897
21.81	1.42898
21.8	1.42899
21.79	1.429
21.78	1.42901
21.77	1.42902
21.76	1.42903
21.75	1.42904
21.74	1.42905
21.73	1.42906
21.72	1.42907
21.71	1.42908
21.7	1.42908
21.69	1.42909
21.68	1.4291
21.67	1.42911
21.66	1.42912
21.65	1.42913
21.64	1.42914
21.63	1.42915
21.62	1.42916
21.61	1.42917
21.6	1.42918
21.59	1.42919
21.58	1.4292
21.57	1.42921
21.56	1.42922
21.55	1.42923
21.54	1.42924
21.53	1.42925
21.52	1.42926
21.51	1.42927
21.5	1.42928
21.49	1.42929
21.48	1.4293
21.47	1.42931
21.46	1.42932
21.45	1.42933
21.44	1.42934
21.43	1.42935
21.42	1.42936
21.41	1.42937
21.4	1.42938
21.39	1.42939
21.38	1.4294
21.37	1.42941
21.36	1.42942
21.35	1.42943
21.34	1.42944
21.33	1.42945
21.32	1.42946
21.31	1.42947
21.3	1.42948
21.29	1.42949
21.28	1.4295
21.27	1.42951
21.26	1.42952
21.25	1.42953
21.24	1.42954
21.23	1.42955
21.22	1.42956
21.21	1.42957
21.2	1.42958
21.19	1.42959
21.18	1.4296
21.17	1.42961
21.16	1.42962
21.15	1.42963
21.14	1.42964
21.13	1.42965
21.12	1.42966
21.11	1.42967
21.1	1.42968
21.09	1.42969
21.08	1.4297
21.07	1.42971
21.06	1.42972
21.05	1.42973
21.04	1.42974
21.03	1.42975
21.02	1.42976
21.01	1.42977
21	1.42978
20.99	1.42979
20.98	1.4298
20.97	1.42981
20.96	1.42982
20.95	1.42983
20.94	1.42984
20.93	1.42985
20.92	1.42986
20.91	1.42987
20.9	1.42988
20.89	1.42989
20.88	1.4299
20.87	1.42991
20.86	1.42992
20.85	1.42993
20.84	1.42994
20.83	1.42995
20.82	1.42996
20.81	1.42997
20.8	1.42999
20.79	1.43
20.78	1.43001
20.77	1.43002
20.76	1.43003
20.75	1.43004
20.74	1.43005
20.73	1.43006
20.72	1.43007
20.71	1.43008
20.7	1.43009
20.69	1.4301
20.68	1.43011
20.67	1.43012
20.66	1.43013
20.65	1.43014
20.64	1.43015
20.63	1.43016
20.62	1.43017
20.61	1.43019
20.6	1.4302
20.59	1.43021
20.58	1.43022
20.57	1.43023
20.56	1.43024
20.55	1.43025
20.54	1.43026
20.53	1.43027
20.52	1.43028
20.51	1.43029
20.5	1.4303
20.49	1.43031
20.48	1.43032
20.47	1.43034
20.46	1.43035
20.45	1.43036
20.44	1.43037
20.43	1.43038
20.42	1.43039
20.41	1.4304
20.4	1.43041
20.39	1.43042
20.38	1.43043
20.37	1.43044
20.36	1.43045
20.35	1.43047
20.34	1.43048
20.33	1.43049
20.32	1.4305
20.31	1.43051
20.3	1.43052
20.29	1.43053
20.28	1.43054
20.27	1.43055
20.26	1.43056
20.25	1.43058
20.24	1.43059
20.23	1.4306
20.22	1.43061
20.21	1.43062
20.2	1.43063
20.19	1.43064
20.18	1.43065
20.17	1.43066
20.16	1.43068
20.15	1.43069
20.14	1.4307
20.13	1.43071
20.12	1.43072
20.11	1.43073
20.1	1.43074
20.09	1.43075
20.08	1.43076
20.07	1.43078
20.06	1.43079
20.05	1.4308
20.04	1.43081
20.03	1.43082
20.02	1.43083
20.01	1.43084
20	1.43085
19.99	1.43087
19.98	1.43088
19.97	1.43089
19.96	1.4309
19.95	1.43091
19.94	1.43092
19.93	1.43093
19.92	1.43095
19.91	1.43096
19.9	1.43097
19.89	1.43098
19.88	1.43099
19.87	1.431
19.86	1.43101
19.85	1.43103
19.84	1.43104
19.83	1.43105
19.82	1.43106
19.81	1.43107
19.8	1.43108
19.79	1.43109
19.78	1.43111
19.77	1.43112
19.76	1.43113
19.75	1.43114
19.74	1.43115
19.73	1.43116
19.72	1.43118
19.71	1.43119
19.7	1.4312
19.69	1.43121
19.68	1.43122
19.67	1.43123
19.66	1.43125
19.65	1.43126
19.64	1.43127
19.63	1.43128
19.62	1.43129
19.61	1.4313
19.6	1.43132
19.59	1.43133
19.58	1.43134
19.57	1.43135
19.56	1.43136
19.55	1.43138
19.54	1.43139
19.53	1.4314
19.52	1.43141
19.51	1.43142
19.5	1.43143
19.49	1.43145
19.48	1.43146
19.47	1.43147
19.46	1.43148
19.45	1.43149
19.44	1.43151
19.43	1.43152
19.42	1.43153
19.41	1.43154
19.4	1.43155
19.39	1.43157
19.38	1.43158
19.37	1.43159
19.36	1.4316
19.35	1.43161
19.34	1.43163
19.33	1.43164
19.32	1.43165
19.31	1.43166
19.3	1.43168
19.29	1.43169
19.28	1.4317
19.27	1.43171
19.26	1.43172
19.25	1.43174
19.24	1.43175
19.23	1.43176
19.22	1.43177
19.21	1.43179
19.2	1.4318
19.19	1.43181
19.18	1.43182
19.17	1.43183
19.16	1.43185
19.15	1.43186
19.14	1.43187
19.13	1.43188
19.12	1.4319
19.11	1.43191
19.1	1.43192
19.09	1.43193
19.08	1.43195
19.07	1.43196
19.06	1.43197
19.05	1.43198
19.04	1.432
19.03	1.43201
19.02	1.43202
19.01	1.43203
19	1.43205
18.99	1.43206
18.98	1.43207
18.97	1.43208
18.96	1.4321
18.95	1.43211
18.94	1.43212
18.93	1.43213
18.92	1.43215
18.91	1.43216
18.9	1.43217
18.89	1.43219
18.88	1.4322
18.87	1.43221
18.86	1.43222
18.85	1.43224
18.84	1.43225
18.83	1.43226
18.82	1.43227
18.81	1.43229
18.8	1.4323
18.79	1.43231
18.78	1.43233
18.77	1.43234
18.76	1.43235
18.75	1.43236
18.74	1.43238
18.73	1.43239
18.72	1.4324
18.71	1.43242
18.7	1.43243
18.69	1.43244
18.68	1.43245
18.67	1.43247
18.66	1.43248
18.65	1.43249
18.64	1.43251
18.63	1.43252
18.62	1.43253
18.61	1.43255
18.6	1.43256
18.59	1.43257
18.58	1.43259
18.57	1.4326
18.56	1.43261
18.55	1.43262
18.54	1.43264
18.53	1.43265
18.52	1.43266
18.51	1.43268
18.5	1.43269
18.49	1.4327
18.48	1.43272
18.47	1.43273
18.46	1.43274
18.45	1.43276
18.44	1.43277
18.43	1.43278
18.42	1.4328
18.41	1.43281
18.4	1.43282
18.39	1.43284
18.38	1.43285
18.37	1.43286
18.36	1.43288
18.35	1.43289
18.34	1.4329
18.33	1.43292
18.32	1.43293
18.31	1.43295
18.3	1.43296
18.29	1.43297
18.28	1.43299
18.27	1.433
18.26	1.43301
18.25	1.43303
18.24	1.43304
18.23	1.43305
18.22	1.43307
18.21	1.43308
18.2	1.4331
18.19	1.43311
18.18	1.43312
18.17	1.43314
18.16	1.43315
18.15	1.43316
18.14	1.43318
18.13	1.43319
18.12	1.43321
18.11	1.43322
18.1	1.43323
18.09	1.43325
18.08	1.43326
18.07	1.43327
18.06	1.43329
18.05	1.4333
18.04	1.43332
18.03	1.43333
18.02	1.43334
18.01	1.43336
18	1.43337
17.99	1.43339
17.98	1.4334
17.97	1.43341
17.96	1.43343
17.95	1.43344
17.94	1.43346
17.93	1.43347
17.92	1.43348
17.91	1.4335
17.9	1.43351
17.89	1.43353
17.88	1.43354
17.87	1.43356
17.86	1.43357
17.85	1.43358
17.84	1.4336
17.83	1.43361
17.82	1.43363
17.81	1.43364
17.8	1.43366
17.79	1.43367
17.78	1.43368
17.77	1.4337
17.76	1.43371
17.75	1.43373
17.74	1.43374
17.73	1.43376
17.72	1.43377
17.71	1.43378
17.7	1.4338
17.69	1.43381
17.68	1.43383
17.67	1.43384
17.66	1.43386
17.65	1.43387
17.64	1.43389
17.63	1.4339
17.62	1.43392
17.61	1.43393
17.6	1.43395
17.59	1.43396
17.58	1.43397
17.57	1.43399
17.56	1.434
17.55	1.43402
17.54	1.43403
17.53	1.43405
17.52	1.43406
17.51	1.43408
17.5	1.43409
17.49	1.43411
17.48	1.43412
17.47	1.43414
17.46	1.43415
17.45	1.43417
17.44	1.43418
17.43	1.4342
17.42	1.43421
17.41	1.43423
17.4	1.43424
17.39	1.43426
17.38	1.43427
17.37	1.43429
17.36	1.4343
17.35	1.43432
17.34	1.43433
17.33	1.43435
17.32	1.43436
17.31	1.43438
17.3	1.43439
17.29	1.43441
17.28	1.43442
17.27	1.43444
17.26	1.43445
17.25	1.43447
17.24	1.43448
17.23	1.4345
17.22	1.43451
17.21	1.43453
17.2	1.43455
17.19	1.43456
17.18	1.43458
17.17	1.43459
17.16	1.43461
17.15	1.43462
17.14	1.43464
17.13	1.43465
17.12	1.43467
17.11	1.43468
17.1	1.4347
17.09	1.43472
17.08	1.43473
17.07	1.43475
17.06	1.43476
17.05	1.43478
17.04	1.43479
17.03	1.43481
17.02	1.43482
17.01	1.43484
17	1.43486
16.99	1.43487
16.98	1.43489
16.97	1.4349
16.96	1.43492
16.95	1.43494
16.94	1.43495
16.93	1.43497
16.92	1.43498
16.91	1.435
16.9	1.43501
16.89	1.43503
16.88	1.43505
16.87	1.43506
16.86	1.43508
16.85	1.43509
16.84	1.43511
16.83	1.43513
16.82	1.43514
16.81	1.43516
16.8	1.43517
16.79	1.43519
16.78	1.43521
16.77	1.43522
16.76	1.43524
16.75	1.43526
16.74	1.43527
16.73	1.43529
16.72	1.4353
16.71	1.43532
16.7	1.43534
16.69	1.43535
16.68	1.43537
16.67	1.43539
16.66	1.4354
16.65	1.43542
16.64	1.43544
16.63	1.43545
16.62	1.43547
16.61	1.43548
16.6	1.4355
16.59	1.43552
16.58	1.43553
16.57	1.43555
16.56	1.43557
16.55	1.43558
16.54	1.4356
16.53	1.43562
16.52	1.43563
16.51	1.43565
16.5	1.43567
16.49	1.43568
16.48	1.4357
16.47	1.43572
16.46	1.43573
16.45	1.43575
16.44	1.43577
16.43	1.43578
16.42	1.4358
16.41	1.43582
16.4	1.43584
16.39	1.43585
16.38	1.43587
16.37	1.43589
16.36	1.4359
16.35	1.43592
16.34	1.43594
16.33	1.43595
16.32	1.43597
16.31	1.43599
16.3	1.43601
16.29	1.43602
16.28	1.43604
16.27	1.43606
16.26	1.43607
16.25	1.43609
16.24	1.43611
16.23	1.43613
16.22	1.43614
16.21	1.43616
16.2	1.43618
16.19	1.4362
16.18	1.43621
16.17	1.43623
16.16	1.43625
16.15	1.43627
16.14	1.43628
16.13	1.4363
16.12	1.43632
16.11	1.43634
16.1	1.43635
16.09	1.43637
16.08	1.43639
16.07	1.43641
16.06	1.43642
16.05	1.43644
16.04	1.43646
16.03	1.43648
16.02	1.43649
16.01	1.43651
16	1.43653
15.99	1.43655
15.98	1.43657
15.97	1.43658
15.96	1.4366
15.95	1.43662
15.94	1.43664
15.93	1.43665
15.92	1.43667
15.91	1.43669
15.9	1.43671
15.89	1.43673
15.88	1.43674
15.87	1.43676
15.86	1.43678
15.85	1.4368
15.84	1.43682
15.83	1.43684
15.82	1.43685
15.81	1.43687
15.8	1.43689
15.79	1.43691
15.78	1.43693
15.77	1.43694
15.76	1.43696
15.75	1.43698
15.74	1.437
15.73	1.43702
15.72	1.43704
15.71	1.43706
15.7	1.43707
15.69	1.43709
15.68	1.43711
15.67	1.43713
15.66	1.43715
15.65	1.43717
15.64	1.43719
15.63	1.4372
15.62	1.43722
15.61	1.43724
15.6	1.43726
15.59	1.43728
15.58	1.4373
15.57	1.43732
15.56	1.43734
15.55	1.43735
15.54	1.43737
15.53	1.43739
15.52	1.43741
15.51	1.43743
15.5	1.43745
15.49	1.43747
15.48	1.43749
15.47	1.43751
15.46	1.43752
15.45	1.43754
15.44	1.43756
15.43	1.43758
15.42	1.4376
15.41	1.43762
15.4	1.43764
15.39	1.43766
15.38	1.43768
15.37	1.4377
15.36	1.43772
15.35	1.43774
15.34	1.43776
15.33	1.43777
15.32	1.43779
15.31	1.43781
15.3	1.43783
15.29	1.43785
15.28	1.43787
15.27	1.43789
15.26	1.43791
15.25	1.43793
15.24	1.43795
15.23	1.43797
15.22	1.43799
15.21	1.43801
15.2	1.43803
15.19	1.43805
15.18	1.43807
15.17	1.43809
15.16	1.43811
15.15	1.43813
15.14	1.43815
15.13	1.43817
15.12	1.43819
15.11	1.43821
15.1	1.43823
15.09	1.43825
15.08	1.43827
15.07	1.43829
15.06	1.43831
15.05	1.43833
15.04	1.43835
15.03	1.43837
15.02	1.43839
15.01	1.43841
15	1.43843
14.99	1.43845
14.98	1.43847
14.97	1.43849
14.96	1.43851
14.95	1.43853
14.94	1.43855
14.93	1.43857
14.92	1.43859
14.91	1.43861
14.9	1.43863
14.89	1.43865
14.88	1.43868
14.87	1.4387
14.86	1.43872
14.85	1.43874
14.84	1.43876
14.83	1.43878
14.82	1.4388
14.81	1.43882
14.8	1.43884
14.79	1.43886
14.78	1.43888
14.77	1.4389
14.76	1.43892
14.75	1.43895
14.74	1.43897
14.73	1.43899
14.72	1.43901
14.71	1.43903
14.7	1.43905
14.69	1.43907
14.68	1.43909
14.67	1.43911
14.66	1.43914
14.65	1.43916
14.64	1.43918
14.63	1.4392
14.62	1.43922
14.61	1.43924
14.6	1.43926
14.59	1.43929
14.58	1.43931
14.57	1.43933
14.56	1.43935
14.55	1.43937
14.54	1.43939
14.53	1.43941
14.52	1.43944
14.51	1.43946
14.5	1.43948
14.49	1.4395
14.48	1.43952
14.47	1.43955
14.46	1.43957
14.45	1.43959
14.44	1.43961
14.43	1.43963
14.42	1.43966
14.41	1.43968
14.4	1.4397
14.39	1.43972
14.38	1.43974
14.37	1.43977
14.36	1.43979
14.35	1.43981
14.34	1.43983
14.33	1.43985
14.32	1.43988
14.31	1.4399
14.3	1.43992
14.29	1.43994
14.28	1.43997
14.27	1.43999
14.26	1.44001
14.25	1.44003
14.24	1.44006
14.23	1.44008
14.22	1.4401
14.21	1.44012
14.2	1.44015
14.19	1.44017
14.18	1.44019
14.17	1.44021
14.16	1.44024
14.15	1.44026
14.14	1.44028
14.13	1.44031
14.12	1.44033
14.11	1.44035
14.1	1.44037
14.09	1.4404
14.08	1.44042
14.07	1.44044
14.06	1.44047
14.05	1.44049
14.04	1.44051
14.03	1.44054
14.02	1.44056
14.01	1.44058
14	1.44061
13.99	1.44063
13.98	1.44065
13.97	1.44068
13.96	1.4407
13.95	1.44072
13.94	1.44075
13.93	1.44077
13.92	1.44079
13.91	1.44082
13.9	1.44084
13.89	1.44087
13.88	1.44089
13.87	1.44091
13.86	1.44094
13.85	1.44096
13.84	1.44098
13.83	1.44101
13.82	1.44103
13.81	1.44106
13.8	1.44108
13.79	1.44111
13.78	1.44113
13.77	1.44115
13.76	1.44118
13.75	1.4412
13.74	1.44123
13.73	1.44125
13.72	1.44127
13.71	1.4413
13.7	1.44132
13.69	1.44135
13.68	1.44137
13.67	1.4414
13.66	1.44142
13.65	1.44145
13.64	1.44147
13.63	1.4415
13.62	1.44152
13.61	1.44154
13.6	1.44157
13.59	1.44159
13.58	1.44162
13.57	1.44164
13.56	1.44167
13.55	1.44169
13.54	1.44172
13.53	1.44174
13.52	1.44177
13.51	1.44179
13.5	1.44182
13.49	1.44184
13.48	1.44187
13.47	1.44189
13.46	1.44192
13.45	1.44195
13.44	1.44197
13.43	1.442
13.42	1.44202
13.41	1.44205
13.4	1.44207
13.39	1.4421
13.38	1.44212
13.37	1.44215
13.36	1.44217
13.35	1.4422
13.34	1.44223
13.33	1.44225
13.32	1.44228
13.31	1.4423
13.3	1.44233
13.29	1.44236
13.28	1.44238
13.27	1.44241
13.26	1.44243
13.25	1.44246
13.24	1.44249
13.23	1.44251
13.22	1.44254
13.21	1.44256
13.2	1.44259
13.19	1.44262
13.18	1.44264
13.17	1.44267
13.16	1.4427
13.15	1.44272
13.14	1.44275
13.13	1.44278
13.12	1.4428
13.11	1.44283
13.1	1.44286
13.09	1.44288
13.08	1.44291
13.07	1.44294
13.06	1.44296
13.05	1.44299
13.04	1.44302
13.03	1.44304
13.02	1.44307
13.01	1.4431
13	1.44313
12.99	1.44315
12.98	1.44318
12.97	1.44321
12.96	1.44324
12.95	1.44326
12.94	1.44329
12.93	1.44332
12.92	1.44334
12.91	1.44337
12.9	1.4434
12.89	1.44343
12.88	1.44346
12.87	1.44348
12.86	1.44351
12.85	1.44354
12.84	1.44357
12.83	1.44359
12.82	1.44362
12.81	1.44365
12.8	1.44368
12.79	1.44371
12.78	1.44373
12.77	1.44376
12.76	1.44379
12.75	1.44382
12.74	1.44385
12.73	1.44388
12.72	1.4439
12.71	1.44393
12.7	1.44396
12.69	1.44399
12.68	1.44402
12.67	1.44405
12.66	1.44408
12.65	1.4441
12.64	1.44413
12.63	1.44416
12.62	1.44419
12.61	1.44422
12.6	1.44425
12.59	1.44428
12.58	1.44431
12.57	1.44434
12.56	1.44436
12.55	1.44439
12.54	1.44442
12.53	1.44445
12.52	1.44448
12.51	1.44451
12.5	1.44454
12.49	1.44457
12.48	1.4446
12.47	1.44463
12.46	1.44466
12.45	1.44469
12.44	1.44472
12.43	1.44475
12.42	1.44478
12.41	1.44481
12.4	1.44484
12.39	1.44487
12.38	1.4449
12.37	1.44493
12.36	1.44496
12.35	1.44499
12.34	1.44502
12.33	1.44505
12.32	1.44508
12.31	1.44511
12.3	1.44514
12.29	1.44517
12.28	1.4452
12.27	1.44523
12.26	1.44526
12.25	1.44529
12.24	1.44532
12.23	1.44535
12.22	1.44538
12.21	1.44541
12.2	1.44545
12.19	1.44548
12.18	1.44551
12.17	1.44554
12.16	1.44557
12.15	1.4456
12.14	1.44563
12.13	1.44566
12.12	1.44569
12.11	1.44573
12.1	1.44576
12.09	1.44579
12.08	1.44582
12.07	1.44585
12.06	1.44588
12.05	1.44592
12.04	1.44595
12.03	1.44598
12.02	1.44601
12.01	1.44604
12	1.44607
11.99	1.44611
11.98	1.44614
11.97	1.44617
11.96	1.4462
11.95	1.44624
11.94	1.44627
11.93	1.4463
11.92	1.44633
11.91	1.44637
11.9	1.4464
11.89	1.44643
11.88	1.44646
11.87	1.4465
11.86	1.44653
11.85	1.44656
11.84	1.44659
11.83	1.44663
11.82	1.44666
11.81	1.44669
11.8	1.44673
11.79	1.44676
11.78	1.44679
11.77	1.44683
11.76	1.44686
11.75	1.44689
11.74	1.44693
11.73	1.44696
11.72	1.44699
11.71	1.44703
11.7	1.44706
11.69	1.44709
11.68	1.44713
11.67	1.44716
11.66	1.4472
11.65	1.44723
11.64	1.44726
11.63	1.4473
11.62	1.44733
11.61	1.44737
11.6	1.4474
11.59	1.44743
11.58	1.44747
11.57	1.4475
11.56	1.44754
11.55	1.44757
11.54	1.44761
11.53	1.44764
11.52	1.44768
11.51	1.44771
11.5	1.44775
11.49	1.44778
11.48	1.44782
11.47	1.44785
11.46	1.44789
11.45	1.44792
11.44	1.44796
11.43	1.44799
11.42	1.44803
11.41	1.44806
11.4	1.4481
11.39	1.44813
11.38	1.44817
11.37	1.44821
11.36	1.44824
11.35	1.44828
11.34	1.44831
11.33	1.44835
11.32	1.44839
11.31	1.44842
11.3	1.44846
11.29	1.44849
11.28	1.44853
11.27	1.44857
11.26	1.4486
11.25	1.44864
11.24	1.44868
11.23	1.44871
11.22	1.44875
11.21	1.44879
11.2	1.44882
11.19	1.44886
11.18	1.4489
11.17	1.44893
11.16	1.44897
11.15	1.44901
11.14	1.44904
11.13	1.44908
11.12	1.44912
11.11	1.44916
11.1	1.44919
11.09	1.44923
11.08	1.44927
11.07	1.44931
11.06	1.44935
11.05	1.44938
11.04	1.44942
11.03	1.44946
11.02	1.4495
11.01	1.44954
11	1.44957
10.99	1.44961
10.98	1.44965
10.97	1.44969
10.96	1.44973
10.95	1.44977
10.94	1.4498
10.93	1.44984
10.92	1.44988
10.91	1.44992
10.9	1.44996
10.89	1.45
10.88	1.45004
10.87	1.45008
10.86	1.45012
10.85	1.45016
10.84	1.45019
10.83	1.45023
10.82	1.45027
10.81	1.45031
10.8	1.45035
10.79	1.45039
10.78	1.45043
10.77	1.45047
10.76	1.45051
10.75	1.45055
10.74	1.45059
10.73	1.45063
10.72	1.45067
10.71	1.45071
10.7	1.45075
10.69	1.45079
10.68	1.45083
10.67	1.45088
10.66	1.45092
10.65	1.45096
10.64	1.451
10.63	1.45104
10.62	1.45108
10.61	1.45112
10.6	1.45116
10.59	1.4512
10.58	1.45125
10.57	1.45129
10.56	1.45133
10.55	1.45137
10.54	1.45141
10.53	1.45145
10.52	1.4515
10.51	1.45154
10.5	1.45158
10.49	1.45162
10.48	1.45166
10.47	1.45171
10.46	1.45175
10.45	1.45179
10.44	1.45183
10.43	1.45188
10.42	1.45192
10.41	1.45196
10.4	1.452
10.39	1.45205
10.38	1.45209
10.37	1.45213
10.36	1.45218
10.35	1.45222
10.34	1.45226
10.33	1.45231
10.32	1.45235
10.31	1.45239
10.3	1.45244
10.29	1.45248
10.28	1.45253
10.27	1.45257
10.26	1.45261
10.25	1.45266
10.24	1.4527
10.23	1.45275
10.22	1.45279
10.21	1.45284
10.2	1.45288
10.19	1.45292
10.18	1.45297
10.17	1.45301
10.16	1.45306
10.15	1.4531
10.14	1.45315
10.13	1.45319
10.12	1.45324
10.11	1.45329
10.1	1.45333
10.09	1.45338
10.08	1.45342
10.07	1.45347
10.06	1.45351
10.05	1.45356
10.04	1.45361
10.03	1.45365
10.02	1.4537
10.01	1.45374
10	1.45379
9.99	1.45384
9.98	1.45388
9.97	1.45393
9.96	1.45398
9.95	1.45403
9.94	1.45407
9.93	1.45412
9.92	1.45417
9.91	1.45421
9.9	1.45426
9.89	1.45431
9.88	1.45436
9.87	1.4544
9.86	1.45445
9.85	1.4545
9.84	1.45455
9.83	1.4546
9.82	1.45464
9.81	1.45469
9.8	1.45474
9.79	1.45479
9.78	1.45484
9.77	1.45489
9.76	1.45494
9.75	1.45498
9.74	1.45503
9.73	1.45508
9.72	1.45513
9.71	1.45518
9.7	1.45523
9.69	1.45528
9.68	1.45533
9.67	1.45538
9.66	1.45543
9.65	1.45548
9.64	1.45553
9.63	1.45558
9.62	1.45563
9.61	1.45568
9.6	1.45573
9.59	1.45578
9.58	1.45583
9.57	1.45588
9.56	1.45593
9.55	1.45599
9.54	1.45604
9.53	1.45609
9.52	1.45614
9.51	1.45619
9.5	1.45624
9.49	1.45629
9.48	1.45635
9.47	1.4564
9.46	1.45645
9.45	1.4565
9.44	1.45656
9.43	1.45661
9.42	1.45666
9.41	1.45671
9.4	1.45677
9.39	1.45682
9.38	1.45687
9.37	1.45692
9.36	1.45698
9.35	1.45703
9.34	1.45708
9.33	1.45714
9.32	1.45719
9.31	1.45725
9.3	1.4573
9.29	1.45735
9.28	1.45741
9.27	1.45746
9.26	1.45752
9.25	1.45757
9.24	1.45763
9.23	1.45768
9.22	1.45774
9.21	1.45779
9.2	1.45785
9.19	1.4579
9.18	1.45796
9.17	1.45801
9.16	1.45807
9.15	1.45812
9.14	1.45818
9.13	1.45824
9.12	1.45829
9.11	1.45835
9.1	1.4584
9.09	1.45846
9.08	1.45852
9.07	1.45857
9.06	1.45863
9.05	1.45869
9.04	1.45875
9.03	1.4588
9.02	1.45886
9.01	1.45892
9	1.45898
8.99	1.45903
8.98	1.45909
8.97	1.45915
8.96	1.45921
8.95	1.45927
8.94	1.45932
8.93	1.45938
8.92	1.45944
8.91	1.4595
8.9	1.45956
8.89	1.45962
8.88	1.45968
8.87	1.45974
8.86	1.4598
8.85	1.45986
8.84	1.45992
8.83	1.45998
8.82	1.46004
8.81	1.4601
8.8	1.46016
8.79	1.46022
8.78	1.46028
8.77	1.46034
8.76	1.4604
8.75	1.46046
8.74	1.46052
8.73	1.46059
8.72	1.46065
8.71	1.46071
8.7	1.46077
8.69	1.46083
8.68	1.46089
8.67	1.46096
8.66	1.46102
8.65	1.46108
8.64	1.46114
8.63	1.46121
8.62	1.46127
8.61	1.46133
8.6	1.4614
8.59	1.46146
8.58	1.46152
8.57	1.46159
8.56	1.46165
8.55	1.46172
8.54	1.46178
8.53	1.46185
8.52	1.46191
8.51	1.46197
8.5	1.46204
8.49	1.46211
8.48	1.46217
8.47	1.46224
8.46	1.4623
8.45	1.46237
8.44	1.46243
8.43	1.4625
8.42	1.46257
8.41	1.46263
8.4	1.4627
8.39	1.46276
8.38	1.46283
8.37	1.4629
8.36	1.46297
8.35	1.46303
8.34	1.4631
8.33	1.46317
8.32	1.46324
8.31	1.4633
8.3	1.46337
8.29	1.46344
8.28	1.46351
8.27	1.46358
8.26	1.46365
8.25	1.46372
8.24	1.46379
8.23	1.46385
8.22	1.46392
8.21	1.46399
8.2	1.46406
8.19	1.46413
8.18	1.4642
8.17	1.46428
8.16	1.46435
8.15	1.46442
8.14	1.46449
8.13	1.46456
8.12	1.46463
8.11	1.4647
8.1	1.46477
8.09	1.46485
8.08	1.46492
8.07	1.46499
8.06	1.46506
8.05	1.46513
8.04	1.46521
8.03	1.46528
8.02	1.46535
8.01	1.46543
8	1.4655
7.99	1.46557
7.98	1.46565
7.97	1.46572
7.96	1.4658
7.95	1.46587
7.94	1.46595
7.93	1.46602
7.92	1.4661
7.91	1.46617
7.9	1.46625
7.89	1.46632
7.88	1.4664
7.87	1.46648
7.86	1.46655
7.85	1.46663
7.84	1.46671
7.83	1.46678
7.82	1.46686
7.81	1.46694
7.8	1.46701
7.79	1.46709
7.78	1.46717
7.77	1.46725
7.76	1.46733
7.75	1.46741
7.74	1.46748
7.73	1.46756
7.72	1.46764
7.71	1.46772
7.7	1.4678
7.69	1.46788
7.68	1.46796
7.67	1.46804
7.66	1.46812
7.65	1.4682
7.64	1.46828
7.63	1.46836
7.62	1.46845
7.61	1.46853
7.6	1.46861
7.59	1.46869
7.58	1.46877
7.57	1.46886
7.56	1.46894
7.55	1.46902
7.54	1.46911
7.53	1.46919
7.52	1.46927
7.51	1.46936
7.5	1.46944
7.49	1.46953
7.48	1.46961
7.47	1.46969
7.46	1.46978
7.45	1.46986
7.44	1.46995
7.43	1.47004
7.42	1.47012
7.41	1.47021
7.4	1.4703
7.39	1.47038
7.38	1.47047
7.37	1.47056
7.36	1.47064
7.35	1.47073
7.34	1.47082
7.33	1.47091
7.32	1.471
7.31	1.47108
7.3	1.47117
7.29	1.47126
7.28	1.47135
7.27	1.47144
7.26	1.47153
7.25	1.47162
7.24	1.47171
7.23	1.4718
7.22	1.47189
7.21	1.47199
7.2	1.47208
7.19	1.47217
7.18	1.47226
7.17	1.47235
7.16	1.47245
7.15	1.47254
7.14	1.47263
7.13	1.47273
7.12	1.47282
7.11	1.47291
7.1	1.47301
7.09	1.4731
7.08	1.4732
7.07	1.47329
7.06	1.47339
7.05	1.47348
7.04	1.47358
7.03	1.47368
7.02	1.47377
7.01	1.47387
7	1.47397
6.99	1.47406
6.98	1.47416
6.97	1.47426
6.96	1.47436
6.95	1.47446
6.94	1.47455
6.93	1.47465
6.92	1.47475
6.91	1.47485
6.9	1.47495
6.89	1.47505
6.88	1.47515
6.87	1.47526
6.86	1.47536
6.85	1.47546
6.84	1.47556
6.83	1.47566
6.82	1.47576
6.81	1.47587
6.8	1.47597
6.79	1.47607
6.78	1.47618
6.77	1.47628
6.76	1.47639
6.75	1.47649
6.74	1.4766
6.73	1.4767
6.72	1.47681
6.71	1.47691
6.7	1.47702
6.69	1.47713
6.68	1.47723
6.67	1.47734
6.66	1.47745
6.65	1.47756
6.64	1.47766
6.63	1.47777
6.62	1.47788
6.61	1.47799
6.6	1.4781
6.59	1.47821
6.58	1.47832
6.57	1.47843
6.56	1.47854
6.55	1.47865
6.54	1.47877
6.53	1.47888
6.52	1.47899
6.51	1.4791
6.5	1.47922
6.49	1.47933
6.48	1.47945
6.47	1.47956
6.46	1.47967
6.45	1.47979
6.44	1.47991
6.43	1.48002
6.42	1.48014
6.41	1.48025
6.4	1.48037
6.39	1.48049
6.38	1.48061
6.37	1.48072
6.36	1.48084
6.35	1.48096
6.34	1.48108
6.33	1.4812
6.32	1.48132
6.31	1.48144
6.3	1.48156
6.29	1.48168
6.28	1.48181
6.27	1.48193
6.26	1.48205
6.25	1.48217
6.24	1.4823
6.23	1.48242
6.22	1.48254
6.21	1.48267
6.2	1.48279
6.19	1.48292
6.18	1.48305
6.17	1.48317
6.16	1.4833
6.15	1.48343
6.14	1.48355
6.13	1.48368
6.12	1.48381
6.11	1.48394
6.1	1.48407
6.09	1.4842
6.08	1.48433
6.07	1.48446
6.06	1.48459
6.05	1.48472
6.04	1.48485
6.03	1.48499
6.02	1.48512
6.01	1.48525
6	1.48539
5.99	1.48552
5.98	1.48566
5.97	1.48579
5.96	1.48593
5.95	1.48606
5.94	1.4862
5.93	1.48634
5.92	1.48647
5.91	1.48661
5.9	1.48675
5.89	1.48689
5.88	1.48703
5.87	1.48717
5.86	1.48731
5.85	1.48745
5.84	1.48759
5.83	1.48774
5.82	1.48788
5.81	1.48802
5.8	1.48817
5.79	1.48831
5.78	1.48845
5.77	1.4886
5.76	1.48875
5.75	1.48889
5.74	1.48904
5.73	1.48919
5.72	1.48933
5.71	1.48948
5.7	1.48963
5.69	1.48978
5.68	1.48993
5.67	1.49008
5.66	1.49023
5.65	1.49039
5.64	1.49054
5.63	1.49069
5.62	1.49084
5.61	1.491
5.6	1.49115
5.59	1.49131
5.58	1.49147
5.57	1.49162
5.56	1.49178
5.55	1.49194
5.54	1.49209
5.53	1.49225
5.52	1.49241
5.51	1.49257
5.5	1.49273
5.49	1.4929
5.48	1.49306
5.47	1.49322
5.46	1.49338
5.45	1.49355
5.44	1.49371
5.43	1.49388
5.42	1.49404
5.41	1.49421
5.4	1.49437
5.39	1.49454
5.38	1.49471
5.37	1.49488
5.36	1.49505
5.35	1.49522
5.34	1.49539
5.33	1.49556
5.32	1.49573
5.31	1.49591
5.3	1.49608
5.29	1.49626
5.28	1.49643
5.27	1.49661
5.26	1.49678
5.25	1.49696
5.24	1.49714
5.23	1.49732
5.22	1.4975
5.21	1.49768
5.2	1.49786
5.19	1.49804
5.18	1.49822
5.17	1.4984
5.16	1.49859
5.15	1.49877
5.14	1.49896
5.13	1.49914
5.12	1.49933
5.11	1.49952
5.1	1.49971
5.09	1.4999
5.08	1.50009
5.07	1.50028
5.06	1.50047
5.05	1.50066
5.04	1.50085
5.03	1.50105
5.02	1.50124
5.01	1.50144
5	1.50163
4.99	1.50183
4.98	1.50203
4.97	1.50223
4.96	1.50243
4.95	1.50263
4.94	1.50283
4.93	1.50303
4.92	1.50324
4.91	1.50344
4.9	1.50365
4.89	1.50385
4.88	1.50406
4.87	1.50427
4.86	1.50447
4.85	1.50468
4.84	1.50489
4.83	1.50511
4.82	1.50532
4.81	1.50553
4.8	1.50575
4.79	1.50596
4.78	1.50618
4.77	1.50639
4.76	1.50661
4.75	1.50683
4.74	1.50705
4.73	1.50727
4.72	1.50749
4.71	1.50772
4.7	1.50794
4.69	1.50816
4.68	1.50839
4.67	1.50862
4.66	1.50885
4.65	1.50907
4.64	1.5093
4.63	1.50954
4.62	1.50977
4.61	1.51
4.6	1.51024
4.59	1.51047
4.58	1.51071
4.57	1.51094
4.56	1.51118
4.55	1.51142
4.54	1.51166
4.53	1.51191
4.52	1.51215
4.51	1.51239
4.5	1.51264
4.49	1.51289
4.48	1.51313
4.47	1.51338
4.46	1.51363
4.45	1.51388
4.44	1.51414
4.43	1.51439
4.42	1.51465
4.41	1.5149
4.4	1.51516
4.39	1.51542
4.38	1.51568
4.37	1.51594
4.36	1.5162
4.35	1.51647
4.34	1.51673
4.33	1.517
4.32	1.51727
4.31	1.51754
4.3	1.51781
4.29	1.51808
4.28	1.51835
4.27	1.51863
4.26	1.5189
4.25	1.51918
4.24	1.51946
4.23	1.51974
4.22	1.52002
4.21	1.5203
4.2	1.52059
4.19	1.52087
4.18	1.52116
4.17	1.52145
4.16	1.52174
4.15	1.52203
4.14	1.52232
4.13	1.52262
4.12	1.52291
4.11	1.52321
4.1	1.52351
4.09	1.52381
4.08	1.52411
4.07	1.52442
4.06	1.52472
4.05	1.52503
4.04	1.52534
4.03	1.52565
4.02	1.52596
4.01	1.52628
4	1.52659
3.99	1.52691
3.98	1.52723
3.97	1.52755
3.96	1.52787
3.95	1.5282
3.94	1.52852
3.93	1.52885
3.92	1.52918
3.91	1.52951
3.9	1.52985
3.89	1.53018
3.88	1.53052
3.87	1.53086
3.86	1.5312
3.85	1.53154
3.84	1.53188
3.83	1.53223
3.82	1.53258
3.81	1.53293
3.8	1.53328
3.79	1.53364
3.78	1.53399
3.77	1.53435
3.76	1.53471
3.75	1.53507
3.74	1.53544
3.73	1.5358
3.72	1.53617
3.71	1.53654
3.7	1.53692
3.69	1.53729
3.68	1.53767
3.67	1.53805
3.66	1.53843
3.65	1.53882
3.64	1.5392
3.63	1.53959
3.62	1.53998
3.61	1.54038
3.6	1.54077
3.59	1.54117
3.58	1.54157
3.57	1.54197
3.56	1.54238
3.55	1.54279
3.54	1.5432
3.53	1.54361
3.52	1.54403
3.51	1.54445
3.5	1.54487
3.49	1.54529
3.48	1.54571
3.47	1.54614
3.46	1.54657
3.45	1.54701
3.44	1.54745
3.43	1.54789
3.42	1.54833
3.41	1.54877
3.4	1.54922
3.39	1.54967
3.38	1.55012
3.37	1.55058
3.36	1.55104
3.35	1.5515
3.34	1.55197
3.33	1.55244
3.32	1.55291
3.31	1.55338
3.3	1.55386
3.29	1.55434
3.28	1.55483
3.27	1.55531
3.26	1.55581
3.25	1.5563
3.24	1.5568
3.23	1.5573
3.22	1.5578
3.21	1.55831
3.2	1.55882
3.19	1.55933
3.18	1.55985
3.17	1.56037
3.16	1.5609
3.15	1.56143
3.14	1.56196
3.13	1.5625
3.12	1.56304
3.11	1.56358
3.1	1.56413
3.09	1.56468
3.08	1.56524
3.07	1.56579
3.06	1.56636
3.05	1.56693
3.04	1.5675
3.03	1.56807
3.02	1.56865
3.01	1.56924
3	1.56983
2.99	1.57042
2.98	1.57102
2.97	1.57162
2.96	1.57222
2.95	1.57283
2.94	1.57345
2.93	1.57407
2.92	1.57469
2.91	1.57532
2.9	1.57595
2.89	1.57659
2.88	1.57724
2.87	1.57789
2.86	1.57854
2.85	1.5792
2.84	1.57986
2.83	1.58053
2.82	1.5812
2.81	1.58188
2.8	1.58257
2.79	1.58326
2.78	1.58395
2.77	1.58466
2.76	1.58536
2.75	1.58607
2.74	1.58679
2.73	1.58752
2.72	1.58825
2.71	1.58898
2.7	1.58972
2.69	1.59047
2.68	1.59123
2.67	1.59199
2.66	1.59276
2.65	1.59353
2.64	1.59431
2.63	1.5951
2.62	1.59589
2.61	1.59669
2.6	1.5975
2.59	1.59831
2.58	1.59913
2.57	1.59996
2.56	1.60079
2.55	1.60164
2.54	1.60249
2.53	1.60334
2.52	1.60421
2.51	1.60508
2.5	1.60596
2.49	1.60685
2.48	1.60775
2.47	1.60865
2.46	1.60956
2.45	1.61048
2.44	1.61141
2.43	1.61235
2.42	1.6133
2.41	1.61425
2.4	1.61522
2.39	1.61619
2.38	1.61718
2.37	1.61817
2.36	1.61917
2.35	1.62018
2.34	1.6212
2.33	1.62223
2.32	1.62328
2.31	1.62433
2.3	1.62539
2.29	1.62646
2.28	1.62754
2.27	1.62864
2.26	1.62974
2.25	1.63086
2.24	1.63198
2.23	1.63312
2.22	1.63427
2.21	1.63543
2.2	1.63661
2.19	1.63779
2.18	1.63899
2.17	1.6402
2.16	1.64143
2.15	1.64267
2.14	1.64392
2.13	1.64518
2.12	1.64646
2.11	1.64775
2.1	1.64905
2.09	1.65037
2.08	1.6517
2.07	1.65305
2.06	1.65442
2.05	1.6558
2.04	1.65719
2.03	1.6586
2.02	1.66003
2.01	1.66147
2	1.66293
1.99	1.6644
1.98	1.6659
1.97	1.66741
1.96	1.66894
1.95	1.67048
1.94	1.67205
1.93	1.67363
1.92	1.67523
1.91	1.67686
1.9	1.6785
1.89	1.68016
1.88	1.68185
1.87	1.68355
1.86	1.68527
1.85	1.68702
1.84	1.68879
1.83	1.69058
1.82	1.6924
1.81	1.69424
1.8	1.6961
1.79	1.69799
1.78	1.6999
1.77	1.70183
1.76	1.7038
1.75	1.70579
1.74	1.7078
1.73	1.70984
1.72	1.71192
1.71	1.71402
1.7	1.71615
1.69	1.7183
1.68	1.72049
1.67	1.72272
1.66	1.72497
1.65	1.72725
1.64	1.72957
1.63	1.73192
1.62	1.73431
1.61	1.73673
1.6	1.73919
1.59	1.74168
1.58	1.74422
1.57	1.74679
1.56	1.7494
1.55	1.75205
1.54	1.75475
1.53	1.75748
1.52	1.76026
1.51	1.76308
1.5	1.76595
1.49	1.76887
1.48	1.77183
1.47	1.77485
1.46	1.77791
1.45	1.78102
1.44	1.78419
1.43	1.78741
1.42	1.79069
1.41	1.79402
1.4	1.79742
1.39	1.80087
1.38	1.80438
1.37	1.80796
1.36	1.8116
1.35	1.81531
1.34	1.81909
1.33	1.82294
1.32	1.82686
1.31	1.83085
1.3	1.83492
1.29	1.83908
1.28	1.84331
1.27	1.84762
1.26	1.85203
1.25	1.85652
1.24	1.8611
1.23	1.86578
1.22	1.87055
1.21	1.87542
1.2	1.8804
1.19	1.88549
1.18	1.89068
1.17	1.89599
1.16	1.90141
1.15	1.90696
1.14	1.91263
1.13	1.91844
1.12	1.92437
1.11	1.93045
1.1	1.93667
1.09	1.94304
1.08	1.94956
1.07	1.95625
1.06	1.9631
1.05	1.97012
1.04	1.97732
1.03	1.98471
1.02	1.99229
1.01	2.00007
1	2.00806
0.99	2.01626
0.98	2.0247
0.97	2.03337
0.96	2.04228
0.95	2.05145
0.94	2.06088
0.93	2.0706
0.92	2.08061
0.91	2.09092
0.9	2.10154
0.89	2.11251
0.88	2.12382
0.87	2.13549
0.86	2.14755
0.85	2.16002
0.84	2.1729
0.83	2.18623
0.82	2.20003
0.81	2.21432
0.8	2.22913
0.79	2.24449
0.78	2.26042
0.77	2.27697
0.76	2.29416
0.75	2.31204
0.74	2.33064
0.73	2.35002
0.72	2.37021
0.71	2.39128
0.7	2.41327
0.69	2.43625
0.68	2.46029
0.67	2.48546
0.66	2.51185
0.65	2.53953
0.64	2.5686
0.63	2.59918
0.62	2.63138
0.61	2.66533
0.6	2.70118
0.59	2.73907
0.58	2.7792
0.57	2.82176
0.56	2.86697
0.55	2.91508
0.54	2.96637
0.53	3.02117
0.52	3.07984
0.51	3.14278
0.5	3.21046
0.49	3.28344
0.48	3.36233
0.47	3.44786
0.46	3.54088
0.45	3.64237
0.44	3.75351
0.43	3.87567
0.42	4.01051
0.41	4.16002
0.4	4.32662
0.39	4.51325
0.38	4.72355
0.37	4.96205
0.36	5.23449
0.35	5.54815
0.34	5.91246
0.33	6.33978
0.32	6.84662
0.31	7.45541
0.3	8.19731
0.29	9.11674
0.28	10.279
0.27	11.7841
0.26	13.7928
0.25	16.585
0.24	20.7083
0.23	27.4926
0.22	42.2872
-0.22	42.2872
-0.23	27.4926
-0.24	20.7083
-0.25	16.585
-0.26	13.7928
-0.27	11.7841
-0.28	10.279
-0.29	9.11674
-0.3	8.19731
-0.31	7.45541
-0.32	6.84662
-0.33	6.33978
-0.34	5.91246
-0.35	5.54815
-0.36	5.23449
-0.37	4.96205
-0.38	4.72355
-0.39	4.51325
-0.4	4.32662
-0.41	4.16002
-0.42	4.01051
-0.43	3.87567
-0.44	3.75351
-0.45	3.64237
-0.46	3.54088
-0.47	3.44786
-0.48	3.36233
-0.49	3.28344
-0.5	3.21046
-0.51	3.14278
-0.52	3.07984
-0.53	3.02117
-0.54	2.96637
-0.55	2.91508
-0.56	2.86697
-0.57	2.82176
-0.58	2.7792
-0.59	2.73907
-0.6	2.70118
-0.61	2.66533
-0.62	2.63138
-0.63	2.59918
-0.64	2.5686
-0.65	2.53953
-0.66	2.51185
-0.67	2.48546
-0.68	2.46029
-0.69	2.43625
-0.7	2.41327
-0.71	2.39128
-0.72	2.37021
-0.73	2.35002
-0.74	2.33064
-0.75	2.31204
-0.76	2.29416
-0.77	2.27697
-0.78	2.26042
-0.79	2.24449
-0.8	2.22913
-0.81	2.21432
-0.82	2.20003
-0.83	2.18623
-0.84	2.1729
-0.85	2.16002
-0.86	2.14755
-0.87	2.13549
-0.88	2.12382
-0.89	2.11251
-0.9	2.10154
-0.91	2.09092
-0.92	2.08061
-0.93	2.0706
-0.94	2.06088
-0.95	2.05145
-0.96	2.04228
-0.97	2.03337
-0.98	2.0247
-0.99	2.01626
-1	2.00806
-1.01	2.00007
-1.02	1.99229
-1.03	1.98471
-1.04	1.97732
-1.05	1.97012
-1.06	1.9631
-1.07	1.95625
-1.08	1.94956
-1.09	1.94304
-1.1	1.93667
-1.11	1.93045
-1.12	1.92437
-1.13	1.91844
-1.14	1.91263
-1.15	1.90696
-1.16	1.90141
-1.17	1.89599
-1.18	1.89068
-1.19	1.88549
-1.2	1.8804
-1.21	1.87542
-1.22	1.87055
-1.23	1.86578
-1.24	1.8611
-1.25	1.85652
-1.26	1.85203
-1.27	1.84762
-1.28	1.84331
-1.29	1.83908
-1.3	1.83492
-1.31	1.83085
-1.32	1.82686
-1.33	1.82294
-1.34	1.81909
-1.35	1.81531
-1.36	1.8116
-1.37	1.80796
-1.38	1.80438
-1.39	1.80087
-1.4	1.79742
-1.41	1.79402
-1.42	1.79069
-1.43	1.78741
-1.44	1.78419
-1.45	1.78102
-1.46	1.77791
-1.47	1.77485
-1.48	1.77183
-1.49	1.76887
-1.5	1.76595
-1.51	1.76308
-1.52	1.76026
-1.53	1.75748
-1.54	1.75475
-1.55	1.75205
-1.56	1.7494
-1.57	1.74679
-1.58	1.74422
-1.59	1.74168
-1.6	1.73919
-1.61	1.73673
-1.62	1.73431
-1.63	1.73192
-1.64	1.72957
-1.65	1.72725
-1.66	1.72497
-1.67	1.72272
-1.68	1.72049
-1.69	1.7183
-1.7	1.71615
-1.71	1.71402
-1.72	1.71192
-1.73	1.70984
-1.74	1.7078
-1.75	1.70579
-1.76	1.7038
-1.77	1.70183
-1.78	1.6999
-1.79	1.69799
-1.8	1.6961
-1.81	1.69424
-1.82	1.6924
-1.83	1.69058
-1.84	1.68879
-1.85	1.68702
-1.86	1.68527
-1.87	1.68355
-1.88	1.68185
-1.89	1.68016
-1.9	1.6785
-1.91	1.67686
-1.92	1.67523
-1.93	1.67363
-1.94	1.67205
-1.95	1.67048
-1.96	1.66894
-1.97	1.66741
-1.98	1.6659
-1.99	1.6644
-2	1.66293
-2.01	1.66147
-2.02	1.66003
-2.03	1.6586
-2.04	1.65719
-2.05	1.6558
-2.06	1.65442
-2.07	1.65305
-2.08	1.6517
-2.09	1.65037
-2.1	1.64905
-2.11	1.64775
-2.12	1.64646
-2.13	1.64518
-2.14	1.64392
-2.15	1.64267
-2.16	1.64143
-2.17	1.6402
-2.18	1.63899
-2.19	1.63779
-2.2	1.63661
-2.21	1.63543
-2.22	1.63427
-2.23	1.63312
-2.24	1.63198
-2.25	1.63086
-2.26	1.62974
-2.27	1.62864
-2.28	1.62754
-2.29	1.62646
-2.3	1.62539
-2.31	1.62433
-2.32	1.62328
-2.33	1.62223
-2.34	1.6212
-2.35	1.62018
-2.36	1.61917
-2.37	1.61817
-2.38	1.61718
-2.39	1.61619
-2.4	1.61522
-2.41	1.61425
-2.42	1.6133
-2.43	1.61235
-2.44	1.61141
-2.45	1.61048
-2.46	1.60956
-2.47	1.60865
-2.48	1.60775
-2.49	1.60685
-2.5	1.60596
-2.51	1.60508
-2.52	1.60421
-2.53	1.60334
-2.54	1.60249
-2.55	1.60164
-2.56	1.60079
-2.57	1.59996
-2.58	1.59913
-2.59	1.59831
-2.6	1.5975
-2.61	1.59669
-2.62	1.59589
-2.63	1.5951
-2.64	1.59431
-2.65	1.59353
-2.66	1.59276
-2.67	1.59199
-2.68	1.59123
-2.69	1.59047
-2.7	1.58972
-2.71	1.58898
-2.72	1.58825
-2.73	1.58752
-2.74	1.58679
-2.75	1.58607
-2.76	1.58536
-2.77	1.58466
-2.78	1.58395
-2.79	1.58326
-2.8	1.58257
-2.81	1.58188
-2.82	1.5812
-2.83	1.58053
-2.84	1.57986
-2.85	1.5792
-2.86	1.57854
-2.87	1.57789
-2.88	1.57724
-2.89	1.57659
-2.9	1.57595
-2.91	1.57532
-2.92	1.57469
-2.93	1.57407
-2.94	1.57345
-2.95	1.57283
-2.96	1.57222
-2.97	1.57162
-2.98	1.57102
-2.99	1.57042
-3	1.56983
-3.01	1.56924
-3.02	1.56865
-3.03	1.56807
-3.04	1.5675
-3.05	1.56693
-3.06	1.56636
-3.07	1.56579
-3.08	1.56524
-3.09	1.56468
-3.1	1.56413
-3.11	1.56358
-3.12	1.56304
-3.13	1.5625
-3.14	1.56196
-3.15	1.56143
-3.16	1.5609
-3.17	1.56037
-3.18	1.55985
-3.19	1.55933
-3.2	1.55882
-3.21	1.55831
-3.22	1.5578
-3.23	1.5573
-3.24	1.5568
-3.25	1.5563
-3.26	1.55581
-3.27	1.55531
-3.28	1.55483
-3.29	1.55434
-3.3	1.55386
-3.31	1.55338
-3.32	1.55291
-3.33	1.55244
-3.34	1.55197
-3.35	1.5515
-3.36	1.55104
-3.37	1.55058
-3.38	1.55012
-3.39	1.54967
-3.4	1.54922
-3.41	1.54877
-3.42	1.54833
-3.43	1.54789
-3.44	1.54745
-3.45	1.54701
-3.46	1.54657
-3.47	1.54614
-3.48	1.54571
-3.49	1.54529
-3.5	1.54487
-3.51	1.54445
-3.52	1.54403
-3.53	1.54361
-3.54	1.5432
-3.55	1.54279
-3.56	1.54238
-3.57	1.54197
-3.58	1.54157
-3.59	1.54117
-3.6	1.54077
-3.61	1.54038
-3.62	1.53998
-3.63	1.53959
-3.64	1.5392
-3.65	1.53882
-3.66	1.53843
-3.67	1.53805
-3.68	1.53767
-3.69	1.53729
-3.7	1.53692
-3.71	1.53654
-3.72	1.53617
-3.73	1.5358
-3.74	1.53544
-3.75	1.53507
-3.76	1.53471
-3.77	1.53435
-3.78	1.53399
-3.79	1.53364
-3.8	1.53328
-3.81	1.53293
-3.82	1.53258
-3.83	1.53223
-3.84	1.53188
-3.85	1.53154
-3.86	1.5312
-3.87	1.53086
-3.88	1.53052
-3.89	1.53018
-3.9	1.52985
-3.91	1.52951
-3.92	1.52918
-3.93	1.52885
-3.94	1.52852
-3.95	1.5282
-3.96	1.52787
-3.97	1.52755
-3.98	1.52723
-3.99	1.52691
-4	1.52659
-4.01	1.52628
-4.02	1.52596
-4.03	1.52565
-4.04	1.52534
-4.05	1.52503
-4.06	1.52472
-4.07	1.52442
-4.08	1.52411
-4.09	1.52381
-4.1	1.52351
-4.11	1.52321
-4.12	1.52291
-4.13	1.52262
-4.14	1.52232
-4.15	1.52203
-4.16	1.52174
-4.17	1.52145
-4.18	1.52116
-4.19	1.52087
-4.2	1.52059
-4.21	1.5203
-4.22	1.52002
-4.23	1.51974
-4.24	1.51946
-4.25	1.51918
-4.26	1.5189
-4.27	1.51863
-4.28	1.51835
-4.29	1.51808
-4.3	1.51781
-4.31	1.51754
-4.32	1.51727
-4.33	1.517
-4.34	1.51673
-4.35	1.51647
-4.36	1.5162
-4.37	1.51594
-4.38	1.51568
-4.39	1.51542
-4.4	1.51516
-4.41	1.5149
-4.42	1.51465
-4.43	1.51439
-4.44	1.51414
-4.45	1.51388
-4.46	1.51363
-4.47	1.51338
-4.48	1.51313
-4.49	1.51289
-4.5	1.51264
-4.51	1.51239
-4.52	1.51215
-4.53	1.51191
-4.54	1.51166
-4.55	1.51142
-4.56	1.51118
-4.57	1.51094
-4.58	1.51071
-4.59	1.51047
-4.6	1.51024
-4.61	1.51
-4.62	1.50977
-4.63	1.50954
-4.64	1.5093
-4.65	1.50907
-4.66	1.50885
-4.67	1.50862
-4.68	1.50839
-4.69	1.50816
-4.7	1.50794
-4.71	1.50772
-4.72	1.50749
-4.73	1.50727
-4.74	1.50705
-4.75	1.50683
-4.76	1.50661
-4.77	1.50639
-4.78	1.50618
-4.79	1.50596
-4.8	1.50575
-4.81	1.50553
-4.82	1.50532
-4.83	1.50511
-4.84	1.50489
-4.85	1.50468
-4.86	1.50447
-4.87	1.50427
-4.88	1.50406
-4.89	1.50385
-4.9	1.50365
-4.91	1.50344
-4.92	1.50324
-4.93	1.50303
-4.94	1.50283
-4.95	1.50263
-4.96	1.50243
-4.97	1.50223
-4.98	1.50203
-4.99	1.50183
-5	1.50163
-5.01	1.50144
-5.02	1.50124
-5.03	1.50105
-5.04	1.50085
-5.05	1.50066
-5.06	1.50047
-5.07	1.50028
-5.08	1.50009
-5.09	1.4999
-5.1	1.49971
-5.11	1.49952
-5.12	1.49933
-5.13	1.49914
-5.14	1.49896
-5.15	1.49877
-5.16	1.49859
-5.17	1.4984
-5.18	1.49822
-5.19	1.49804
-5.2	1.49786
-5.21	1.49768
-5.22	1.4975
-5.23	1.49732
-5.24	1.49714
-5.25	1.49696
-5.26	1.49678
-5.27	1.49661
-5.28	1.49643
-5.29	1.49626
-5.3	1.49608
-5.31	1.49591
-5.32	1.49573
-5.33	1.49556
-5.34	1.49539
-5.35	1.49522
-5.36	1.49505
-5.37	1.49488
-5.38	1.49471
-5.39	1.49454
-5.4	1.49437
-5.41	1.49421
-5.42	1.49404
-5.43	1.49388
-5.44	1.49371
-5.45	1.49355
-5.46	1.49338
-5.47	1.49322
-5.48	1.49306
-5.49	1.4929
-5.5	1.49273
-5.51	1.49257
-5.52	1.49241
-5.53	1.49225
-5.54	1.49209
-5.55	1.49194
-5.56	1.49178
-5.57	1.49162
-5.58	1.49147
-5.59	1.49131
-5.6	1.49115
-5.61	1.491
-5.62	1.49084
-5.63	1.49069
-5.64	1.49054
-5.65	1.49039
-5.66	1.49023
-5.67	1.49008
-5.68	1.48993
-5.69	1.48978
-5.7	1.48963
-5.71	1.48948
-5.72	1.48933
-5.73	1.48919
-5.74	1.48904
-5.75	1.48889
-5.76	1.48875
-5.77	1.4886
-5.78	1.48845
-5.79	1.48831
-5.8	1.48817
-5.81	1.48802
-5.82	1.48788
-5.83	1.48774
-5.84	1.48759
-5.85	1.48745
-5.86	1.48731
-5.87	1.48717
-5.88	1.48703
-5.89	1.48689
-5.9	1.48675
-5.91	1.48661
-5.92	1.48647
-5.93	1.48634
-5.94	1.4862
-5.95	1.48606
-5.96	1.48593
-5.97	1.48579
-5.98	1.48566
-5.99	1.48552
-6	1.48539
-6.01	1.48525
-6.02	1.48512
-6.03	1.48499
-6.04	1.48485
-6.05	1.48472
-6.06	1.48459
-6.07	1.48446
-6.08	1.48433
-6.09	1.4842
-6.1	1.48407
-6.11	1.48394
-6.12	1.48381
-6.13	1.48368
-6.14	1.48355
-6.15	1.48343
-6.16	1.4833
-6.17	1.48317
-6.18	1.48305
-6.19	1.48292
-6.2	1.48279
-6.21	1.48267
-6.22	1.48254
-6.23	1.48242
-6.24	1.4823
-6.25	1.48217
-6.26	1.48205
-6.27	1.48193
-6.28	1.48181
-6.29	1.48168
-6.3	1.48156
-6.31	1.48144
-6.32	1.48132
-6.33	1.4812
-6.34	1.48108
-6.35	1.48096
-6.36	1.48084
-6.37	1.48072
-6.38	1.48061
-6.39	1.48049
-6.4	1.48037
-6.41	1.48025
-6.42	1.48014
-6.43	1.48002
-6.44	1.47991
-6.45	1.47979
-6.46	1.47967
-6.47	1.47956
-6.48	1.47945
-6.49	1.47933
-6.5	1.47922
-6.51	1.4791
-6.52	1.47899
-6.53	1.47888
-6.54	1.47877
-6.55	1.47865
-6.56	1.47854
-6.57	1.47843
-6.58	1.47832
-6.59	1.47821
-6.6	1.4781
-6.61	1.47799
-6.62	1.47788
-6.63	1.47777
-6.64	1.47766
-6.65	1.47756
-6.66	1.47745
-6.67	1.47734
-6.68	1.47723
-6.69	1.47713
-6.7	1.47702
-6.71	1.47691
-6.72	1.47681
-6.73	1.4767
-6.74	1.4766
-6.75	1.47649
-6.76	1.47639
-6.77	1.47628
-6.78	1.47618
-6.79	1.47607
-6.8	1.47597
-6.81	1.47587
-6.82	1.47576
-6.83	1.47566
-6.84	1.47556
-6.85	1.47546
-6.86	1.47536
-6.87	1.47526
-6.88	1.47515
-6.89	1.47505
-6.9	1.47495
-6.91	1.47485
-6.92	1.47475
-6.93	1.47465
-6.94	1.47455
-6.95	1.47446
-6.96	1.47436
-6.97	1.47426
-6.98	1.47416
-6.99	1.47406
-7	1.47397
-7.01	1.47387
-7.02	1.47377
-7.03	1.47368
-7.04	1.47358
-7.05	1.47348
-7.06	1.47339
-7.07	1.47329
-7.08	1.4732
-7.09	1.4731
-7.1	1.47301
-7.11	1.47291
-7.12	1.47282
-7.13	1.47273
-7.14	1.47263
-7.15	1.47254
-7.16	1.47245
-7.17	1.47235
-7.18	1.47226
-7.19	1.47217
-7.2	1.47208
-7.21	1.47199
-7.22	1.47189
-7.23	1.4718
-7.24	1.47171
-7.25	1.47162
-7.26	1.47153
-7.27	1.47144
-7.28	1.47135
-7.29	1.47126
-7.3	1.47117
-7.31	1.47108
-7.32	1.471
-7.33	1.47091
-7.34	1.47082
-7.35	1.47073
-7.36	1.47064
-7.37	1.47056
-7.38	1.47047
-7.39	1.47038
-7.4	1.4703
-7.41	1.47021
-7.42	1.47012
-7.43	1.47004
-7.44	1.46995
-7.45	1.46986
-7.46	1.46978
-7.47	1.46969
-7.48	1.46961
-7.49	1.46953
-7.5	1.46944
-7.51	1.46936
-7.52	1.46927
-7.53	1.46919
-7.54	1.46911
-7.55	1.46902
-7.56	1.46894
-7.57	1.46886
-7.58	1.46877
-7.59	1.46869
-7.6	1.46861
-7.61	1.46853
-7.62	1.46845
-7.63	1.46836
-7.64	1.46828
-7.65	1.4682
-7.66	1.46812
-7.67	1.46804
-7.68	1.46796
-7.69	1.46788
-7.7	1.4678
-7.71	1.46772
-7.72	1.46764
-7.73	1.46756
-7.74	1.46748
-7.75	1.46741
-7.76	1.46733
-7.77	1.46725
-7.78	1.46717
-7.79	1.46709
-7.8	1.46701
-7.81	1.46694
-7.82	1.46686
-7.83	1.46678
-7.84	1.46671
-7.85	1.46663
-7.86	1.46655
-7.87	1.46648
-7.88	1.4664
-7.89	1.46632
-7.9	1.46625
-7.91	1.46617
-7.92	1.4661
-7.93	1.46602
-7.94	1.46595
-7.95	1.46587
-7.96	1.4658
-7.97	1.46572
-7.98	1.46565
-7.99	1.46557
-8	1.4655
-8.01	1.46543
-8.02	1.46535
-8.03	1.46528
-8.04	1.46521
-8.05	1.46513
-8.06	1.46506
-8.07	1.46499
-8.08	1.46492
-8.09	1.46485
-8.1	1.46477
-8.11	1.4647
-8.12	1.46463
-8.13	1.46456
-8.14	1.46449
-8.15	1.46442
-8.16	1.46435
-8.17	1.46428
-8.18	1.4642
-8.19	1.46413
-8.2	1.46406
-8.21	1.46399
-8.22	1.46392
-8.23	1.46385
-8.24	1.46379
-8.25	1.46372
-8.26	1.46365
-8.27	1.46358
-8.28	1.46351
-8.29	1.46344
-8.3	1.46337
-8.31	1.4633
-8.32	1.46324
-8.33	1.46317
-8.34	1.4631
-8.35	1.46303
-8.36	1.46297
-8.37	1.4629
-8.38	1.46283
-8.39	1.46276
-8.4	1.4627
-8.41	1.46263
-8.42	1.46257
-8.43	1.4625
-8.44	1.46243
-8.45	1.46237
-8.46	1.4623
-8.47	1.46224
-8.48	1.46217
-8.49	1.46211
-8.5	1.46204
-8.51	1.46197
-8.52	1.46191
-8.53	1.46185
-8.54	1.46178
-8.55	1.46172
-8.56	1.46165
-8.57	1.46159
-8.58	1.46152
-8.59	1.46146
-8.6	1.4614
-8.61	1.46133
-8.62	1.46127
-8.63	1.46121
-8.64	1.46114
-8.65	1.46108
-8.66	1.46102
-8.67	1.46096
-8.68	1.46089
-8.69	1.46083
-8.7	1.46077
-8.71	1.46071
-8.72	1.46065
-8.73	1.46059
-8.74	1.46052
-8.75	1.46046
-8.76	1.4604
-8.77	1.46034
-8.78	1.46028
-8.79	1.46022
-8.8	1.46016
-8.81	1.4601
-8.82	1.46004
-8.83	1.45998
-8.84	1.45992
-8.85	1.45986
-8.86	1.4598
-8.87	1.45974
-8.88	1.45968
-8.89	1.45962
-8.9	1.45956
-8.91	1.4595
-8.92	1.45944
-8.93	1.45938
-8.94	1.45932
-8.95	1.45927
-8.96	1.45921
-8.97	1.45915
-8.98	1.45909
-8.99	1.45903
-9	1.45898
-9.01	1.45892
-9.02	1.45886
-9.03	1.4588
-9.04	1.45875
-9.05	1.45869
-9.06	1.45863
-9.07	1.45857
-9.08	1.45852
-9.09	1.45846
-9.1	1.4584
-9.11	1.45835
-9.12	1.45829
-9.13	1.45824
-9.14	1.45818
-9.15	1.45812
-9.16	1.45807
-9.17	1.45801
-9.18	1.45796
-9.19	1.4579
-9.2	1.45785
-9.21	1.45779
-9.22	1.45774
-9.23	1.45768
-9.24	1.45763
-9.25	1.45757
-9.26	1.45752
-9.27	1.45746
-9.28	1.45741
-9.29	1.45735
-9.3	1.4573
-9.31	1.45725
-9.32	1.45719
-9.33	1.45714
-9.34	1.45708
-9.35	1.45703
-9.36	1.45698
-9.37	1.45692
-9.38	1.45687
-9.39	1.45682
-9.4	1.45677
-9.41	1.45671
-9.42	1.45666
-9.43	1.45661
-9.44	1.45656
-9.45	1.4565
-9.46	1.45645
-9.47	1.4564
-9.48	1.45635
-9.49	1.45629
-9.5	1.45624
-9.51	1.45619
-9.52	1.45614
-9.53	1.45609
-9.54	1.45604
-9.55	1.45599
-9.56	1.45593
-9.57	1.45588
-9.58	1.45583
-9.59	1.45578
-9.6	1.45573
-9.61	1.45568
-9.62	1.45563
-9.63	1.45558
-9.64	1.45553
-9.65	1.45548
-9.66	1.45543
-9.67	1.45538
-9.68	1.45533
-9.69	1.45528
-9.7	1.45523
-9.71	1.45518
-9.72	1.45513
-9.73	1.45508
-9.74	1.45503
-9.75	1.45498
-9.76	1.45494
-9.77	1.45489
-9.78	1.45484
-9.79	1.45479
-9.8	1.45474
-9.81	1.45469
-9.82	1.45464
-9.83	1.4546
-9.84	1.45455
-9.85	1.4545
-9.86	1.45445
-9.87	1.4544
-9.88	1.45436
-9.89	1.45431
-9.9	1.45426
-9.91	1.45421
-9.92	1.45417
-9.93	1.45412
-9.94	1.45407
-9.95	1.45403
-9.96	1.45398
-9.97	1.45393
-9.98	1.45388
-9.99	1.45384
-10	1.45379
-10.01	1.45374
-10.02	1.4537
-10.03	1.45365
-10.04	1.45361
-10.05	1.45356
-10.06	1.45351
-10.07	1.45347
-10.08	1.45342
-10.09	1.45338
-10.1	1.45333
-10.11	1.45329
-10.12	1.45324
-10.13	1.45319
-10.14	1.45315
-10.15	1.4531
-10.16	1.45306
-10.17	1.45301
-10.18	1.45297
-10.19	1.45292
-10.2	1.45288
-10.21	1.45284
-10.22	1.45279
-10.23	1.45275
-10.24	1.4527
-10.25	1.45266
-10.26	1.45261
-10.27	1.45257
-10.28	1.45253
-10.29	1.45248
-10.3	1.45244
-10.31	1.45239
-10.32	1.45235
-10.33	1.45231
-10.34	1.45226
-10.35	1.45222
-10.36	1.45218
-10.37	1.45213
-10.38	1.45209
-10.39	1.45205
-10.4	1.452
-10.41	1.45196
-10.42	1.45192
-10.43	1.45188
-10.44	1.45183
-10.45	1.45179
-10.46	1.45175
-10.47	1.45171
-10.48	1.45166
-10.49	1.45162
-10.5	1.45158
-10.51	1.45154
-10.52	1.4515
-10.53	1.45145
-10.54	1.45141
-10.55	1.45137
-10.56	1.45133
-10.57	1.45129
-10.58	1.45125
-10.59	1.4512
-10.6	1.45116
-10.61	1.45112
-10.62	1.45108
-10.63	1.45104
-10.64	1.451
-10.65	1.45096
-10.66	1.45092
-10.67	1.45088
-10.68	1.45083
-10.69	1.45079
-10.7	1.45075
-10.71	1.45071
-10.72	1.45067
-10.73	1.45063
-10.74	1.45059
-10.75	1.45055
-10.76	1.45051
-10.77	1.45047
-10.78	1.45043
-10.79	1.45039
-10.8	1.45035
-10.81	1.45031
-10.82	1.45027
-10.83	1.45023
-10.84	1.45019
-10.85	1.45016
-10.86	1.45012
-10.87	1.45008
-10.88	1.45004
-10.89	1.45
-10.9	1.44996
-10.91	1.44992
-10.92	1.44988
-10.93	1.44984
-10.94	1.4498
-10.95	1.44977
-10.96	1.44973
-10.97	1.44969
-10.98	1.44965
-10.99	1.44961
-11	1.44957
-11.01	1.44954
-11.02	1.4495
-11.03	1.44946
-11.04	1.44942
-11.05	1.44938
-11.06	1.44935
-11.07	1.44931
-11.08	1.44927
-11.09	1.44923
-11.1	1.44919
-11.11	1.44916
-11.12	1.44912
-11.13	1.44908
-11.14	1.44904
-11.15	1.44901
-11.16	1.44897
-11.17	1.44893
-11.18	1.4489
-11.19	1.44886
-11.2	1.44882
-11.21	1.44879
-11.22	1.44875
-11.23	1.44871
-11.24	1.44868
-11.25	1.44864
-11.26	1.4486
-11.27	1.44857
-11.28	1.44853
-11.29	1.44849
-11.3	1.44846
-11.31	1.44842
-11.32	1.44839
-11.33	1.44835
-11.34	1.44831
-11.35	1.44828
-11.36	1.44824
-11.37	1.44821
-11.38	1.44817
-11.39	1.44813
-11.4	1.4481
-11.41	1.44806
-11.42	1.44803
-11.43	1.44799
-11.44	1.44796
-11.45	1.44792
-11.46	1.44789
-11.47	1.44785
-11.48	1.44782
-11.49	1.44778
-11.5	1.44775
-11.51	1.44771
-11.52	1.44768
-11.53	1.44764
-11.54	1.44761
-11.55	1.44757
-11.56	1.44754
-11.57	1.4475
-11.58	1.44747
-11.59	1.44743
-11.6	1.4474
-11.61	1.44737
-11.62	1.44733
-11.63	1.4473
-11.64	1.44726
-11.65	1.44723
-11.66	1.4472
-11.67	1.44716
-11.68	1.44713
-11.69	1.44709
-11.7	1.44706
-11.71	1.44703
-11.72	1.44699
-11.73	1.44696
-11.74	1.44693
-11.75	1.44689
-11.76	1.44686
-11.77	1.44683
-11.78	1.44679
-11.79	1.44676
-11.8	1.44673
-11.81	1.44669
-11.82	1.44666
-11.83	1.44663
-11.84	1.44659
-11.85	1.44656
-11.86	1.44653
-11.87	1.4465
-11.88	1.44646
-11.89	1.44643
-11.9	1.4464
-11.91	1.44637
-11.92	1.44633
-11.93	1.4463
-11.94	1.44627
-11.95	1.44624
-11.96	1.4462
-11.97	1.44617
-11.98	1.44614
-11.99	1.44611
-12	1.44607
-12.01	1.44604
-12.02	1.44601
-12.03	1.44598
-12.04	1.44595
-12.05	1.44592
-12.06	1.44588
-12.07	1.44585
-12.08	1.44582
-12.09	1.44579
-12.1	1.44576
-12.11	1.44573
-12.12	1.44569
-12.13	1.44566
-12.14	1.44563
-12.15	1.4456
-12.16	1.44557
-12.17	1.44554
-12.18	1.44551
-12.19	1.44548
-12.2	1.44545
-12.21	1.44541
-12.22	1.44538
-12.23	1.44535
-12.24	1.44532
-12.25	1.44529
-12.26	1.44526
-12.27	1.44523
-12.28	1.4452
-12.29	1.44517
-12.3	1.44514
-12.31	1.44511
-12.32	1.44508
-12.33	1.44505
-12.34	1.44502
-12.35	1.44499
-12.36	1.44496
-12.37	1.44493
-12.38	1.4449
-12.39	1.44487
-12.4	1.44484
-12.41	1.44481
-12.42	1.44478
-12.43	1.44475
-12.44	1.44472
-12.45	1.44469
-12.46	1.44466
-12.47	1.44463
-12.48	1.4446
-12.49	1.44457
-12.5	1.44454
-12.51	1.44451
-12.52	1.44448
-12.53	1.44445
-12.54	1.44442
-12.55	1.44439
-12.56	1.44436
-12.57	1.44434
-12.58	1.44431
-12.59	1.44428
-12.6	1.44425
-12.61	1.44422
-12.62	1.44419
-12.63	1.44416
-12.64	1.44413
-12.65	1.4441
-12.66	1.44408
-12.67	1.44405
-12.68	1.44402
-12.69	1.44399
-12.7	1.44396
-12.71	1.44393
-12.72	1.4439
-12.73	1.44388
-12.74	1.44385
-12.75	1.44382
-12.76	1.44379
-12.77	1.44376
-12.78	1.44373
-12.79	1.44371
-12.8	1.44368
-12.81	1.44365
-12.82	1.44362
-12.83	1.44359
-12.84	1.44357
-12.85	1.44354
-12.86	1.44351
-12.87	1.44348
-12.88	1.44346
-12.89	1.44343
-12.9	1.4434
-12.91	1.44337
-12.92	1.44334
-12.93	1.44332
-12.94	1.44329
-12.95	1.44326
-12.96	1.44324
-12.97	1.44321
-12.98	1.44318
-12.99	1.44315
-13	1.44313
-13.01	1.4431
-13.02	1.44307
-13.03	1.44304
-13.04	1.44302
-13.05	1.44299
-13.06	1.44296
-13.07	1.44294
-13.08	1.44291
-13.09	1.44288
-13.1	1.44286
-13.11	1.44283
-13.12	1.4428
-13.13	1.44278
-13.14	1.44275
-13.15	1.44272
-13.16	1.4427
-13.17	1.44267
-13.18	1.44264
-13.19	1.44262
-13.2	1.44259
-13.21	1.44256
-13.22	1.44254
-13.23	1.44251
-13.24	1.44249
-13.25	1.44246
-13.26	1.44243
-13.27	1.44241
-13.28	1.44238
-13.29	1.44236
-13.3	1.44233
-13.31	1.4423
-13.32	1.44228
-13.33	1.44225
-13.34	1.44223
-13.35	1.4422
-13.36	1.44217
-13.37	1.44215
-13.38	1.44212
-13.39	1.4421
-13.4	1.44207
-13.41	1.44205
-13.42	1.44202
-13.43	1.442
-13.44	1.44197
-13.45	1.44195
-13.46	1.44192
-13.47	1.44189
-13.48	1.44187
-13.49	1.44184
-13.5	1.44182
-13.51	1.44179
-13.52	1.44177
-13.53	1.44174
-13.54	1.44172
-13.55	1.44169
-13.56	1.44167
-13.57	1.44164
-13.58	1.44162
-13.59	1.44159
-13.6	1.44157
-13.61	1.44154
-13.62	1.44152
-13.63	1.4415
-13.64	1.44147
-13.65	1.44145
-13.66	1.44142
-13.67	1.4414
-13.68	1.44137
-13.69	1.44135
-13.7	1.44132
-13.71	1.4413
-13.72	1.44127
-13.73	1.44125
-13.74	1.44123
-13.75	1.4412
-13.76	1.44118
-13.77	1.44115
-13.78	1.44113
-13.79	1.44111
-13.8	1.44108
-13.81	1.44106
-13.82	1.44103
-13.83	1.44101
-13.84	1.44098
-13.85	1.44096
-13.86	1.44094
-13.87	1.44091
-13.88	1.44089
-13.89	1.44087
-13.9	1.44084
-13.91	1.44082
-13.92	1.44079
-13.93	1.44077
-13.94	1.44075
-13.95	1.44072
-13.96	1.4407
-13.97	1.44068
-13.98	1.44065
-13.99	1.44063
-14	1.44061
-14.01	1.44058
-14.02	1.44056
-14.03	1.44054
-14.04	1.44051
-14.05	1.44049
-14.06	1.44047
-14.07	1.44044
-14.08	1.44042
-14.09	1.4404
-14.1	1.44037
-14.11	1.44035
-14.12	1.44033
-14.13	1.44031
-14.14	1.44028
-14.15	1.44026
-14.16	1.44024
-14.17	1.44021
-14.18	1.44019
-14.19	1.44017
-14.2	1.44015
-14.21	1.44012
-14.22	1.4401
-14.23	1.44008
-14.24	1.44006
-14.25	1.44003
-14.26	1.44001
-14.27	1.43999
-14.28	1.43997
-14.29	1.43994
-14.3	1.43992
-14.31	1.4399
-14.32	1.43988
-14.33	1.43985
-14.34	1.43983
-14.35	1.43981
-14.36	1.43979
-14.37	1.43977
-14.38	1.43974
-14.39	1.43972
-14.4	1.4397
-14.41	1.43968
-14.42	1.43966
-14.43	1.43963
-14.44	1.43961
-14.45	1.43959
-14.46	1.43957
-14.47	1.43955
-14.48	1.43952
-14.49	1.4395
-14.5	1.43948
-14.51	1.43946
-14.52	1.43944
-14.53	1.43941
-14.54	1.43939
-14.55	1.43937
-14.56	1.43935
-14.57	1.43933
-14.58	1.43931
-14.59	1.43929
-14.6	1.43926
-14.61	1.43924
-14.62	1.43922
-14.63	1.4392
-14.64	1.43918
-14.65	1.43916
-14.66	1.43914
-14.67	1.43911
-14.68	1.43909
-14.69	1.43907
-14.7	1.43905
-14.71	1.43903
-14.72	1.43901
-14.73	1.43899
-14.74	1.43897
-14.75	1.43895
-14.76	1.43892
-14.77	1.4389
-14.78	1.43888
-14.79	1.43886
-14.8	1.43884
-14.81	1.43882
-14.82	1.4388
-14.83	1.43878
-14.84	1.43876
-14.85	1.43874
-14.86	1.43872
-14.87	1.4387
-14.88	1.43868
-14.89	1.43865
-14.9	1.43863
-14.91	1.43861
-14.92	1.43859
-14.93	1.43857
-14.94	1.43855
-14.95	1.43853
-14.96	1.43851
-14.97	1.43849
-14.98	1.43847
-14.99	1.43845
-15	1.43843
-15.01	1.43841
-15.02	1.43839
-15.03	1.43837
-15.04	1.43835
-15.05	1.43833
-15.06	1.43831
-15.07	1.43829
-15.08	1.43827
-15.09	1.43825
-15.1	1.43823
-15.11	1.43821
-15.12	1.43819
-15.13	1.43817
-15.14	1.43815
-15.15	1.43813
-15.16	1.43811
-15.17	1.43809
-15.18	1.43807
-15.19	1.43805
-15.2	1.43803
-15.21	1.43801
-15.22	1.43799
-15.23	1.43797
-15.24	1.43795
-15.25	1.43793
-15.26	1.43791
-15.27	1.43789
-15.28	1.43787
-15.29	1.43785
-15.3	1.43783
-15.31	1.43781
-15.32	1.43779
-15.33	1.43777
-15.34	1.43776
-15.35	1.43774
-15.36	1.43772
-15.37	1.4377
-15.38	1.43768
-15.39	1.43766
-15.4	1.43764
-15.41	1.43762
-15.42	1.4376
-15.43	1.43758
-15.44	1.43756
-15.45	1.43754
-15.46	1.43752
-15.47	1.43751
-15.48	1.43749
-15.49	1.43747
-15.5	1.43745
-15.51	1.43743
-15.52	1.43741
-15.53	1.43739
-15.54	1.43737
-15.55	1.43735
-15.56	1.43734
-15.57	1.43732
-15.58	1.4373
-15.59	1.43728
-15.6	1.43726
-15.61	1.43724
-15.62	1.43722
-15.63	1.4372
-15.64	1.43719
-15.65	1.43717
-15.66	1.43715
-15.67	1.43713
-15.68	1.43711
-15.69	1.43709
-15.7	1.43707
-15.71	1.43706
-15.72	1.43704
-15.73	1.43702
-15.74	1.437
-15.75	1.43698
-15.76	1.43696
-15.77	1.43694
-15.78	1.43693
-15.79	1.43691
-15.8	1.43689
-15.81	1.43687
-15.82	1.43685
-15.83	1.43684
-15.84	1.43682
-15.85	1.4368
-15.86	1.43678
-15.87	1.43676
-15.88	1.43674
-15.89	1.43673
-15.9	1.43671
-15.91	1.43669
-15.92	1.43667
-15.93	1.43665
-15.94	1.43664
-15.95	1.43662
-15.96	1.4366
-15.97	1.43658
-15.98	1.43657
-15.99	1.43655
-16	1.43653
-16.01	1.43651
-16.02	1.43649
-16.03	1.43648
-16.04	1.43646
-16.05	1.43644
-16.06	1.43642
-16.07	1.43641
-16.08	1.43639
-16.09	1.43637
-16.1	1.43635
-16.11	1.43634
-16.12	1.43632
-16.13	1.4363
-16.14	1.43628
-16.15	1.43627
-16.16	1.43625
-16.17	1.43623
-16.18	1.43621
-16.19	1.4362
-16.2	1.43618
-16.21	1.43616
-16.22	1.43614
-16.23	1.43613
-16.24	1.43611
-16.25	1.43609
-16.26	1.43607
-16.27	1.43606
-16.28	1.43604
-16.29	1.43602
-16.3	1.43601
-16.31	1.43599
-16.32	1.43597
-16.33	1.43595
-16.34	1.43594
-16.35	1.43592
-16.36	1.4359
-16.37	1.43589
-16.38	1.43587
-16.39	1.43585
-16.4	1.43584
-16.41	1.43582
-16.42	1.4358
-16.43	1.43578
-16.44	1.43577
-16.45	1.43575
-16.46	1.43573
-16.47	1.43572
-16.48	1.4357
-16.49	1.43568
-16.5	1.43567
-16.51	1.43565
-16.52	1.43563
-16.53	1.43562
-16.54	1.4356
-16.55	1.43558
-16.56	1.43557
-16.57	1.43555
-16.58	1.43553
-16.59	1.43552
-16.6	1.4355
-16.61	1.43548
-16.62	1.43547
-16.63	1.43545
-16.64	1.43544
-16.65	1.43542
-16.66	1.4354
-16.67	1.43539
-16.68	1.43537
-16.69	1.43535
-16.7	1.43534
-16.71	1.43532
-16.72	1.4353
-16.73	1.43529
-16.74	1.43527
-16.75	1.43526
-16.76	1.43524
-16.77	1.43522
-16.78	1.43521
-16.79	1.43519
-16.8	1.43517
-16.81	1.43516
-16.82	1.43514
-16.83	1.43513
-16.84	1.43511
-16.85	1.43509
-16.86	1.43508
-16.87	1.43506
-16.88	1.43505
-16.89	1.43503
-16.9	1.43501
-16.91	1.435
-16.92	1.43498
-16.93	1.43497
-16.94	1.43495
-16.95	1.43494
-16.96	1.43492
-16.97	1.4349
-16.98	1.43489
-16.99	1.43487
-17	1.43486
-17.01	1.43484
-17.02	1.43482
-17.03	1.43481
-17.04	1.43479
-17.05	1.43478
-17.06	1.43476
-17.07	1.43475
-17.08	1.43473
-17.09	1.43472
-17.1	1.4347
-17.11	1.43468
-17.12	1.43467
-17.13	1.43465
-17.14	1.43464
-17.15	1.43462
-17.16	1.43461
-17.17	1.43459
-17.18	1.43458
-17.19	1.43456
-17.2	1.43455
-17.21	1.43453
-17.22	1.43451
-17.23	1.4345
-17.24	1.43448
-17.25	1.43447
-17.26	1.43445
-17.27	1.43444
-17.28	1.43442
-17.29	1.43441
-17.3	1.43439
-17.31	1.43438
-17.32	1.43436
-17.33	1.43435
-17.34	1.43433
-17.35	1.43432
-17.36	1.4343
-17.37	1.43429
-17.38	1.43427
-17.39	1.43426
-17.4	1.43424
-17.41	1.43423
-17.42	1.43421
-17.43	1.4342
-17.44	1.43418
-17.45	1.43417
-17.46	1.43415
-17.47	1.43414
-17.48	1.43412
-17.49	1.43411
-17.5	1.43409
-17.51	1.43408
-17.52	1.43406
-17.53	1.43405
-17.54	1.43403
-17.55	1.43402
-17.56	1.434
-17.57	1.43399
-17.58	1.43397
-17.59	1.43396
-17.6	1.43395
-17.61	1.43393
-17.62	1.43392
-17.63	1.4339
-17.64	1.43389
-17.65	1.43387
-17.66	1.43386
-17.67	1.43384
-17.68	1.43383
-17.69	1.43381
-17.7	1.4338
-17.71	1.43378
-17.72	1.43377
-17.73	1.43376
-17.74	1.43374
-17.75	1.43373
-17.76	1.43371
-17.77	1.4337
-17.78	1.43368
-17.79	1.43367
-17.8	1.43366
-17.81	1.43364
-17.82	1.43363
-17.83	1.43361
-17.84	1.4336
-17.85	1.43358
-17.86	1.43357
-17.87	1.43356
-17.88	1.43354
-17.89	1.43353
-17.9	1.43351
-17.91	1.4335
-17.92	1.43348
-17.93	1.43347
-17.94	1.43346
-17.95	1.43344
-17.96	1.43343
-17.97	1.43341
-17.98	1.4334
-17.99	1.43339
-18	1.43337
-18.01	1.43336
-18.02	1.43334
-18.03	1.43333
-18.04	1.43332
-18.05	1.4333
-18.06	1.43329
-18.07	1.43327
-18.08	1.43326
-18.09	1.43325
-18.1	1.43323
-18.11	1.43322
-18.12	1.43321
-18.13	1.43319
-18.14	1.43318
-18.15	1.43316
-18.16	1.43315
-18.17	1.43314
-18.18	1.43312
-18.19	1.43311
-18.2	1.4331
-18.21	1.43308
-18.22	1.43307
-18.23	1.43305
-18.24	1.43304
-18.25	1.43303
-18.26	1.43301
-18.27	1.433
-18.28	1.43299
-18.29	1.43297
-18.3	1.43296
-18.31	1.43295
-18.32	1.43293
-18.33	1.43292
-18.34	1.4329
-18.35	1.43289
-18.36	1.43288
-18.37	1.43286
-18.38	1.43285
-18.39	1.43284
-18.4	1.43282
-18.41	1.43281
-18.42	1.4328
-18.43	1.43278
-18.44	1.43277
-18.45	1.43276
-18.46	1.43274
-18.47	1.43273
-18.48	1.43272
-18.49	1.4327
-18.5	1.43269
-18.51	1.43268
-18.52	1.43266
-18.53	1.43265
-18.54	1.43264
-18.55	1.43262
-18.56	1.43261
-18.57	1.4326
-18.58	1.43259
-18.59	1.43257
-18.6	1.43256
-18.61	1.43255
-18.62	1.43253
-18.63	1.43252
-18.64	1.43251
-18.65	1.43249
-18.66	1.43248
-18.67	1.43247
-18.68	1.43245
-18.69	1.43244
-18.7	1.43243
-18.71	1.43242
-18.72	1.4324
-18.73	1.43239
-18.74	1.43238
-18.75	1.43236
-18.76	1.43235
-18.77	1.43234
-18.78	1.43233
-18.79	1.43231
-18.8	1.4323
-18.81	1.43229
-18.82	1.43227
-18.83	1.43226
-18.84	1.43225
-18.85	1.43224
-18.86	1.43222
-18.87	1.43221
-18.88	1.4322
-18.89	1.43219
-18.9	1.43217
-18.91	1.43216
-18.92	1.43215
-18.93	1.43213
-18.94	1.43212
-18.95	1.43211
-18.96	1.4321
-18.97	1.43208
-18.98	1.43207
-18.99	1.43206
-19	1.43205
-19.01	1.43203
-19.02	1.43202
-19.03	1.43201
-19.04	1.432
-19.05	1.43198
-19.06	1.43197
-19.07	1.43196
-19.08	1.43195
-19.09	1.43193
-19.1	1.43192
-19.11	1.43191
-19.12	1.4319
-19.13	1.43188
-19.14	1.43187
-19.15	1.43186
-19.16	1.43185
-19.17	1.43183
-19.18	1.43182
-19.19	1.43181
-19.2	1.4318
-19.21	1.43179
-19.22	1.43177
-19.23	1.43176
-19.24	1.43175
-19.25	1.43174
-19.26	1.43172
-19.27	1.43171
-19.28	1.4317
-19.29	1.43169
-19.3	1.43168
-19.31	1.43166
-19.32	1.43165
-19.33	1.43164
-19.34	1.43163
-19.35	1.43161
-19.36	1.4316
-19.37	1.43159
-19.38	1.43158
-19.39	1.43157
-19.4	1.43155
-19.41	1.43154
-19.42	1.43153
-19.43	1.43152
-19.44	1.43151
-19.45	1.43149
-19.46	1.43148
-19.47	1.43147
-19.48	1.43146
-19.49	1.43145
-19.5	1.43143
-19.51	1.43142
-19.52	1.43141
-19.53	1.4314
-19.54	1.43139
-19.55	1.43138
-19.56	1.43136
-19.57	1.43135
-19.58	1.43134
-19.59	1.43133
-19.6	1.43132
-19.61	1.4313
-19.62	1.43129
-19.63	1.43128
-19.64	1.43127
-19.65	1.43126
-19.66	1.43125
-19.67	1.43123
-19.68	1.43122
-19.69	1.43121
-19.7	1.4312
-19.71	1.43119
-19.72	1.43118
-19.73	1.43116
-19.74	1.43115
-19.75	1.43114
-19.76	1.43113
-19.77	1.43112
-19.78	1.43111
-19.79	1.43109
-19.8	1.43108
-19.81	1.43107
-19.82	1.43106
-19.83	1.43105
-19.84	1.43104
-19.85	1.43103
-19.86	1.43101
-19.87	1.431
-19.88	1.43099
-19.89	1.43098
-19.9	1.43097
-19.91	1.43096
-19.92	1.43095
-19.93	1.43093
-19.94	1.43092
-19.95	1.43091
-19.96	1.4309
-19.97	1.43089
-19.98	1.43088
-19.99	1.43087
-20	1.43085
-20.01	1.43084
-20.02	1.43083
-20.03	1.43082
-20.04	1.43081
-20.05	1.4308
-20.06	1.43079
-20.07	1.43078
-20.08	1.43076
-20.09	1.43075
-20.1	1.43074
-20.11	1.43073
-20.12	1.43072
-20.13	1.43071
-20.14	1.4307
-20.15	1.43069
-20.16	1.43068
-20.17	1.43066
-20.18	1.43065
-20.19	1.43064
-20.2	1.43063
-20.21	1.43062
-20.22	1.43061
-20.23	1.4306
-20.24	1.43059
-20.25	1.43058
-20.26	1.43056
-20.27	1.43055
-20.28	1.43054
-20.29	1.43053
-20.3	1.43052
-20.31	1.43051
-20.32	1.4305
-20.33	1.43049
-20.34	1.43048
-20.35	1.43047
-20.36	1.43045
-20.37	1.43044
-20.38	1.43043
-20.39	1.43042
-20.4	1.43041
-20.41	1.4304
-20.42	1.43039
-20.43	1.43038
-20.44	1.43037
-20.45	1.43036
-20.46	1.43035
-20.47	1.43034
-20.48	1.43032
-20.49	1.43031
-20.5	1.4303
-20.51	1.43029
-20.52	1.43028
-20.53	1.43027
-20.54	1.43026
-20.55	1.43025
-20.56	1.43024
-20.57	1.43023
-20.58	1.43022
-20.59	1.43021
-20.6	1.4302
-20.61	1.43019
-20.62	1.43017
-20.63	1.43016
-20.64	1.43015
-20.65	1.43014
-20.66	1.43013
-20.67	1.43012
-20.68	1.43011
-20.69	1.4301
-20.7	1.43009
-20.71	1.43008
-20.72	1.43007
-20.73	1.43006
-20.74	1.43005
-20.75	1.43004
-20.76	1.43003
-20.77	1.43002
-20.78	1.43001
-20.79	1.43
-20.8	1.42999
-20.81	1.42997
-20.82	1.42996
-20.83	1.42995
-20.84	1.42994
-20.85	1.42993
-20.86	1.42992
-20.87	1.42991
-20.88	1.4299
-20.89	1.42989
-20.9	1.42988
-20.91	1.42987
-20.92	1.42986
-20.93	1.42985
-20.94	1.42984
-20.95	1.42983
-20.96	1.42982
-20.97	1.42981
-20.98	1.4298
-20.99	1.42979
-21	1.42978
-21.01	1.42977
-21.02	1.42976
-21.03	1.42975
-21.04	1.42974
-21.05	1.42973
-21.06	1.42972
-21.07	1.42971
-21.08	1.4297
-21.09	1.42969
-21.1	1.42968
-21.11	1.42967
-21.12	1.42966
-21.13	1.42965
-21.14	1.42964
-21.15	1.42963
-21.16	1.42962
-21.17	1.42961
-21.18	1.4296
-21.19	1.42959
-21.2	1.42958
-21.21	1.42957
-21.22	1.42956
-21.23	1.42955
-21.24	1.42954
-21.25	1.42953
-21.26	1.42952
-21.27	1.42951
-21.28	1.4295
-21.29	1.42949
-21.3	1.42948
-21.31	1.42947
-21.32	1.42946
-21.33	1.42945
-21.34	1.42944
-21.35	1.42943
-21.36	1.42942
-21.37	1.42941
-21.38	1.4294
-21.39	1.42939
-21.4	1.42938
-21.41	1.42937
-21.42	1.42936
-21.43	1.42935
-21.44	1.42934
-21.45	1.42933
-21.46	1.42932
-21.47	1.42931
-21.48	1.4293
-21.49	1.42929
-21.5	1.42928
-21.51	1.42927
-21.52	1.42926
-21.53	1.42925
-21.54	1.42924
-21.55	1.42923
-21.56	1.42922
-21.57	1.42921
-21.58	1.4292
-21.59	1.42919
-21.6	1.42918
-21.61	1.42917
-21.62	1.42916
-21.63	1.42915
-21.64	1.42914
-21.65	1.42913
-21.66	1.42912
-21.67	1.42911
-21.68	1.4291
-21.69	1.42909
-21.7	1.42908
-21.71	1.42908
-21.72	1.42907
-21.73	1.42906
-21.74	1.42905
-21.75	1.42904
-21.76	1.42903
-21.77	1.42902
-21.78	1.42901
-21.79	1.429
-21.8	1.42899
-21.81	1.42898
-21.82	1.42897
-21.83	1.42896
-21.84	1.42895
-21.85	1.42894
-21.86	1.42893
-21.87	1.42892
-21.88	1.42891
-21.89	1.4289
-21.9	1.42889
-21.91	1.42889
-21.92	1.42888
-21.93	1.42887
-21.94	1.42886
-21.95	1.42885
-21.96	1.42884
-21.97	1.42883
-21.98	1.42882
-21.99	1.42881
-22	1.4288
-22.01	1.42879
-22.02	1.42878
-22.03	1.42877
-22.04	1.42876
-22.05	1.42875
-22.06	1.42875
-22.07	1.42874
-22.08	1.42873
-22.09	1.42872
-22.1	1.42871
-22.11	1.4287
-22.12	1.42869
-22.13	1.42868
-22.14	1.42867
-22.15	1.42866
-22.16	1.42865
-22.17	1.42864
-22.18	1.42863
-22.19	1.42863
-22.2	1.42862
-22.21	1.42861
-22.22	1.4286
-22.23	1.42859
-22.24	1.42858
-22.25	1.42857
-22.26	1.42856
-22.27	1.42855
-22.28	1.42854
-22.29	1.42853
-22.3	1.42853
-22.31	1.42852
-22.32	1.42851
-22.33	1.4285
-22.34	1.42849
-22.35	1.42848
-22.36	1.42847
-22.37	1.42846
-22.38	1.42845
-22.39	1.42844
-22.4	1.42843
-22.41	1.42843
-22.42	1.42842
-22.43	1.42841
-22.44	1.4284
-22.45	1.42839
-22.46	1.42838
-22.47	1.42837
-22.48	1.42836
-22.49	1.42835
-22.5	1.42835
-22.51	1.42834
-22.52	1.42833
-22.53	1.42832
-22.54	1.42831
-22.55	1.4283
-22.56	1.42829
-22.57	1.42828
-22.58	1.42827
-22.59	1.42827
-22.6	1.42826
-22.61	1.42825
-22.62	1.42824
-22.63	1.42823
-22.64	1.42822
-22.65	1.42821
-22.66	1.4282
-22.67	1.42819
-22.68	1.42819
-22.69	1.42818
-22.7	1.42817
-22.71	1.42816
-22.72	1.42815
-22.73	1.42814
-22.74	1.42813
-22.75	1.42813
-22.76	1.42812
-22.77	1.42811
-22.78	1.4281
-22.79	1.42809
-22.8	1.42808
-22.81	1.42807
-22.82	1.42806
-22.83	1.42806
-22.84	1.42805
-22.85	1.42804
-22.86	1.42803
-22.87	1.42802
-22.88	1.42801
-22.89	1.428
-22.9	1.428
-22.91	1.42799
-22.92	1.42798
-22.93	1.42797
-22.94	1.42796
-22.95	1.42795
-22.96	1.42794
-22.97	1.42794
-22.98	1.42793
-22.99	1.42792
-23	1.42791
-23.01	1.4279
-23.02	1.42789
-23.03	1.42788
-23.04	1.42788
-23.05	1.42787
-23.06	1.42786
-23.07	1.42785
-23.08	1.42784
-23.09	1.42783
-23.1	1.42782
-23.11	1.42782
-23.12	1.42781
-23.13	1.4278
-23.14	1.42779
-23.15	1.42778
-23.16	1.42777
-23.17	1.42777
-23.18	1.42776
-23.19	1.42775
-23.2	1.42774
-23.21	1.42773
-23.22	1.42772
-23.23	1.42772
-23.24	1.42771
-23.25	1.4277
-23.26	1.42769
-23.27	1.42768
-23.28	1.42767
-23.29	1.42767
-23.3	1.42766
-23.31	1.42765
-23.32	1.42764
-23.33	1.42763
-23.34	1.42762
-23.35	1.42762
-23.36	1.42761
-23.37	1.4276
-23.38	1.42759
-23.39	1.42758
-23.4	1.42757
-23.41	1.42757
-23.42	1.42756
-23.43	1.42755
-23.44	1.42754
-23.45	1.42753
-23.46	1.42753
-23.47	1.42752
-23.48	1.42751
-23.49	1.4275
-23.5	1.42749
-23.51	1.42748
-23.52	1.42748
-23.53	1.42747
-23.54	1.42746
-23.55	1.42745
-23.56	1.42744
-23.57	1.42744
-23.58	1.42743
-23.59	1.42742
-23.6	1.42741
-23.61	1.4274
-23.62	1.4274
-23.63	1.42739
-23.64	1.42738
-23.65	1.42737
-23.66	1.42736
-23.67	1.42736
-23.68	1.42735
-23.69	1.42734
-23.7	1.42733
-23.71	1.42732
-23.72	1.42731
-23.73	1.42731
-23.74	1.4273
-23.75	1.42729
-23.76	1.42728
-23.77	1.42727
-23.78	1.42727
-23.79	1.42726
-23.8	1.42725
-23.81	1.42724
-23.82	1.42724
-23.83	1.42723
-23.84	1.42722
-23.85	1.42721
-23.86	1.4272
-23.87	1.4272
-23.88	1.42719
-23.89	1.42718
-23.9	1.42717
-23.91	1.42716
-23.92	1.42716
-23.93	1.42715
-23.94	1.42714
-23.95	1.42713
-23.96	1.42712
-23.97	1.42712
-23.98	1.42711
-23.99	1.4271
-24	1.42709
-24.01	1.42709
-24.02	1.42708
-24.03	1.42707
-24.04	1.42706
-24.05	1.42705
-24.06	1.42705
-24.07	1.42704
-24.08	1.42703
-24.09	1.42702
-24.1	1.42702
-24.11	1.42701
-24.12	1.427
-24.13	1.42699
-24.14	1.42698
-24.15	1.42698
-24.16	1.42697
-24.17	1.42696
-24.18	1.42695
-24.19	1.42695
-24.2	1.42694
-24.21	1.42693
-24.22	1.42692
-24.23	1.42692
-24.24	1.42691
-24.25	1.4269
-24.26	1.42689
-24.27	1.42688
-24.28	1.42688
-24.29	1.42687
-24.3	1.42686
-24.31	1.42685
-24.32	1.42685
-24.33	1.42684
-24.34	1.42683
-24.35	1.42682
-24.36	1.42682
-24.37	1.42681
-24.38	1.4268
-24.39	1.42679
-24.4	1.42679
-24.41	1.42678
-24.42	1.42677
-24.43	1.42676
-24.44	1.42676
-24.45	1.42675
-24.46	1.42674
-24.47	1.42673
-24.48	1.42673
-24.49	1.42672
-24.5	1.42671
-24.51	1.4267
-24.52	1.4267
-24.53	1.42669
-24.54	1.42668
-24.55	1.42667
-24.56	1.42667
-24.57	1.42666
-24.58	1.42665
-24.59	1.42664
-24.6	1.42664
-24.61	1.42663
-24.62	1.42662
-24.63	1.42661
-24.64	1.42661
-24.65	1.4266
-24.66	1.42659
-24.67	1.42658
-24.68	1.42658
-24.69	1.42657
-24.7	1.42656
-24.71	1.42655
-24.72	1.42655
-24.73	1.42654
-24.74	1.42653
-24.75	1.42652
-24.76	1.42652
-24.77	1.42651
-24.78	1.4265
-24.79	1.4265
-24.8	1.42649
-24.81	1.42648
-24.82	1.42647
-24.83	1.42647
-24.84	1.42646
-24.85	1.42645
-24.86	1.42644
-24.87	1.42644
-24.88	1.42643
-24.89	1.42642
-24.9	1.42642
-24.91	1.42641
-24.92	1.4264
-24.93	1.42639
-24.94	1.42639
-24.95	1.42638
-24.96	1.42637
-24.97	1.42636
-24.98	1.42636
-24.99	1.42635
-25	1.42634
-25.01	1.42634
-25.02	1.42633
-25.03	1.42632
-25.04	1.42631
-25.05	1.42631
-25.06	1.4263
-25.07	1.42629
-25.08	1.42629
-25.09	1.42628
-25.1	1.42627
-25.11	1.42626
-25.12	1.42626
-25.13	1.42625
-25.14	1.42624
-25.15	1.42624
-25.16	1.42623
-25.17	1.42622
-25.18	1.42621
-25.19	1.42621
-25.2	1.4262
-25.21	1.42619
-25.22	1.42619
-25.23	1.42618
-25.24	1.42617
-25.25	1.42616
-25.26	1.42616
-25.27	1.42615
-25.28	1.42614
-25.29	1.42614
-25.3	1.42613
-25.31	1.42612
-25.32	1.42612
-25.33	1.42611
-25.34	1.4261
-25.35	1.42609
-25.36	1.42609
-25.37	1.42608
-25.38	1.42607
-25.39	1.42607
-25.4	1.42606
-25.41	1.42605
-25.42	1.42605
-25.43	1.42604
-25.44	1.42603
-25.45	1.42603
-25.46	1.42602
-25.47	1.42601
-25.48	1.426
-25.49	1.426
-25.5	1.42599
-25.51	1.42598
-25.52	1.42598
-25.53	1.42597
-25.54	1.42596
-25.55	1.42596
-25.56	1.42595
-25.57	1.42594
-25.58	1.42594
-25.59	1.42593
-25.6	1.42592
-25.61	1.42591
-25.62	1.42591
-25.63	1.4259
-25.64	1.42589
-25.65	1.42589
-25.66	1.42588
-25.67	1.42587
-25.68	1.42587
-25.69	1.42586
-25.7	1.42585
-25.71	1.42585
-25.72	1.42584
-25.73	1.42583
-25.74	1.42583
-25.75	1.42582
-25.76	1.42581
-25.77	1.42581
-25.78	1.4258
-25.79	1.42579
-25.8	1.42579
-25.81	1.42578
-25.82	1.42577
-25.83	1.42577
-25.84	1.42576
-25.85	1.42575
-25.86	1.42574
-25.87	1.42574
-25.88	1.42573
-25.89	1.42572
-25.9	1.42572
-25.91	1.42571
-25.92	1.4257
-25.93	1.4257
-25.94	1.42569
-25.95	1.42568
-25.96	1.42568
-25.97	1.42567
-25.98	1.42566
-25.99	1.42566
-26	1.42565
-26.01	1.42564
-26.02	1.42564
-26.03	1.42563
-26.04	1.42562
-26.05	1.42562
-26.06	1.42561
-26.07	1.4256
-26.08	1.4256
-26.09	1.42559
-26.1	1.42559
-26.11	1.42558
-26.12	1.42557
-26.13	1.42557
-26.14	1.42556
-26.15	1.42555
-26.16	1.42555
-26.17	1.42554
-26.18	1.42553
-26.19	1.42553
-26.2	1.42552
-26.21	1.42551
-26.22	1.42551
-26.23	1.4255
-26.24	1.42549
-26.25	1.42549
-26.26	1.42548
-26.27	1.42547
-26.28	1.42547
-26.29	1.42546
-26.3	1.42545
-26.31	1.42545
-26.32	1.42544
-26.33	1.42543
-26.34	1.42543
-26.35	1.42542
-26.36	1.42542
-26.37	1.42541
-26.38	1.4254
-26.39	1.4254
-26.4	1.42539
-26.41	1.42538
-26.42	1.42538
-26.43	1.42537
-26.44	1.42536
-26.45	1.42536
-26.46	1.42535
-26.47	1.42534
-26.48	1.42534
-26.49	1.42533
-26.5	1.42533
-26.51	1.42532
-26.52	1.42531
-26.53	1.42531
-26.54	1.4253
-26.55	1.42529
-26.56	1.42529
-26.57	1.42528
-26.58	1.42527
-26.59	1.42527
-26.6	1.42526
-26.61	1.42526
-26.62	1.42525
-26.63	1.42524
-26.64	1.42524
-26.65	1.42523
-26.66	1.42522
-26.67	1.42522
-26.68	1.42521
-26.69	1.4252
-26.7	1.4252
-26.71	1.42519
-26.72	1.42519
-26.73	1.42518
-26.74	1.42517
-26.75	1.42517
-26.76	1.42516
-26.77	1.42515
-26.78	1.42515
-26.79	1.42514
-26.8	1.42514
-26.81	1.42513
-26.82	1.42512
-26.83	1.42512
-26.84	1.42511
-26.85	1.4251
-26.86	1.4251
-26.87	1.42509
-26.88	1.42509
-26.89	1.42508
-26.9	1.42507
-26.91	1.42507
-26.92	1.42506
-26.93	1.42505
-26.94	1.42505
-26.95	1.42504
-26.96	1.42504
-26.97	1.42503
-26.98	1.42502
-26.99	1.42502
-27	1.42501
-27.01	1.425
-27.02	1.425
-27.03	1.42499
-27.04	1.42499
-27.05	1.42498
-27.06	1.42497
-27.07	1.42497
-27.08	1.42496
-27.09	1.42496
-27.1	1.42495
-27.11	1.42494
-27.12	1.42494
-27.13	1.42493
-27.14	1.42493
-27.15	1.42492
-27.16	1.42491
-27.17	1.42491
-27.18	1.4249
-27.19	1.42489
-27.2	1.42489
-27.21	1.42488
-27.22	1.42488
-27.23	1.42487
-27.24	1.42486
-27.25	1.42486
-27.26	1.42485
-27.27	1.42485
-27.28	1.42484
-27.29	1.42483
-27.3	1.42483
-27.31	1.42482
-27.32	1.42482
-27.33	1.42481
-27.34	1.4248
-27.35	1.4248
-27.36	1.42479
-27.37	1.42479
-27.38	1.42478
-27.39	1.42477
-27.4	1.42477
-27.41	1.42476
-27.42	1.42476
-27.43	1.42475
-27.44	1.42474
-27.45	1.42474
-27.46	1.42473
-27.47	1.42473
-27.48	1.42472
-27.49	1.42471
-27.5	1.42471
-27.51	1.4247
-27.52	1.4247
-27.53	1.42469
-27.54	1.42469
-27.55	1.42468
-27.56	1.42467
-27.57	1.42467
-27.58	1.42466
-27.59	1.42466
-27.6	1.42465
-27.61	1.42464
-27.62	1.42464
-27.63	1.42463
-27.64	1.42463
-27.65	1.42462
-27.66	1.42461
-27.67	1.42461
-27.68	1.4246
-27.69	1.4246
-27.7	1.42459
-27.71	1.42458
-27.72	1.42458
-27.73	1.42457
-27.74	1.42457
-27.75	1.42456
-27.76	1.42456
-27.77	1.42455
-27.78	1.42454
-27.79	1.42454
-27.8	1.42453
-27.81	1.42453
-27.82	1.42452
-27.83	1.42452
-27.84	1.42451
-27.85	1.4245
-27.86	1.4245
-27.87	1.42449
-27.88	1.42449
-27.89	1.42448
-27.9	1.42447
-27.91	1.42447
-27.92	1.42446
-27.93	1.42446
-27.94	1.42445
-27.95	1.42445
-27.96	1.42444
-27.97	1.42443
-27.98	1.42443
-27.99	1.42442
-28	1.42442
-28.01	1.42441
-28.02	1.42441
-28.03	1.4244
-28.04	1.42439
-28.05	1.42439
-28.06	1.42438
-28.07	1.42438
-28.08	1.42437
-28.09	1.42437
-28.1	1.42436
-28.11	1.42435
-28.12	1.42435
-28.13	1.42434
-28.14	1.42434
-28.15	1.42433
-28.16	1.42433
-28.17	1.42432
-28.18	1.42431
-28.19	1.42431
-28.2	1.4243
-28.21	1.4243
-28.22	1.42429
-28.23	1.42429
-28.24	1.42428
-28.25	1.42428
-28.26	1.42427
-28.27	1.42426
-28.28	1.42426
-28.29	1.42425
-28.3	1.42425
-28.31	1.42424
-28.32	1.42424
-28.33	1.42423
-28.34	1.42422
-28.35	1.42422
-28.36	1.42421
-28.37	1.42421
-28.38	1.4242
-28.39	1.4242
-28.4	1.42419
-28.41	1.42419
-28.42	1.42418
-28.43	1.42417
-28.44	1.42417
-28.45	1.42416
-28.46	1.42416
-28.47	1.42415
-28.48	1.42415
-28.49	1.42414
-28.5	1.42414
-28.51	1.42413
-28.52	1.42412
-28.53	1.42412
-28.54	1.42411
-28.55	1.42411
-28.56	1.4241
-28.57	1.4241
-28.58	1.42409
-28.59	1.42409
-28.6	1.42408
-28.61	1.42408
-28.62	1.42407
-28.63	1.42406
-28.64	1.42406
-28.65	1.42405
-28.66	1.42405
-28.67	1.42404
-28.68	1.42404
-28.69	1.42403
-28.7	1.42403
-28.71	1.42402
-28.72	1.42402
-28.73	1.42401
-28.74	1.424
-28.75	1.424
-28.76	1.42399
-28.77	1.42399
-28.78	1.42398
-28.79	1.42398
-28.8	1.42397
-28.81	1.42397
-28.82	1.42396
-28.83	1.42396
-28.84	1.42395
-28.85	1.42395
-28.86	1.42394
-28.87	1.42393
-28.88	1.42393
-28.89	1.42392
-28.9	1.42392
-28.91	1.42391
-28.92	1.42391
-28.93	1.4239
-28.94	1.4239
-28.95	1.42389
-28.96	1.42389
-28.97	1.42388
-28.98	1.42388
-28.99	1.42387
-29	1.42386
-29.01	1.42386
-29.02	1.42385
-29.03	1.42385
-29.04	1.42384
-29.05	1.42384
-29.06	1.42383
-29.07	1.42383
-29.08	1.42382
-29.09	1.42382
-29.1	1.42381
-29.11	1.42381
-29.12	1.4238
-29.13	1.4238
-29.14	1.42379
-29.15	1.42378
-29.16	1.42378
-29.17	1.42377
-29.18	1.42377
-29.19	1.42376
-29.2	1.42376
-29.21	1.42375
-29.22	1.42375
-29.23	1.42374
-29.24	1.42374
-29.25	1.42373
-29.26	1.42373
-29.27	1.42372
-29.28	1.42372
-29.29	1.42371
-29.3	1.42371
-29.31	1.4237
-29.32	1.4237
-29.33	1.42369
-29.34	1.42369
-29.35	1.42368
-29.36	1.42367
-29.37	1.42367
-29.38	1.42366
-29.39	1.42366
-29.4	1.42365
-29.41	1.42365
-29.42	1.42364
-29.43	1.42364
-29.44	1.42363
-29.45	1.42363
-29.46	1.42362
-29.47	1.42362
-29.48	1.42361
-29.49	1.42361
-29.5	1.4236
-29.51	1.4236
-29.52	1.42359
-29.53	1.42359
-29.54	1.42358
-29.55	1.42358
-29.56	1.42357
-29.57	1.42357
-29.58	1.42356
-29.59	1.42356
-29.6	1.42355
-29.61	1.42355
-29.62	1.42354
-29.63	1.42354
-29.64	1.42353
-29.65	1.42353
-29.66	1.42352
-29.67	1.42352
-29.68	1.42351
-29.69	1.42351
-29.7	1.4235
-29.71	1.4235
-29.72	1.42349
-29.73	1.42348
-29.74	1.42348
-29.75	1.42347
-29.76	1.42347
-29.77	1.42346
-29.78	1.42346
-29.79	1.42345
-29.8	1.42345
-29.81	1.42344
-29.82	1.42344
-29.83	1.42343
-29.84	1.42343
-29.85	1.42342
-29.86	1.42342
-29.87	1.42341
-29.88	1.42341
-29.89	1.4234
-29.9	1.4234
-29.91	1.42339
-29.92	1.42339
-29.93	1.42338
-29.94	1.42338
-29.95	1.42337
-29.96	1.42337
-29.97	1.42336
-29.98	1.42336
-29.99	1.42335
-30	1.42335
